    0.00    844.958     -0.035    680.090      0.001     -0.005     -0.001      0.012     -0.009      0.022      0.001     -0.005     -0.001 
    0.01    844.997     -0.034    679.808      0.001     -0.001     -0.001      0.008     -0.009     -0.206      0.001     -0.001     -0.001 
    0.02    845.108     -0.031    678.985      0.001      0.009     -0.001     -0.003     -0.008     -0.877      0.001      0.009     -0.001 
    0.03    845.289     -0.025    677.626      0.000      0.026     -0.001     -0.023     -0.006     -1.986      0.000      0.026     -0.001 
    0.04    845.538     -0.016    675.752      0.000      0.050     -0.001     -0.051     -0.002     -3.515      0.000      0.050     -0.001 
    0.05    845.856     -0.005    673.389     -0.000      0.079     -0.001     -0.086      0.003     -5.439     -0.000      0.079     -0.001 
    0.06    846.242      0.009    670.567     -0.001      0.115     -0.001     -0.126      0.009     -7.729     -0.001      0.115     -0.001 
    0.07    846.696      0.026    667.323     -0.002      0.158     -0.001     -0.171      0.017    -10.351     -0.002      0.158     -0.001 
    0.08    847.215      0.046    663.699     -0.003      0.205     -0.001     -0.218      0.027    -13.267     -0.003      0.205     -0.001 
    0.09    847.795      0.068    659.742     -0.004      0.259     -0.001     -0.266      0.039    -16.437     -0.004      0.259     -0.001 
    0.10    848.432      0.094    655.502     -0.005      0.317     -0.001     -0.313      0.053    -19.817     -0.005      0.317     -0.001 
