    0.00    0.1     0.05   0.445      0.001     -0.005     -0.001    
    0.01    0.5     0.10   0.449      0.001     -0.001     -0.001    
    0.02    0.7     0.50   0.457      0.001      0.009     -0.001    
    0.03    1.0     0.75   0.460      0.000      0.026     -0.001    
    0.04    1.2     1.00   0.450      0.000      0.050     -0.001    
    0.05    1.4     1.15   0.417     -0.000      0.079     -0.001   
    0.06    1.7     1.35   0.347     -0.001      0.115     -0.001   
    0.07    2.0     1.55   0.227     -0.002      0.158     -0.001    
    0.08    2.5     1.75   0.226     -0.003      0.205     -0.001    
    0.09    2.7     1.85   0.225     -0.004      0.259     -0.001    
    0.10    3.0     2.00   0.221     -0.005      0.317     -0.001
