    0.00    0.012     -0.009      0.022      0.001     -0.005     -0.001 
    0.01    0.008     -0.009     -0.206      0.001     -0.001     -0.001 
    0.02   -0.003     -0.008     -0.877      0.001      0.009     -0.001 
    0.03   -0.023     -0.006     -1.986      0.000      0.026     -0.001 
    0.04   -0.051     -0.002     -3.515      0.000      0.050     -0.001 
    0.05   -0.086      0.003     -5.439     -0.000      0.079     -0.001 
    0.06   -0.126      0.009     -7.729     -0.001      0.115     -0.001 
    0.07   -0.171      0.017    -10.351     -0.002      0.158     -0.001 
    0.08   -0.218      0.027    -13.267     -0.003      0.205     -0.001 
    0.09   -0.266      0.039    -16.437     -0.004      0.259     -0.001 
    0.10   -0.313      0.053    -19.817     -0.005      0.317     -0.001 
