 Knots U 
0 0 0 0 0.100533 0.199843 0.299947 0.400676 0.501059 0.600929 0.700753 0.799403 0.898944 1 1 1 1 
 Knots V 
0 0 0 0 0.1 0.2 0.3 0.4 0.5 0.6 0.7 0.8 0.9 1 1 1 1 
 Poles & Weights 
( -72.898 55.9391 -1.99997 1 ) ( -72.8782 55.9517 -1.99734 1 ) ( -72.7081 56.077 -2.00087 1 ) ( -72.5433 56.1592 -1.96992 1 ) ( -72.3411 56.223 -1.90763 1 ) ( -72.1436 56.2534 -1.83767 1 ) ( -71.9445 56.2544 -1.76195 1 ) ( -71.7527 56.2097 -1.68189 1 ) ( -71.5695 56.1504 -1.59328 1 ) ( -71.3999 56.0511 -1.49685 1 ) ( -71.2784 55.9325 -1.42073 1 ) ( -71.1536 55.7844 -1.33742 1 ) ( -71.1395 55.7655 -1.32766 1 ) 
( -72.8727 55.9164 -2.0481 1 ) ( -72.853 55.929 -2.04544 1 ) ( -72.6832 56.0542 -2.04845 1 ) ( -72.5188 56.1364 -2.01725 1 ) ( -72.3171 56.2002 -1.95479 1 ) ( -72.1201 56.2308 -1.88459 1 ) ( -71.9214 56.2319 -1.80856 1 ) ( -71.7301 56.1876 -1.72812 1 ) ( -71.5474 56.1287 -1.6392 1 ) ( -71.3783 56.0298 -1.54241 1 ) ( -71.257 55.9117 -1.46592 1 ) ( -71.1325 55.7642 -1.38218 1 ) ( -71.1184 55.7455 -1.37236 1 ) 
( -72.6486 55.7148 -2.47503 1 ) ( -72.6292 55.7274 -2.47209 1 ) ( -72.4629 55.8518 -2.47054 1 ) ( -72.3019 55.934 -2.43715 1 ) ( -72.1042 55.9984 -2.37308 1 ) ( -71.9113 56.0297 -2.30081 1 ) ( -71.7168 56.0324 -2.22201 1 ) ( -71.5295 55.9919 -2.13826 1 ) ( -71.3515 55.9358 -2.04654 1 ) ( -71.1864 55.8404 -1.94661 1 ) ( -71.0673 55.7271 -1.86682 1 ) ( -70.9448 55.5857 -1.77923 1 ) ( -70.9308 55.5677 -1.76891 1 ) 
( -72.452 55.5379 -2.84962 1 ) ( -72.433 55.5504 -2.84644 1 ) ( -72.2696 55.6742 -2.84088 1 ) ( -72.1115 55.7564 -2.80557 1 ) ( -71.9175 55.8212 -2.74009 1 ) ( -71.728 55.8532 -2.666 1 ) ( -71.5372 55.8573 -2.58477 1 ) ( -71.3536 55.8202 -2.49812 1 ) ( -71.1795 55.7666 -2.40395 1 ) ( -71.018 55.6743 -2.30126 1 ) ( -70.9008 55.5652 -2.21858 1 ) ( -70.7801 55.429 -2.12761 1 ) ( -70.7663 55.4117 -2.11685 1 ) 
( -72.218 55.3274 -3.29542 1 ) ( -72.1994 55.3399 -3.29193 1 ) ( -72.0395 55.4628 -3.28161 1 ) ( -71.885 55.5451 -3.24401 1 ) ( -71.6953 55.6105 -3.17686 1 ) ( -71.51 55.6432 -3.10061 1 ) ( -71.3236 55.649 -3.01649 1 ) ( -71.1442 55.6158 -2.92638 1 ) ( -70.9749 55.5653 -2.82928 1 ) ( -70.8176 55.4766 -2.72331 1 ) ( -70.7027 55.3725 -2.63718 1 ) ( -70.5841 55.2425 -2.54219 1 ) ( -70.5705 55.226 -2.53091 1 ) 
( -71.9939 55.1259 -3.72222 1 ) ( -71.9757 55.1383 -3.71846 1 ) ( -71.8193 55.2605 -3.70357 1 ) ( -71.6681 55.3427 -3.66379 1 ) ( -71.4825 55.4087 -3.59503 1 ) ( -71.3012 55.4421 -3.5167 1 ) ( -71.119 55.4495 -3.42982 1 ) ( -70.9437 55.4201 -3.3364 1 ) ( -70.779 55.3725 -3.2365 1 ) ( -70.6258 55.2873 -3.12739 1 ) ( -70.5131 55.188 -3.03796 1 ) ( -70.3965 55.064 -2.93912 1 ) ( -70.383 55.0483 -2.92734 1 ) 
( -71.7674 54.9221 -4.15378 1 ) ( -71.7496 54.9345 -4.14973 1 ) ( -71.5965 55.0559 -4.13022 1 ) ( -71.4488 55.1382 -4.08823 1 ) ( -71.2673 55.2046 -4.01785 1 ) ( -71.0902 55.2388 -3.93742 1 ) ( -70.9121 55.2478 -3.84775 1 ) ( -70.741 55.2223 -3.75098 1 ) ( -70.581 55.1776 -3.64825 1 ) ( -70.4318 55.0959 -3.53596 1 ) ( -70.3213 55.0015 -3.4432 1 ) ( -70.2067 54.8835 -3.34047 1 ) ( -70.1935 54.8686 -3.32818 1 ) 
( -71.5408 54.7183 -4.58533 1 ) ( -71.5235 54.7307 -4.581 1 ) ( -71.3738 54.8513 -4.55688 1 ) ( -71.2294 54.9336 -4.51267 1 ) ( -71.0522 55.0006 -4.44067 1 ) ( -70.8791 55.0356 -4.35815 1 ) ( -70.7053 55.0461 -4.26567 1 ) ( -70.5383 55.0245 -4.16556 1 ) ( -70.3829 54.9827 -4.06 1 ) ( -70.2378 54.9045 -3.94452 1 ) ( -70.1296 54.8149 -3.84843 1 ) ( -70.017 54.703 -3.74181 1 ) ( -70.0039 54.6889 -3.72901 1 ) 
( -71.3168 54.5168 -5.01215 1 ) ( -71.2999 54.5291 -5.00753 1 ) ( -71.1535 54.649 -4.97885 1 ) ( -71.0125 54.7313 -4.93245 1 ) ( -70.8394 54.7988 -4.85885 1 ) ( -70.6703 54.8345 -4.77424 1 ) ( -70.5007 54.8466 -4.679 1 ) ( -70.3378 54.8288 -4.57557 1 ) ( -70.187 54.7899 -4.46722 1 ) ( -70.046 54.7152 -4.3486 1 ) ( -69.9399 54.6304 -4.24921 1 ) ( -69.8294 54.5245 -4.13873 1 ) ( -69.8164 54.5111 -4.12544 1 ) 
( -71.0827 54.3064 -5.45795 1 ) ( -71.0663 54.3186 -5.45304 1 ) ( -70.9235 54.4376 -5.41958 1 ) ( -70.786 54.5199 -5.3709 1 ) ( -70.6172 54.588 -5.29562 1 ) ( -70.4523 54.6245 -5.20885 1 ) ( -70.287 54.6382 -5.11072 1 ) ( -70.1284 54.6245 -5.00383 1 ) ( -69.9824 54.5886 -4.89255 1 ) ( -69.8456 54.5175 -4.77065 1 ) ( -69.7419 54.4377 -4.66781 1 ) ( -69.6334 54.3381 -4.55332 1 ) ( -69.6206 54.3255 -4.5395 1 ) 
( -70.8861 54.1295 -5.83255 1 ) ( -70.87 54.1417 -5.82739 1 ) ( -70.7302 54.26 -5.78993 1 ) ( -70.5956 54.3424 -5.73933 1 ) ( -70.4304 54.4109 -5.66264 1 ) ( -70.269 54.4481 -5.57404 1 ) ( -70.1075 54.4632 -5.47349 1 ) ( -69.9524 54.4527 -5.36369 1 ) ( -69.8105 54.4194 -5.24995 1 ) ( -69.6772 54.3514 -5.12529 1 ) ( -69.5754 54.2758 -5.01956 1 ) ( -69.4687 54.1814 -4.90168 1 ) ( -69.4561 54.1695 -4.88742 1 ) 
( -70.662 53.9279 -6.25949 1 ) ( -70.6463 53.9401 -6.25405 1 ) ( -70.5098 54.0577 -6.21202 1 ) ( -70.3787 54.14 -6.15923 1 ) ( -70.2176 54.2091 -6.08093 1 ) ( -70.0602 54.2469 -5.99026 1 ) ( -69.9028 54.2636 -5.88694 1 ) ( -69.7519 54.257 -5.77383 1 ) ( -69.6145 54.2265 -5.65729 1 ) ( -69.4853 54.162 -5.52948 1 ) ( -69.3857 54.0913 -5.42045 1 ) ( -69.281 54.0028 -5.29873 1 ) ( -69.2685 53.9917 -5.28396 1 ) 
( -70.6367 53.9052 -6.30762 1 ) ( -70.6211 53.9174 -6.30215 1 ) ( -70.485 54.0348 -6.25961 1 ) ( -70.3542 54.1172 -6.20657 1 ) ( -70.1936 54.1863 -6.12809 1 ) ( -70.0367 54.2243 -6.03718 1 ) ( -69.8797 54.2411 -5.93355 1 ) ( -69.7293 54.2349 -5.82007 1 ) ( -69.5924 54.2048 -5.70321 1 ) ( -69.4637 54.1407 -5.57505 1 ) ( -69.3643 54.0705 -5.46565 1 ) ( -69.2598 53.9827 -5.34349 1 ) ( -69.2474 53.9716 -5.32867 1 ) 
