 Knots U 
0 0 0 0 0.100053 0.201621 0.304692 0.407476 0.510293 0.615679 0.719895 0.816492 0.908517 1 1 1 1 
 Knots V 
0 0 0 0 0.0506475 0.100554 0.150018 0.200191 0.250952 0.301649 0.352198 0.402619 0.453052 0.503625 0.55423 0.604662 0.655383 0.707436 0.759676 0.810816 0.859577 0.906167 0.953279 1 1 1 1 
 Poles & Weights 
( -73.9752 45.95 -8.44947 1 ) ( -73.9534 45.9527 -8.44245 1 ) ( -73.7475 45.927 -8.3939 1 ) ( -73.5713 45.8926 -8.35866 1 ) ( -73.3568 45.8774 -8.30817 1 ) ( -73.157 45.9023 -8.24635 1 ) ( -72.978 45.9841 -8.16375 1 ) ( -72.8188 46.0859 -8.06873 1 ) ( -72.665 46.1683 -7.96533 1 ) ( -72.4852 46.241 -7.85598 1 ) ( -72.3138 46.2872 -7.78831 1 ) ( -72.1253 46.3462 -7.72083 1 ) ( -72.1059 46.3566 -7.70901 1 ) 
( -73.9702 45.9826 -8.4601 1 ) ( -73.9484 45.9853 -8.45271 1 ) ( -73.7431 45.9601 -8.40028 1 ) ( -73.5676 45.9267 -8.36152 1 ) ( -73.3541 45.9126 -8.307 1 ) ( -73.155 45.9385 -8.24164 1 ) ( -72.9764 46.0211 -8.15599 1 ) ( -72.8176 46.1235 -8.05811 1 ) ( -72.6642 46.2069 -7.95191 1 ) ( -72.4853 46.2808 -7.84022 1 ) ( -72.3152 46.3284 -7.77083 1 ) ( -72.1285 46.389 -7.70104 1 ) ( -72.1093 46.3996 -7.68901 1 ) 
( -73.937 46.2759 -8.50788 1 ) ( -73.9155 46.2785 -8.49826 1 ) ( -73.7146 46.2567 -8.42071 1 ) ( -73.5441 46.2305 -8.35879 1 ) ( -73.3368 46.2248 -8.27811 1 ) ( -73.1428 46.2584 -8.19049 1 ) ( -72.9668 46.3461 -8.08697 1 ) ( -72.8098 46.4535 -7.97263 1 ) ( -72.6594 46.5435 -7.8502 1 ) ( -72.487 46.6277 -7.72701 1 ) ( -72.326 46.6859 -7.65019 1 ) ( -72.1543 46.7589 -7.56856 1 ) ( -72.1364 46.7708 -7.55576 1 ) 
( -73.9003 46.5298 -8.5794 1 ) ( -73.879 46.5324 -8.56773 1 ) ( -73.6823 46.5147 -8.46724 1 ) ( -73.5166 46.496 -8.3842 1 ) ( -73.315 46.499 -8.27963 1 ) ( -73.1258 46.5404 -8.17163 1 ) ( -72.9522 46.634 -8.05167 1 ) ( -72.7971 46.7468 -7.92215 1 ) ( -72.6495 46.8439 -7.78476 1 ) ( -72.4831 46.9383 -7.65082 1 ) ( -72.3305 47.007 -7.56696 1 ) ( -72.1724 47.0923 -7.4743 1 ) ( -72.1559 47.1054 -7.46075 1 ) 
( -73.8505 46.8251 -8.68949 1 ) ( -73.8294 46.828 -8.67585 1 ) ( -73.6371 46.8166 -8.55226 1 ) ( -73.4767 46.8079 -8.44771 1 ) ( -73.2816 46.8226 -8.31902 1 ) ( -73.0977 46.8748 -8.19094 1 ) ( -72.9266 46.9766 -8.05571 1 ) ( -72.7733 47.0973 -7.91229 1 ) ( -72.6286 47.204 -7.76112 1 ) ( -72.469 47.3121 -7.61887 1 ) ( -72.326 47.3945 -7.53045 1 ) ( -72.1837 47.4956 -7.42884 1 ) ( -72.1686 47.5105 -7.41492 1 ) 
( -73.8034 47.1043 -8.79165 1 ) ( -73.7823 47.1074 -8.77721 1 ) ( -73.5926 47.1026 -8.64106 1 ) ( -73.4358 47.104 -8.52424 1 ) ( -73.2451 47.1304 -8.38228 1 ) ( -73.0645 47.1934 -8.24443 1 ) ( -72.8941 47.3037 -8.10422 1 ) ( -72.7409 47.4325 -7.95679 1 ) ( -72.5974 47.549 -7.80142 1 ) ( -72.4424 47.6707 -7.66109 1 ) ( -72.3071 47.7667 -7.57666 1 ) ( -72.1781 47.8835 -7.47571 1 ) ( -72.1642 47.9 -7.46253 1 ) 
( -73.7556 47.3851 -8.89461 1 ) ( -73.7344 47.3885 -8.87963 1 ) ( -73.5457 47.3905 -8.73327 1 ) ( -73.391 47.4023 -8.60622 1 ) ( -73.2032 47.4408 -8.4534 1 ) ( -73.0244 47.5149 -8.30811 1 ) ( -72.853 47.6341 -8.16537 1 ) ( -72.6984 47.7712 -8.01629 1 ) ( -72.5546 47.8977 -7.85901 1 ) ( -72.4025 48.0335 -7.72318 1 ) ( -72.2735 48.1433 -7.64494 1 ) ( -72.1563 48.2762 -7.54706 1 ) ( -72.1435 48.2944 -7.5349 1 ) 
( -73.7067 47.6658 -9.00114 1 ) ( -73.6851 47.6695 -8.98534 1 ) ( -73.4957 47.6784 -8.82624 1 ) ( -73.3417 47.7006 -8.68676 1 ) ( -73.1549 47.7512 -8.52048 1 ) ( -72.9761 47.8365 -8.36528 1 ) ( -72.802 47.9645 -8.21745 1 ) ( -72.6441 48.11 -8.06429 1 ) ( -72.4984 48.2467 -7.90272 1 ) ( -72.3475 48.3965 -7.76879 1 ) ( -72.2231 48.5202 -7.69454 1 ) ( -72.1161 48.6692 -7.59729 1 ) ( -72.1041 48.6891 -7.58586 1 ) 
( -73.6578 47.9472 -9.10655 1 ) ( -73.6357 47.9511 -9.08991 1 ) ( -73.444 47.9666 -8.91788 1 ) ( -73.2894 47.9987 -8.76579 1 ) ( -73.102 48.0611 -8.58587 1 ) ( -72.9219 48.1571 -8.42055 1 ) ( -72.7435 48.2935 -8.26746 1 ) ( -72.581 48.447 -8.11001 1 ) ( -72.4318 48.5933 -7.94399 1 ) ( -72.2804 48.7567 -7.81176 1 ) ( -72.1594 48.894 -7.74134 1 ) ( -72.0611 49.0587 -7.64454 1 ) ( -72.0498 49.0802 -7.63384 1 ) 
( -73.6082 48.2283 -9.21339 1 ) ( -73.5854 48.2325 -9.19608 1 ) ( -73.3905 48.2538 -9.01251 1 ) ( -73.2342 48.2955 -8.84904 1 ) ( -73.0453 48.369 -8.6569 1 ) ( -72.8627 48.4752 -8.48287 1 ) ( -72.6788 48.6194 -8.32594 1 ) ( -72.5106 48.7804 -8.16562 1 ) ( -72.357 48.9358 -7.99648 1 ) ( -72.204 49.1122 -7.86745 1 ) ( -72.0854 49.2626 -7.80214 1 ) ( -71.9947 49.4424 -7.7072 1 ) ( -71.9839 49.4655 -7.69738 1 ) 
( -73.5581 48.509 -9.32127 1 ) ( -73.5346 48.5133 -9.3037 1 ) ( -73.3356 48.5396 -9.11236 1 ) ( -73.1771 48.59 -8.94076 1 ) ( -72.9858 48.6736 -8.74026 1 ) ( -72.7999 48.7892 -8.56124 1 ) ( -72.6099 48.9403 -8.40431 1 ) ( -72.4352 49.1078 -8.24481 1 ) ( -72.2764 49.2715 -8.07613 1 ) ( -72.1211 49.4599 -7.95426 1 ) ( -72.0042 49.6226 -7.89742 1 ) ( -71.9204 49.8165 -7.80803 1 ) ( -71.9101 49.8412 -7.79954 1 ) 
( -73.5078 48.7887 -9.42956 1 ) ( -73.4835 48.7929 -9.41208 1 ) ( -73.28 48.8234 -9.21604 1 ) ( -73.119 48.8819 -9.03898 1 ) ( -72.9248 48.975 -8.83328 1 ) ( -72.7353 49.099 -8.65232 1 ) ( -72.5387 49.2562 -8.49849 1 ) ( -72.3571 49.4295 -8.3428 1 ) ( -72.1928 49.6008 -8.17749 1 ) ( -72.0346 49.8004 -8.06599 1 ) ( -71.9191 49.9746 -8.02033 1 ) ( -71.8417 50.182 -7.93948 1 ) ( -71.8318 50.208 -7.93267 1 ) 
( -73.4573 49.0676 -9.53832 1 ) ( -73.4322 49.0719 -9.52107 1 ) ( -73.2241 49.1062 -9.32145 1 ) ( -73.0604 49.1725 -9.13991 1 ) ( -72.8632 49.2746 -8.93016 1 ) ( -72.6699 49.4069 -8.74835 1 ) ( -72.4666 49.5698 -8.59876 1 ) ( -72.278 49.7485 -8.44798 1 ) ( -72.1081 49.9271 -8.28709 1 ) ( -71.9469 50.1376 -8.18712 1 ) ( -71.8326 50.3229 -8.15363 1 ) ( -71.7616 50.5435 -8.0824 1 ) ( -71.752 50.5709 -8.07741 1 ) 
( -73.406 49.348 -9.64855 1 ) ( -73.3801 49.3522 -9.63146 1 ) ( -73.1676 49.3903 -9.42771 1 ) ( -73.0014 49.4643 -9.2412 1 ) ( -72.8015 49.5753 -9.02683 1 ) ( -72.6046 49.7156 -8.84366 1 ) ( -72.3948 49.8842 -8.69779 1 ) ( -72.1993 50.0683 -8.55144 1 ) ( -72.0239 50.254 -8.3945 1 ) ( -71.86 50.4752 -8.30557 1 ) ( -71.7471 50.6717 -8.28385 1 ) ( -71.6827 50.9053 -8.2218 1 ) ( -71.6735 50.9341 -8.21857 1 ) 
( -73.3544 49.6312 -9.75921 1 ) ( -73.3278 49.6354 -9.74203 1 ) ( -73.1112 49.6782 -9.53196 1 ) ( -72.9428 49.7607 -9.33857 1 ) ( -72.7405 49.8815 -9.11733 1 ) ( -72.5404 50.0309 -8.93065 1 ) ( -72.3244 50.206 -8.78634 1 ) ( -72.1224 50.3963 -8.64234 1 ) ( -71.9418 50.5899 -8.48733 1 ) ( -71.7756 50.8229 -8.40728 1 ) ( -71.6645 51.0314 -8.39551 1 ) ( -71.6071 51.279 -8.34059 1 ) ( -71.5984 51.3092 -8.33889 1 ) 
( -73.3049 49.908 -9.86522 1 ) ( -73.2776 49.9126 -9.84773 1 ) ( -73.0571 49.9631 -9.62941 1 ) ( -72.8866 50.0567 -9.4275 1 ) ( -72.6821 50.1905 -9.19742 1 ) ( -72.4788 50.3518 -9.00523 1 ) ( -72.2569 50.5367 -8.86032 1 ) ( -72.0486 50.7362 -8.71653 1 ) ( -71.863 50.9407 -8.56141 1 ) ( -71.6946 51.1886 -8.48779 1 ) ( -71.5853 51.4117 -8.48383 1 ) ( -71.5347 51.6761 -8.43379 1 ) ( -71.5264 51.7081 -8.43333 1 ) 
( -73.2544 50.1836 -9.97175 1 ) ( -73.2264 50.1887 -9.95398 1 ) ( -73.0023 50.2473 -9.72769 1 ) ( -72.8299 50.3522 -9.51751 1 ) ( -72.6235 50.4993 -9.27888 1 ) ( -72.4174 50.6729 -9.08148 1 ) ( -72.1898 50.8678 -8.93627 1 ) ( -71.9755 51.0768 -8.793 1 ) ( -71.7852 51.2925 -8.63805 1 ) ( -71.6149 51.5556 -8.57119 1 ) ( -71.5076 51.7936 -8.57532 1 ) ( -71.4642 52.0752 -8.53046 1 ) ( -71.4565 52.109 -8.53128 1 ) 
( -73.2067 50.4638 -10.0749 1 ) ( -73.178 50.469 -10.0572 1 ) ( -72.9502 50.5328 -9.82609 1 ) ( -72.776 50.6465 -9.61033 1 ) ( -72.5675 50.804 -9.36635 1 ) ( -72.3586 50.987 -9.16682 1 ) ( -72.1253 51.1889 -9.02447 1 ) ( -71.905 51.4047 -8.88478 1 ) ( -71.71 51.6288 -8.73297 1 ) ( -71.5376 51.9041 -8.67616 1 ) ( -71.4324 52.1544 -8.69119 1 ) ( -71.3962 52.4503 -8.65458 1 ) ( -71.3889 52.4856 -8.65705 1 ) 
( -73.159 50.7448 -10.178 1 ) ( -73.1297 50.7495 -10.1609 1 ) ( -72.8986 50.8138 -9.92953 1 ) ( -72.7227 50.9324 -9.71221 1 ) ( -72.5125 51.0953 -9.46762 1 ) ( -72.301 51.2831 -9.27055 1 ) ( -72.0623 51.4873 -9.13577 1 ) ( -71.8362 51.7051 -9.00422 1 ) ( -71.6367 51.9332 -8.85994 1 ) ( -71.4627 52.2157 -8.81805 1 ) ( -71.3597 52.4741 -8.8481 1 ) ( -71.3309 52.7797 -8.82429 1 ) ( -71.3241 52.8159 -8.82894 1 ) 
( -73.084 51.0117 -10.3181 1 ) ( -73.0543 51.0154 -10.3024 1 ) ( -72.8222 51.0743 -10.0772 1 ) ( -72.6469 51.1929 -9.86371 1 ) ( -72.4377 51.3557 -9.62504 1 ) ( -72.2262 51.5428 -9.437 1 ) ( -71.9844 51.7435 -9.31695 1 ) ( -71.7548 51.9578 -9.20051 1 ) ( -71.553 52.1845 -9.07049 1 ) ( -71.3801 52.4686 -9.05151 1 ) ( -71.2821 52.7305 -9.10356 1 ) ( -71.264 53.0407 -9.09993 1 ) ( -71.2581 53.0773 -9.10771 1 ) 
( -73.1035 51.3474 -10.3265 1 ) ( -73.0726 51.3479 -10.3139 1 ) ( -72.8321 51.3826 -10.1113 1 ) ( -72.6507 51.484 -9.91642 1 ) ( -72.4344 51.6262 -9.70073 1 ) ( -72.2152 51.793 -9.53756 1 ) ( -71.9631 51.9706 -9.44741 1 ) ( -71.7231 52.1624 -9.36059 1 ) ( -71.5122 52.3691 -9.25892 1 ) ( -71.3321 52.6334 -9.27706 1 ) ( -71.2312 52.8802 -9.36266 1 ) ( -71.2142 53.1746 -9.3927 1 ) ( -71.2081 53.2091 -9.40509 1 ) 
( -73.0147 51.5392 -10.4784 1 ) ( -72.9837 51.5375 -10.4684 1 ) ( -72.745 51.5574 -10.2836 1 ) ( -72.5663 51.6502 -10.1027 1 ) ( -72.3535 51.7821 -9.90482 1 ) ( -72.1368 51.9385 -9.76191 1 ) ( -71.8845 52.1027 -9.69757 1 ) ( -71.6438 52.2815 -9.63651 1 ) ( -71.4333 52.4775 -9.55942 1 ) ( -71.2569 52.7328 -9.61132 1 ) ( -71.1627 52.974 -9.72792 1 ) ( -71.1582 53.2629 -9.78836 1 ) ( -71.1531 53.2965 -9.80504 1 ) 
( -72.9798 51.5267 -10.528 1 ) ( -72.949 51.5252 -10.5179 1 ) ( -72.7129 51.5473 -10.3319 1 ) ( -72.5366 51.6425 -10.1498 1 ) ( -72.3267 51.7774 -9.95069 1 ) ( -72.1127 51.9364 -9.80693 1 ) ( -71.8628 52.1031 -9.74234 1 ) ( -71.6242 52.2843 -9.68114 1 ) ( -71.4161 52.4829 -9.60387 1 ) ( -71.2426 52.7413 -9.6564 1 ) ( -71.1514 52.9854 -9.77383 1 ) ( -71.1507 53.2777 -9.83471 1 ) ( -71.1461 53.3116 -9.85153 1 ) 
