 Knots U 
0 0 0 0 0.0499604 0.099979 0.149975 0.19996 0.249978 0.3 0.350011 0.400025 0.450042 0.50005 0.550056 0.600085 0.650105 0.700118 0.750134 0.800139 0.85014 0.900202 0.950119 1 1 1 1 
 Knots V 
0 0 0 0 0.110423 0.220689 0.327616 0.401402 0.482974 0.569332 0.673366 0.782505 0.891184 1 1 1 1 
 Poles & Weights 
( -74.5805 53.6264 -12.4467 1 ) ( -74.6267 53.6275 -12.4463 1 ) ( -75.0135 53.7299 -12.4794 1 ) ( -75.3586 53.7953 -12.495 1 ) ( -75.7652 53.8928 -12.5167 1 ) ( -76.1474 54.0119 -12.5435 1 ) ( -76.5459 54.0888 -12.5511 1 ) ( -76.9396 54.1793 -12.5607 1 ) ( -77.3329 54.274 -12.5679 1 ) ( -77.727 54.3648 -12.5697 1 ) ( -78.1244 54.442 -12.5635 1 ) ( -78.5115 54.5605 -12.5678 1 ) ( -78.9043 54.656 -12.5606 1 ) ( -79.3006 54.7369 -12.5448 1 ) ( -79.6935 54.8311 -12.5301 1 ) ( -80.087 54.9233 -12.5115 1 ) ( -80.4804 55.0133 -12.4886 1 ) ( -80.875 55.1028 -12.4611 1 ) ( -81.2638 55.1935 -12.4295 1 ) ( -81.6672 55.3034 -12.4032 1 ) ( -82.0059 55.3997 -12.3775 1 ) ( -82.3897 55.4465 -12.26 1 ) ( -82.4322 55.453 -12.2485 1 ) 
( -74.7244 53.6229 -12.3992 1 ) ( -74.77 53.6225 -12.3978 1 ) ( -75.1504 53.7183 -12.4286 1 ) ( -75.4897 53.7776 -12.4458 1 ) ( -75.8894 53.868 -12.4672 1 ) ( -76.2648 53.9816 -12.4943 1 ) ( -76.6568 54.0507 -12.5013 1 ) ( -77.044 54.1341 -12.5103 1 ) ( -77.4307 54.2219 -12.5168 1 ) ( -77.8186 54.3043 -12.5171 1 ) ( -78.2098 54.3733 -12.5094 1 ) ( -78.5899 54.4862 -12.513 1 ) ( -78.9761 54.5748 -12.5044 1 ) ( -79.3659 54.6482 -12.487 1 ) ( -79.7521 54.736 -12.4708 1 ) ( -80.1391 54.8211 -12.4503 1 ) ( -80.5261 54.9031 -12.425 1 ) ( -80.9141 54.9855 -12.3953 1 ) ( -81.2962 55.0697 -12.3615 1 ) ( -81.6926 55.173 -12.333 1 ) ( -82.0255 55.2639 -12.3051 1 ) ( -82.4028 55.3006 -12.1829 1 ) ( -82.4446 55.3059 -12.171 1 ) 
( -74.4447 54.0105 -12.6116 1 ) ( -74.4904 54.0136 -12.6139 1 ) ( -74.8785 54.1164 -12.6495 1 ) ( -75.225 54.1834 -12.6564 1 ) ( -75.6331 54.282 -12.6748 1 ) ( -76.0179 54.3984 -12.6965 1 ) ( -76.4171 54.479 -12.7018 1 ) ( -76.8122 54.5712 -12.7089 1 ) ( -77.2069 54.6674 -12.714 1 ) ( -77.6012 54.7641 -12.7162 1 ) ( -77.9991 54.8464 -12.7102 1 ) ( -78.3885 54.9624 -12.7125 1 ) ( -78.7829 55.059 -12.7049 1 ) ( -79.1802 55.1427 -12.6899 1 ) ( -79.5749 55.2368 -12.6753 1 ) ( -79.9697 55.3308 -12.6581 1 ) ( -80.3638 55.4256 -12.6384 1 ) ( -80.7598 55.5166 -12.6132 1 ) ( -81.1505 55.6077 -12.584 1 ) ( -81.5557 55.7173 -12.5601 1 ) ( -81.8961 55.8131 -12.5374 1 ) ( -82.2812 55.8707 -12.4296 1 ) ( -82.3237 55.8785 -12.419 1 ) 
( -74.4227 54.2353 -12.6829 1 ) ( -74.4677 54.2388 -12.6863 1 ) ( -74.8523 54.3376 -12.7218 1 ) ( -75.1959 54.4016 -12.7242 1 ) ( -75.6005 54.4963 -12.7401 1 ) ( -75.9824 54.6074 -12.7585 1 ) ( -76.378 54.6854 -12.7618 1 ) ( -76.7696 54.7741 -12.7667 1 ) ( -77.1608 54.8666 -12.7698 1 ) ( -77.5512 54.9617 -12.7711 1 ) ( -77.9453 55.0419 -12.7642 1 ) ( -78.3317 55.1526 -12.7645 1 ) ( -78.7227 55.2454 -12.7558 1 ) ( -79.1164 55.3261 -12.7401 1 ) ( -79.5079 55.4159 -12.7245 1 ) ( -79.8993 55.5066 -12.7068 1 ) ( -80.2896 55.5991 -12.6873 1 ) ( -80.6822 55.6865 -12.6621 1 ) ( -81.0697 55.7736 -12.6328 1 ) ( -81.4715 55.8787 -12.6088 1 ) ( -81.8091 55.9707 -12.5865 1 ) ( -82.1908 56.0286 -12.4818 1 ) ( -82.2329 56.0365 -12.4714 1 ) 
( -74.4927 54.6208 -12.7956 1 ) ( -74.5358 54.6248 -12.8005 1 ) ( -74.9067 54.717 -12.8359 1 ) ( -75.2385 54.776 -12.8314 1 ) ( -75.6289 54.8641 -12.8435 1 ) ( -75.9979 54.9666 -12.8571 1 ) ( -76.3794 55.0401 -12.8572 1 ) ( -76.7572 55.1229 -12.8589 1 ) ( -77.1347 55.2095 -12.8589 1 ) ( -77.5106 55.3012 -12.8588 1 ) ( -77.8905 55.3777 -12.8504 1 ) ( -78.2638 55.4799 -12.8476 1 ) ( -78.6411 55.5664 -12.8371 1 ) ( -79.0209 55.642 -12.8201 1 ) ( -79.3989 55.7248 -12.8029 1 ) ( -79.7765 55.8097 -12.7844 1 ) ( -80.1526 55.8981 -12.7651 1 ) ( -80.5315 55.9797 -12.7397 1 ) ( -80.9057 56.0601 -12.7102 1 ) ( -81.2935 56.1578 -12.6859 1 ) ( -81.6195 56.2435 -12.664 1 ) ( -81.9876 56.3012 -12.5636 1 ) ( -82.0281 56.3092 -12.5536 1 ) 
( -74.1499 54.7107 -12.9399 1 ) ( -74.1954 54.7175 -12.9477 1 ) ( -74.5928 54.8172 -12.9881 1 ) ( -74.9481 54.8839 -12.9777 1 ) ( -75.3664 54.9805 -12.9893 1 ) ( -75.7631 55.0875 -13.0008 1 ) ( -76.1709 55.1717 -13.0012 1 ) ( -76.5755 55.2634 -13.0032 1 ) ( -76.9798 55.3585 -13.0039 1 ) ( -77.3814 55.4631 -13.0068 1 ) ( -77.7872 55.5517 -13.0013 1 ) ( -78.1883 55.6585 -12.9993 1 ) ( -78.5926 55.7532 -12.9911 1 ) ( -78.9989 55.8387 -12.9776 1 ) ( -79.4041 55.9285 -12.9632 1 ) ( -79.8084 56.0224 -12.9488 1 ) ( -80.2107 56.1225 -12.9351 1 ) ( -80.6165 56.2128 -12.9147 1 ) ( -81.0178 56.3006 -12.8901 1 ) ( -81.4337 56.4054 -12.8709 1 ) ( -81.7834 56.4968 -12.8543 1 ) ( -82.1781 56.572 -12.7659 1 ) ( -82.2215 56.5821 -12.757 1 ) 
( -73.7248 54.5859 -13.0348 1 ) ( -73.7744 54.5951 -13.0449 1 ) ( -74.2129 54.7048 -13.0907 1 ) ( -74.6042 54.7811 -13.0776 1 ) ( -75.0654 54.8886 -13.0908 1 ) ( -75.504 55.0034 -13.1025 1 ) ( -75.9529 55.1001 -13.1051 1 ) ( -76.3989 55.2027 -13.1091 1 ) ( -76.8446 55.3085 -13.112 1 ) ( -77.2868 55.427 -13.119 1 ) ( -77.7334 55.5289 -13.1174 1 ) ( -78.1767 55.6437 -13.1178 1 ) ( -78.6224 55.749 -13.1131 1 ) ( -79.0698 55.8462 -13.1039 1 ) ( -79.5167 55.9457 -13.0933 1 ) ( -79.9625 56.0506 -13.0836 1 ) ( -80.4057 56.1637 -13.0759 1 ) ( -80.8531 56.2649 -13.0608 1 ) ( -81.2957 56.3626 -13.0416 1 ) ( -81.7547 56.4773 -13.0279 1 ) ( -82.1408 56.5769 -13.0166 1 ) ( -82.5766 56.6692 -12.9386 1 ) ( -82.6244 56.6813 -12.9308 1 ) 
( -73.3525 54.6134 -13.1675 1 ) ( -73.4042 54.6257 -13.1801 1 ) ( -73.8651 54.7488 -13.2311 1 ) ( -74.2764 54.8377 -13.2138 1 ) ( -74.7614 54.9597 -13.2275 1 ) ( -75.2236 55.0852 -13.2382 1 ) ( -75.6948 55.1981 -13.242 1 ) ( -76.1636 55.3152 -13.2472 1 ) ( -76.6322 55.4354 -13.2515 1 ) ( -77.0963 55.5718 -13.2619 1 ) ( -77.565 55.6909 -13.2638 1 ) ( -78.0319 55.8168 -13.2655 1 ) ( -78.5006 55.936 -13.2638 1 ) ( -78.9706 56.0487 -13.2584 1 ) ( -79.4407 56.1612 -13.2511 1 ) ( -79.9092 56.2807 -13.2457 1 ) ( -80.3746 56.4107 -13.2437 1 ) ( -80.8449 56.5263 -13.2337 1 ) ( -81.3106 56.6374 -13.2195 1 ) ( -81.7935 56.7654 -13.211 1 ) ( -82.1998 56.8759 -13.2049 1 ) ( -82.6583 56.9901 -13.1379 1 ) ( -82.7086 57.0047 -13.1312 1 ) 
( -73.3157 54.957 -13.3067 1 ) ( -73.367 54.9701 -13.3211 1 ) ( -73.8288 55.0875 -13.3727 1 ) ( -74.241 55.1723 -13.3488 1 ) ( -74.727 55.2888 -13.3594 1 ) ( -75.1909 55.4067 -13.3658 1 ) ( -75.6627 55.5162 -13.367 1 ) ( -76.1324 55.6285 -13.3696 1 ) ( -76.6019 55.7436 -13.3715 1 ) ( -77.0662 55.8779 -13.3812 1 ) ( -77.5351 55.9945 -13.3823 1 ) ( -78.0036 56.1128 -13.3817 1 ) ( -78.4733 56.2267 -13.3788 1 ) ( -78.944 56.3353 -13.373 1 ) ( -79.4153 56.4418 -13.3648 1 ) ( -79.8847 56.5566 -13.3593 1 ) ( -80.3506 56.6838 -13.3584 1 ) ( -80.8219 56.7945 -13.349 1 ) ( -81.2888 56.8998 -13.3355 1 ) ( -81.7728 57.0215 -13.3275 1 ) ( -82.1803 57.1266 -13.3226 1 ) ( -82.6397 57.2419 -13.261 1 ) ( -82.6899 57.2568 -13.2547 1 ) 
( -73.2555 55.2704 -13.4503 1 ) ( -73.3062 55.2848 -13.4665 1 ) ( -73.7661 55.4003 -13.5188 1 ) ( -74.1768 55.4844 -13.4875 1 ) ( -74.6611 55.5995 -13.4943 1 ) ( -75.124 55.7133 -13.4957 1 ) ( -75.5936 55.8234 -13.494 1 ) ( -76.0614 55.9348 -13.4935 1 ) ( -76.5291 56.0489 -13.4926 1 ) ( -76.9907 56.1855 -13.5013 1 ) ( -77.4572 56.3036 -13.5013 1 ) ( -77.9247 56.4179 -13.498 1 ) ( -78.3927 56.5305 -13.4937 1 ) ( -78.8613 56.639 -13.4872 1 ) ( -79.3311 56.7433 -13.4778 1 ) ( -79.7987 56.8573 -13.4722 1 ) ( -80.2622 56.9858 -13.4723 1 ) ( -80.7317 57.0956 -13.4635 1 ) ( -81.1972 57.199 -13.4505 1 ) ( -81.6797 57.3183 -13.4429 1 ) ( -82.0859 57.4211 -13.4392 1 ) ( -82.5435 57.5423 -13.3836 1 ) ( -82.5935 57.5579 -13.3778 1 ) 
( -73.1326 55.5021 -13.5756 1 ) ( -73.183 55.5182 -13.5937 1 ) ( -73.6443 55.6367 -13.6481 1 ) ( -74.0565 55.7243 -13.6111 1 ) ( -74.5423 55.843 -13.6159 1 ) ( -75.0076 55.9575 -13.6143 1 ) ( -75.4782 56.073 -13.6112 1 ) ( -75.9475 56.1883 -13.6093 1 ) ( -76.4167 56.3062 -13.6073 1 ) ( -76.879 56.4495 -13.6167 1 ) ( -77.3464 56.574 -13.6173 1 ) ( -77.8161 56.6892 -13.6129 1 ) ( -78.2856 56.8052 -13.6087 1 ) ( -78.7555 56.9185 -13.6031 1 ) ( -79.227 57.0254 -13.5942 1 ) ( -79.6961 57.1434 -13.5899 1 ) ( -80.1606 57.2779 -13.5926 1 ) ( -80.6317 57.3915 -13.5857 1 ) ( -81.099 57.4979 -13.5747 1 ) ( -81.5833 57.6197 -13.5692 1 ) ( -81.9911 57.7246 -13.5679 1 ) ( -82.4502 57.8559 -13.5194 1 ) ( -82.5002 57.8728 -13.5142 1 ) 
( -73.2156 55.947 -13.7091 1 ) ( -73.2656 55.9626 -13.7286 1 ) ( -73.726 56.0657 -13.7822 1 ) ( -74.1376 56.1404 -13.738 1 ) ( -74.6228 56.2434 -13.7385 1 ) ( -75.088 56.3407 -13.7316 1 ) ( -75.5575 56.4426 -13.7248 1 ) ( -76.026 56.5432 -13.7192 1 ) ( -76.4945 56.6461 -13.7136 1 ) ( -76.9553 56.7772 -13.7209 1 ) ( -77.4213 56.889 -13.7194 1 ) ( -77.8909 56.9869 -13.7115 1 ) ( -78.3597 57.0878 -13.7049 1 ) ( -78.8287 57.187 -13.6976 1 ) ( -79.2997 57.278 -13.6865 1 ) ( -79.7679 57.3814 -13.6808 1 ) ( -80.2312 57.5028 -13.6831 1 ) ( -80.7016 57.6016 -13.6754 1 ) ( -81.1684 57.6925 -13.6636 1 ) ( -81.6522 57.7978 -13.6572 1 ) ( -82.0596 57.8887 -13.6558 1 ) ( -82.5179 58.0108 -13.6109 1 ) ( -82.5678 58.0268 -13.606 1 ) 
( -73.1034 55.8919 -13.7294 1 ) ( -73.1533 55.9089 -13.7495 1 ) ( -73.6142 56.021 -13.8045 1 ) ( -74.0263 56.1038 -13.7597 1 ) ( -74.5119 56.2163 -13.7607 1 ) ( -74.9778 56.322 -13.7539 1 ) ( -75.4478 56.4336 -13.7478 1 ) ( -75.9167 56.5435 -13.7427 1 ) ( -76.3857 56.6556 -13.7378 1 ) ( -76.8469 56.7968 -13.7463 1 ) ( -77.3132 56.9184 -13.7458 1 ) ( -77.7834 57.0248 -13.7386 1 ) ( -78.2528 57.1349 -13.733 1 ) ( -78.7222 57.2436 -13.7268 1 ) ( -79.1938 57.3436 -13.7166 1 ) ( -79.6625 57.4563 -13.7123 1 ) ( -80.1262 57.5875 -13.716 1 ) ( -80.5971 57.6955 -13.7098 1 ) ( -81.0645 57.7954 -13.6994 1 ) ( -81.5489 57.91 -13.6944 1 ) ( -81.9568 58.0086 -13.6944 1 ) ( -82.4156 58.1415 -13.6522 1 ) ( -82.4655 58.1587 -13.6476 1 ) 
