 Knots U 
0 0 0 0 0.0997867 0.199188 0.298547 0.398954 0.500292 0.601578 0.701912 0.801136 0.900377 1 1 1 1 
 Knots V 
0 0 0 0 0.1 0.2 0.3 0.4 0.5 0.6 0.7 0.8 0.9 1 1 1 1 
 Poles & Weights 
( -69.2474 53.9716 -5.32867 1 ) ( -69.2384 53.9558 -5.31184 1 ) ( -69.1676 53.8042 -5.17274 1 ) ( -69.1153 53.6648 -5.05802 1 ) ( -69.0752 53.4832 -4.93998 1 ) ( -69.0738 53.2868 -4.85803 1 ) ( -69.105 53.0811 -4.7927 1 ) ( -69.1698 52.8811 -4.73401 1 ) ( -69.2623 52.6928 -4.69498 1 ) ( -69.388 52.5115 -4.69729 1 ) ( -69.5071 52.3683 -4.72216 1 ) ( -69.6511 52.2112 -4.76228 1 ) ( -69.6678 52.1939 -4.76877 1 ) 
( -69.2327 53.9733 -5.34018 1 ) ( -69.2239 53.9572 -5.32335 1 ) ( -69.1545 53.804 -5.18408 1 ) ( -69.1033 53.6632 -5.06926 1 ) ( -69.0644 53.4799 -4.95105 1 ) ( -69.0637 53.2821 -4.86879 1 ) ( -69.0953 53.0751 -4.80315 1 ) ( -69.1601 52.8736 -4.74431 1 ) ( -69.2522 52.6837 -4.70503 1 ) ( -69.3773 52.5005 -4.70692 1 ) ( -69.4957 52.3556 -4.73125 1 ) ( -69.6387 52.1965 -4.77099 1 ) ( -69.6553 52.1789 -4.77749 1 ) 
( -69.1024 53.9878 -5.44235 1 ) ( -69.0952 53.9699 -5.42545 1 ) ( -69.0383 53.802 -5.28471 1 ) ( -68.9977 53.6482 -5.16893 1 ) ( -68.9691 53.4504 -5.04921 1 ) ( -68.9746 53.2405 -4.96427 1 ) ( -69.0093 53.0216 -4.89579 1 ) ( -69.0737 52.807 -4.83566 1 ) ( -69.1629 52.603 -4.79418 1 ) ( -69.2818 52.4028 -4.79232 1 ) ( -69.394 52.2427 -4.8119 1 ) ( -69.529 52.0659 -4.84833 1 ) ( -69.5445 52.0462 -4.85482 1 ) 
( -68.9881 54.0005 -5.532 1 ) ( -68.9822 53.981 -5.51503 1 ) ( -68.9364 53.8003 -5.37299 1 ) ( -68.905 53.6352 -5.25639 1 ) ( -68.8855 53.4246 -5.13533 1 ) ( -68.8965 53.204 -5.04804 1 ) ( -68.9338 52.9746 -4.97707 1 ) ( -68.998 52.7486 -4.9158 1 ) ( -69.0845 52.5321 -4.8724 1 ) ( -69.198 52.317 -4.86725 1 ) ( -69.3047 52.1436 -4.88265 1 ) ( -69.4326 51.9514 -4.91618 1 ) ( -69.4472 51.9298 -4.92267 1 ) 
( -68.8521 54.0157 -5.63868 1 ) ( -68.8478 53.9942 -5.62164 1 ) ( -68.8152 53.7982 -5.47806 1 ) ( -68.7946 53.6196 -5.36047 1 ) ( -68.786 53.3938 -5.23783 1 ) ( -68.8034 53.1606 -5.14774 1 ) ( -68.8439 52.9187 -5.0738 1 ) ( -68.9079 52.6791 -5.01118 1 ) ( -68.9912 52.4478 -4.96548 1 ) ( -69.0982 52.215 -4.95642 1 ) ( -69.1985 52.0257 -4.96686 1 ) ( -69.318 51.8151 -4.99693 1 ) ( -69.3314 51.7913 -5.00342 1 ) 
( -68.7219 54.0302 -5.74082 1 ) ( -68.7191 54.0069 -5.7237 1 ) ( -68.699 53.7963 -5.57866 1 ) ( -68.689 53.6047 -5.46011 1 ) ( -68.6907 53.3644 -5.33596 1 ) ( -68.7143 53.119 -5.24319 1 ) ( -68.7579 52.8652 -5.16642 1 ) ( -68.8216 52.6125 -5.1025 1 ) ( -68.9019 52.367 -5.0546 1 ) ( -69.0027 52.1173 -5.04179 1 ) ( -69.0968 51.9129 -5.04748 1 ) ( -69.2083 51.6846 -5.07424 1 ) ( -69.2206 51.6586 -5.08072 1 ) 
( -68.5902 54.0448 -5.8441 1 ) ( -68.589 54.0197 -5.82691 1 ) ( -68.5816 53.7943 -5.68037 1 ) ( -68.5822 53.5896 -5.56087 1 ) ( -68.5943 53.3346 -5.43518 1 ) ( -68.6243 53.077 -5.3397 1 ) ( -68.6709 52.8111 -5.26006 1 ) ( -68.7343 52.5453 -5.19483 1 ) ( -68.8116 52.2854 -5.14472 1 ) ( -68.9062 52.0185 -5.12811 1 ) ( -68.994 51.7987 -5.12899 1 ) ( -69.0973 51.5527 -5.15241 1 ) ( -69.1085 51.5245 -5.15889 1 ) 
( -68.4585 54.0595 -5.94737 1 ) ( -68.4588 54.0326 -5.93011 1 ) ( -68.4642 53.7923 -5.78208 1 ) ( -68.4754 53.5745 -5.66162 1 ) ( -68.498 53.3049 -5.5344 1 ) ( -68.5342 53.0349 -5.43622 1 ) ( -68.5839 52.757 -5.3537 1 ) ( -68.647 52.478 -5.28717 1 ) ( -68.7213 52.2038 -5.23483 1 ) ( -68.8097 51.9197 -5.21444 1 ) ( -68.8912 51.6846 -5.21051 1 ) ( -68.9863 51.4208 -5.23058 1 ) ( -68.9964 51.3904 -5.23706 1 ) 
( -68.3283 54.074 -6.04951 1 ) ( -68.3301 54.0452 -6.03218 1 ) ( -68.3481 53.7903 -5.88267 1 ) ( -68.3697 53.5596 -5.76127 1 ) ( -68.4027 53.2754 -5.63253 1 ) ( -68.4451 52.9933 -5.53167 1 ) ( -68.4979 52.7035 -5.44632 1 ) ( -68.5607 52.4114 -5.37848 1 ) ( -68.6319 52.123 -5.32395 1 ) ( -68.7142 51.822 -5.29981 1 ) ( -68.7896 51.5717 -5.29113 1 ) ( -68.8766 51.2903 -5.3079 1 ) ( -68.8856 51.2578 -5.31437 1 ) 
( -68.1922 54.0891 -6.15619 1 ) ( -68.1957 54.0585 -6.13879 1 ) ( -68.2268 53.7883 -5.98774 1 ) ( -68.2594 53.544 -5.86535 1 ) ( -68.3032 53.2447 -5.73503 1 ) ( -68.3521 52.9499 -5.63136 1 ) ( -68.408 52.6476 -5.54305 1 ) ( -68.4706 52.3419 -5.47386 1 ) ( -68.5387 52.0387 -5.41703 1 ) ( -68.6144 51.72 -5.38898 1 ) ( -68.6834 51.4538 -5.37533 1 ) ( -68.7619 51.154 -5.38865 1 ) ( -68.7698 51.1192 -5.39511 1 ) 
( -68.0779 54.1019 -6.24584 1 ) ( -68.0827 54.0696 -6.22837 1 ) ( -68.1249 53.7865 -6.07603 1 ) ( -68.1667 53.5309 -5.95281 1 ) ( -68.2195 53.2188 -5.82116 1 ) ( -68.2739 52.9134 -5.71514 1 ) ( -68.3325 52.6007 -5.62433 1 ) ( -68.3949 52.2835 -5.55401 1 ) ( -68.4603 51.9678 -5.49525 1 ) ( -68.5306 51.6343 -5.46391 1 ) ( -68.5941 51.3548 -5.44609 1 ) ( -68.6656 51.0395 -5.4565 1 ) ( -68.6726 51.0028 -5.46297 1 ) 
( -67.9476 54.1164 -6.34801 1 ) ( -67.954 54.0823 -6.33047 1 ) ( -68.0088 53.7846 -6.17665 1 ) ( -68.061 53.516 -6.05248 1 ) ( -68.1242 53.1894 -5.91932 1 ) ( -68.1848 52.8718 -5.81062 1 ) ( -68.2465 52.5471 -5.71698 1 ) ( -68.3085 52.2169 -5.64535 1 ) ( -68.3709 51.8871 -5.5844 1 ) ( -68.4351 51.5365 -5.54931 1 ) ( -68.4924 51.2418 -5.52673 1 ) ( -68.5558 50.9089 -5.53383 1 ) ( -68.5617 50.8701 -5.5403 1 ) 
( -67.933 54.118 -6.35953 1 ) ( -67.9395 54.0837 -6.34198 1 ) ( -67.9957 53.7843 -6.18799 1 ) ( -68.0491 53.5143 -6.06372 1 ) ( -68.1135 53.1861 -5.93038 1 ) ( -68.1748 52.8671 -5.82138 1 ) ( -68.2368 52.5411 -5.72742 1 ) ( -68.2988 52.2094 -5.65565 1 ) ( -68.3609 51.878 -5.59445 1 ) ( -68.4244 51.5255 -5.55894 1 ) ( -68.4809 51.2291 -5.53582 1 ) ( -68.5434 50.8942 -5.54255 1 ) ( -68.5492 50.8552 -5.54901 1 ) 
