 Knots U 
0 0 0 0 0.101249 0.20243 0.303399 0.403963 0.504071 0.603823 0.703333 0.802654 0.901636 1 1 1 1 
 Knots V 
0 0 0 0 0.0448536 0.0980826 0.147509 0.197706 0.247974 0.298043 0.348128 0.398137 0.44822 0.498304 0.548438 0.598626 0.648846 0.699073 0.749279 0.799457 0.849598 0.899786 0.949869 1 1 1 1 
 Poles & Weights 
( -73.2298 45.4579 -9.95372 1 ) ( -73.2562 45.4539 -9.95666 1 ) ( -73.4909 45.4198 -9.98314 1 ) ( -73.6976 45.3978 -10.0061 1 ) ( -73.9437 45.3771 -10.0322 1 ) ( -74.1799 45.3664 -10.0551 1 ) ( -74.419 45.3645 -10.0753 1 ) ( -74.6579 45.3729 -10.0916 1 ) ( -74.8938 45.3918 -10.1033 1 ) ( -75.1395 45.4247 -10.109 1 ) ( -75.3448 45.4586 -10.1104 1 ) ( -75.5787 45.5066 -10.1036 1 ) ( -75.605 45.5124 -10.1026 1 ) 
( -73.2159 45.4583 -9.99578 1 ) ( -73.2425 45.4544 -9.99879 1 ) ( -73.479 45.4217 -10.0259 1 ) ( -73.6873 45.4008 -10.0493 1 ) ( -73.9352 45.3816 -10.0761 1 ) ( -74.1731 45.3722 -10.0997 1 ) ( -74.4138 45.3717 -10.1206 1 ) ( -74.6544 45.3816 -10.1375 1 ) ( -74.892 45.402 -10.1499 1 ) ( -75.1393 45.4364 -10.1563 1 ) ( -75.3459 45.4715 -10.1583 1 ) ( -75.5813 45.521 -10.1522 1 ) ( -75.6077 45.527 -10.1513 1 ) 
( -73.1579 45.6128 -10.2381 1 ) ( -73.1846 45.6098 -10.2408 1 ) ( -73.422 45.5851 -10.2645 1 ) ( -73.6309 45.5715 -10.2853 1 ) ( -73.8795 45.5608 -10.309 1 ) ( -74.1179 45.5598 -10.3297 1 ) ( -74.3589 45.5681 -10.3478 1 ) ( -74.5995 45.587 -10.3619 1 ) ( -74.8368 45.6163 -10.3716 1 ) ( -75.0836 45.66 -10.3752 1 ) ( -75.2896 45.7029 -10.375 1 ) ( -75.5238 45.7614 -10.3663 1 ) ( -75.5501 45.7683 -10.3651 1 ) 
( -73.1542 45.9103 -10.2623 1 ) ( -73.1801 45.9072 -10.2646 1 ) ( -73.4102 45.8817 -10.2848 1 ) ( -73.6127 45.8674 -10.3025 1 ) ( -73.8536 45.8559 -10.3228 1 ) ( -74.0844 45.8543 -10.3403 1 ) ( -74.3177 45.862 -10.3552 1 ) ( -74.5504 45.8805 -10.3661 1 ) ( -74.7798 45.9096 -10.3726 1 ) ( -75.018 45.9529 -10.373 1 ) ( -75.2167 45.9956 -10.3701 1 ) ( -75.4424 46.0537 -10.3584 1 ) ( -75.4677 46.0606 -10.3569 1 ) 
( -73.1105 46.2051 -10.352 1 ) ( -73.1363 46.2024 -10.3545 1 ) ( -73.3649 46.1792 -10.3765 1 ) ( -73.5659 46.1671 -10.396 1 ) ( -73.8049 46.1583 -10.4186 1 ) ( -74.0338 46.1594 -10.4385 1 ) ( -74.2648 46.1701 -10.4558 1 ) ( -74.4951 46.192 -10.4691 1 ) ( -74.7217 46.2243 -10.478 1 ) ( -74.9568 46.2711 -10.4811 1 ) ( -75.1527 46.3166 -10.4804 1 ) ( -75.3747 46.3781 -10.4714 1 ) ( -75.3996 46.3853 -10.4701 1 ) 
( -73.0813 46.4991 -10.3963 1 ) ( -73.1066 46.4965 -10.3991 1 ) ( -73.3311 46.4752 -10.4236 1 ) ( -73.5284 46.465 -10.4455 1 ) ( -73.7629 46.4584 -10.471 1 ) ( -73.9873 46.4617 -10.4939 1 ) ( -74.2136 46.4749 -10.5142 1 ) ( -74.4389 46.4994 -10.5306 1 ) ( -74.6604 46.5345 -10.5425 1 ) ( -74.8897 46.5841 -10.5488 1 ) ( -75.0808 46.632 -10.5508 1 ) ( -75.2968 46.6962 -10.5451 1 ) ( -75.321 46.7038 -10.5442 1 ) 
( -73.0535 46.8011 -10.4323 1 ) ( -73.0784 46.7986 -10.4355 1 ) ( -73.2991 46.7782 -10.4644 1 ) ( -73.493 46.769 -10.4902 1 ) ( -73.7234 46.7634 -10.5206 1 ) ( -73.9436 46.768 -10.5483 1 ) ( -74.1655 46.7827 -10.5735 1 ) ( -74.3861 46.8089 -10.5948 1 ) ( -74.6027 46.8458 -10.6116 1 ) ( -74.8268 46.8972 -10.6231 1 ) ( -75.0132 46.9465 -10.6295 1 ) ( -75.2235 47.0125 -10.6289 1 ) ( -75.247 47.0203 -10.6286 1 ) 
( -73.0285 47.1014 -10.4567 1 ) ( -73.0529 47.0991 -10.4605 1 ) ( -73.2695 47.0801 -10.4942 1 ) ( -73.4596 47.0723 -10.5245 1 ) ( -73.6854 47.0684 -10.5605 1 ) ( -73.901 47.0746 -10.5936 1 ) ( -74.118 47.0913 -10.6243 1 ) ( -74.3336 47.1197 -10.651 1 ) ( -74.545 47.1589 -10.6733 1 ) ( -74.7633 47.2126 -10.6906 1 ) ( -74.9447 47.2638 -10.7019 1 ) ( -75.1489 47.3321 -10.707 1 ) ( -75.1717 47.3401 -10.7073 1 ) 
( -73.0063 47.4027 -10.4794 1 ) ( -73.0302 47.4005 -10.4838 1 ) ( -73.2423 47.3827 -10.5229 1 ) ( -73.4285 47.376 -10.5579 1 ) ( -73.6494 47.3735 -10.5997 1 ) ( -73.8602 47.3812 -10.6385 1 ) ( -74.0722 47.3996 -10.675 1 ) ( -74.2824 47.43 -10.7076 1 ) ( -74.4884 47.4711 -10.7357 1 ) ( -74.7006 47.5269 -10.7591 1 ) ( -74.8769 47.5798 -10.7756 1 ) ( -75.0746 47.6501 -10.7868 1 ) ( -75.0968 47.6583 -10.7878 1 ) 
( -72.99 47.7061 -10.4819 1 ) ( -73.0133 47.7039 -10.4872 1 ) ( -73.2204 47.6871 -10.5337 1 ) ( -73.4021 47.6815 -10.5755 1 ) ( -73.6175 47.6801 -10.6255 1 ) ( -73.8229 47.6892 -10.6723 1 ) ( -74.0292 47.7091 -10.7169 1 ) ( -74.2335 47.7413 -10.7576 1 ) ( -74.4333 47.7843 -10.7938 1 ) ( -74.6389 47.8419 -10.8257 1 ) ( -74.8095 47.8964 -10.8493 1 ) ( -75.0003 47.9685 -10.8687 1 ) ( -75.0216 47.9769 -10.8707 1 ) 
( -72.9713 48.0069 -10.5117 1 ) ( -72.9941 48.0049 -10.5175 1 ) ( -73.1964 47.9893 -10.5687 1 ) ( -73.3737 47.9849 -10.6146 1 ) ( -73.584 47.9849 -10.6698 1 ) ( -73.7842 47.9954 -10.7217 1 ) ( -73.985 48.0171 -10.7715 1 ) ( -74.1837 48.0513 -10.8174 1 ) ( -74.3777 48.0963 -10.8587 1 ) ( -74.5769 48.156 -10.896 1 ) ( -74.7419 48.2123 -10.9243 1 ) ( -74.926 48.2863 -10.9491 1 ) ( -74.9466 48.295 -10.9517 1 ) 
( -72.9549 48.3092 -10.5298 1 ) ( -72.9771 48.3073 -10.5362 1 ) ( -73.1744 48.2929 -10.5928 1 ) ( -73.3473 48.2896 -10.6438 1 ) ( -73.552 48.2911 -10.705 1 ) ( -73.7468 48.3031 -10.7629 1 ) ( -73.942 48.3265 -10.8188 1 ) ( -74.1347 48.3627 -10.8707 1 ) ( -74.3227 48.4097 -10.9181 1 ) ( -74.5153 48.4715 -10.9618 1 ) ( -74.6746 48.5295 -10.9954 1 ) ( -74.8517 48.6056 -11.0265 1 ) ( -74.8715 48.6144 -11.0297 1 ) 
( -72.9341 48.6094 -10.5666 1 ) ( -72.9558 48.6076 -10.5734 1 ) ( -73.1486 48.5946 -10.6337 1 ) ( -73.3173 48.5926 -10.688 1 ) ( -73.517 48.5956 -10.7535 1 ) ( -73.7068 48.6093 -10.8155 1 ) ( -73.8968 48.6346 -10.8756 1 ) ( -74.0841 48.6729 -10.9318 1 ) ( -74.2664 48.7222 -10.9834 1 ) ( -74.4528 48.7862 -11.0316 1 ) ( -74.6067 48.8461 -11.069 1 ) ( -74.7774 48.9243 -11.1046 1 ) ( -74.7964 48.9335 -11.1083 1 ) 
( -72.908 48.9066 -10.6199 1 ) ( -72.9292 48.9051 -10.627 1 ) ( -73.1179 48.8935 -10.6899 1 ) ( -73.283 48.893 -10.7467 1 ) ( -73.4783 48.8977 -10.8153 1 ) ( -73.6636 48.9131 -10.8804 1 ) ( -73.8489 48.9405 -10.9437 1 ) ( -74.0312 48.9811 -11.0031 1 ) ( -74.2084 49.0327 -11.0578 1 ) ( -74.3892 49.0991 -11.1094 1 ) ( -74.5382 49.161 -11.1497 1 ) ( -74.7029 49.2416 -11.1886 1 ) ( -74.7213 49.2509 -11.1928 1 ) 
( -72.8759 49.1998 -10.6897 1 ) ( -72.8968 49.1984 -10.6969 1 ) ( -73.082 49.1887 -10.7608 1 ) ( -73.2439 49.19 -10.8184 1 ) ( -73.4353 49.1969 -10.8883 1 ) ( -73.6168 49.2146 -10.9548 1 ) ( -73.7979 49.2445 -11.0195 1 ) ( -73.9759 49.2878 -11.0803 1 ) ( -74.1486 49.3421 -11.1364 1 ) ( -74.3243 49.4114 -11.1896 1 ) ( -74.469 49.4756 -11.2313 1 ) ( -74.6282 49.5589 -11.2719 1 ) ( -74.646 49.5686 -11.2762 1 ) 
( -72.8381 49.4877 -10.7767 1 ) ( -72.8586 49.4866 -10.7838 1 ) ( -73.0409 49.4795 -10.8462 1 ) ( -73.2002 49.4832 -10.9028 1 ) ( -73.3883 49.493 -10.9716 1 ) ( -73.5665 49.5135 -11.0372 1 ) ( -73.744 49.5466 -11.101 1 ) ( -73.9182 49.5933 -11.1608 1 ) ( -74.087 49.651 -11.2162 1 ) ( -74.2582 49.7239 -11.2685 1 ) ( -74.399 49.791 -11.3095 1 ) ( -74.5535 49.8778 -11.3495 1 ) ( -74.5706 49.8878 -11.3537 1 ) 
( -72.7961 49.7695 -10.8794 1 ) ( -72.8163 49.7687 -10.8862 1 ) ( -72.9961 49.7647 -10.9459 1 ) ( -73.1531 49.7713 -11.0004 1 ) ( -73.3383 49.7845 -11.0668 1 ) ( -73.5136 49.8084 -11.1302 1 ) ( -73.688 49.8451 -11.1918 1 ) ( -73.8589 49.8957 -11.2495 1 ) ( -74.024 49.9574 -11.3027 1 ) ( -74.1912 50.0343 -11.353 1 ) ( -74.3285 50.1048 -11.3923 1 ) ( -74.4785 50.1955 -11.4303 1 ) ( -74.4952 50.206 -11.4344 1 ) 
( -72.7523 50.0484 -10.9913 1 ) ( -72.7723 50.048 -10.9977 1 ) ( -72.9498 50.0475 -11.0538 1 ) ( -73.1046 50.0574 -11.1052 1 ) ( -73.2872 50.0744 -11.1681 1 ) ( -73.4598 50.1021 -11.2283 1 ) ( -73.6312 50.1429 -11.2867 1 ) ( -73.7989 50.1979 -11.3412 1 ) ( -73.9607 50.2639 -11.3912 1 ) ( -74.1241 50.3453 -11.4383 1 ) ( -74.258 50.4196 -11.4749 1 ) ( -74.4037 50.5147 -11.51 1 ) ( -74.4199 50.5257 -11.5137 1 ) 
( -72.711 50.3231 -11.106 1 ) ( -72.7308 50.3231 -11.1119 1 ) ( -72.906 50.3265 -11.1632 1 ) ( -73.0587 50.3398 -11.2104 1 ) ( -73.2387 50.3609 -11.2687 1 ) ( -73.4086 50.3928 -11.3246 1 ) ( -73.5772 50.4381 -11.3786 1 ) ( -73.7417 50.4977 -11.4287 1 ) ( -73.9001 50.5683 -11.4745 1 ) ( -74.0598 50.6546 -11.5172 1 ) ( -74.1904 50.7329 -11.5502 1 ) ( -74.3319 50.8326 -11.5812 1 ) ( -74.3476 50.8441 -11.5845 1 ) 
( -72.6685 50.6065 -11.2324 1 ) ( -72.6879 50.607 -11.2378 1 ) ( -72.8602 50.6141 -11.285 1 ) ( -73.0103 50.631 -11.3289 1 ) ( -73.1871 50.6562 -11.3834 1 ) ( -73.3536 50.6922 -11.4357 1 ) ( -73.5187 50.7419 -11.4861 1 ) ( -73.6794 50.8061 -11.5327 1 ) ( -73.8339 50.8815 -11.5751 1 ) ( -73.9891 50.9726 -11.6142 1 ) ( -74.1158 51.0549 -11.6443 1 ) ( -74.2525 51.1594 -11.672 1 ) ( -74.2676 51.1714 -11.6749 1 ) 
( -72.6342 50.8496 -11.3285 1 ) ( -72.6533 50.8504 -11.3336 1 ) ( -72.8232 50.8604 -11.3781 1 ) ( -72.971 50.8799 -11.4197 1 ) ( -73.145 50.9083 -11.4716 1 ) ( -73.3088 50.9475 -11.5216 1 ) ( -73.4708 51.0005 -11.5697 1 ) ( -73.6283 51.0684 -11.6139 1 ) ( -73.7795 51.1473 -11.654 1 ) ( -73.9308 51.2422 -11.6908 1 ) ( -74.0542 51.3277 -11.719 1 ) ( -74.1868 51.4357 -11.7446 1 ) ( -74.2014 51.4481 -11.7472 1 ) 
( -72.6001 51.1369 -11.4138 1 ) ( -72.6191 51.1381 -11.4181 1 ) ( -72.788 51.152 -11.4554 1 ) ( -72.9347 51.1751 -11.4909 1 ) ( -73.1074 51.2078 -11.5357 1 ) ( -73.2698 51.2512 -11.579 1 ) ( -73.4302 51.3088 -11.6204 1 ) ( -73.5858 51.3814 -11.6579 1 ) ( -73.7348 51.4651 -11.6913 1 ) ( -73.8837 51.5649 -11.7213 1 ) ( -74.0049 51.6545 -11.7438 1 ) ( -74.1345 51.7674 -11.763 1 ) ( -74.1488 51.7803 -11.7649 1 ) 
( -72.5957 51.1672 -11.4266 1 ) ( -72.6147 51.1684 -11.4308 1 ) ( -72.7834 51.1828 -11.4675 1 ) ( -72.93 51.2064 -11.5025 1 ) ( -73.1024 51.2395 -11.5467 1 ) ( -73.2645 51.2833 -11.5894 1 ) ( -73.4247 51.3414 -11.6302 1 ) ( -73.58 51.4146 -11.6672 1 ) ( -73.7287 51.4989 -11.7001 1 ) ( -73.8773 51.5992 -11.7295 1 ) ( -73.9981 51.6893 -11.7515 1 ) ( -74.1273 51.8026 -11.7702 1 ) ( -74.1416 51.8156 -11.772 1 ) 
