 Knots U 
0 0 0 0 0.0495496 0.099234 0.149034 0.198931 0.248903 0.298927 0.348985 0.399077 0.449198 0.499343 0.549502 0.599663 0.649814 0.699947 0.750055 0.800137 0.850186 0.900189 0.950132 1 1 1 1 
 Knots V 
0 0 0 0 0.0580141 0.115801 0.17315 0.229879 0.28584 0.340942 0.395131 0.448355 0.500564 0.551736 0.60183 0.650785 0.698535 0.744992 0.790087 0.833993 0.876951 0.919101 0.960219 1 1 1 1 
 Poles & Weights 
( -65.8808 56.7681 -10.3379 1 ) ( -65.9087 56.7629 -10.3468 1 ) ( -66.1577 56.7167 -10.4263 1 ) ( -66.3754 56.6764 -10.4958 1 ) ( -66.6348 56.6283 -10.5786 1 ) ( -66.883 56.5822 -10.6578 1 ) ( -67.1342 56.5356 -10.738 1 ) ( -67.3846 56.4892 -10.8179 1 ) ( -67.6353 56.4427 -10.898 1 ) ( -67.8859 56.3962 -10.978 1 ) ( -68.1365 56.3498 -11.058 1 ) ( -68.3871 56.3033 -11.138 1 ) ( -68.6377 56.2568 -11.218 1 ) ( -68.8883 56.2103 -11.298 1 ) ( -69.1389 56.1639 -11.378 1 ) ( -69.3896 56.1174 -11.458 1 ) ( -69.64 56.0709 -11.5379 1 ) ( -69.8913 56.0243 -11.6181 1 ) ( -70.1395 55.9783 -11.6974 1 ) ( -70.3989 55.9302 -11.7802 1 ) ( -70.6166 55.8898 -11.8497 1 ) ( -70.8655 55.8437 -11.9291 1 ) ( -70.8934 55.8385 -11.938 1 ) 
( -65.8887 56.7769 -10.3321 1 ) ( -65.9165 56.7717 -10.341 1 ) ( -66.1652 56.7259 -10.4202 1 ) ( -66.3826 56.6858 -10.4894 1 ) ( -66.6416 56.638 -10.5719 1 ) ( -66.8895 56.5923 -10.6508 1 ) ( -67.1403 56.5459 -10.7307 1 ) ( -67.3904 56.4997 -10.8104 1 ) ( -67.6407 56.4535 -10.8902 1 ) ( -67.891 56.4072 -10.97 1 ) ( -68.1412 56.3609 -11.0498 1 ) ( -68.3914 56.3146 -11.1296 1 ) ( -68.6417 56.2683 -11.2094 1 ) ( -68.8919 56.222 -11.2892 1 ) ( -69.1421 56.1757 -11.369 1 ) ( -69.3924 56.1293 -11.4488 1 ) ( -69.6425 56.083 -11.5286 1 ) ( -69.8933 56.0365 -11.6087 1 ) ( -70.1411 55.9905 -11.6878 1 ) ( -70.4001 55.9425 -11.7705 1 ) ( -70.6175 55.9022 -11.8399 1 ) ( -70.8659 55.856 -11.9192 1 ) ( -70.8937 55.8509 -11.9281 1 ) 
( -65.9582 56.8553 -10.2806 1 ) ( -65.9857 56.8505 -10.2892 1 ) ( -66.2312 56.8078 -10.3653 1 ) ( -66.4458 56.7701 -10.432 1 ) ( -66.7017 56.7251 -10.5117 1 ) ( -66.9464 56.6819 -10.5882 1 ) ( -67.1942 56.6379 -10.6657 1 ) ( -67.4411 56.5938 -10.7431 1 ) ( -67.6882 56.5495 -10.8207 1 ) ( -67.9353 56.5051 -10.8985 1 ) ( -68.1823 56.4605 -10.9764 1 ) ( -68.4293 56.4158 -11.0543 1 ) ( -68.6762 56.371 -11.1323 1 ) ( -68.9231 56.3261 -11.2105 1 ) ( -69.17 56.2811 -11.2886 1 ) ( -69.4169 56.2359 -11.3669 1 ) ( -69.6635 56.1906 -11.4453 1 ) ( -69.9107 56.145 -11.5241 1 ) ( -70.1549 56.0997 -11.602 1 ) ( -70.41 56.0522 -11.6836 1 ) ( -70.624 56.0122 -11.7521 1 ) ( -70.8684 55.9663 -11.8307 1 ) ( -70.8958 55.9611 -11.8395 1 ) 
( -66.0203 56.9234 -10.2362 1 ) ( -66.0475 56.9189 -10.2445 1 ) ( -66.2901 56.8789 -10.3179 1 ) ( -66.5021 56.8434 -10.3824 1 ) ( -66.755 56.8009 -10.4596 1 ) ( -66.9968 56.7599 -10.5338 1 ) ( -67.2417 56.7179 -10.6091 1 ) ( -67.4857 56.6758 -10.6845 1 ) ( -67.7299 56.6333 -10.7602 1 ) ( -67.9739 56.5904 -10.8362 1 ) ( -68.2179 56.5474 -10.9123 1 ) ( -68.4619 56.5041 -10.9886 1 ) ( -68.7058 56.4606 -11.0651 1 ) ( -68.9496 56.4169 -11.1416 1 ) ( -69.1934 56.3731 -11.2183 1 ) ( -69.4371 56.329 -11.2953 1 ) ( -69.6805 56.2846 -11.3723 1 ) ( -69.9244 56.2398 -11.4499 1 ) ( -70.1653 56.1952 -11.5267 1 ) ( -70.4168 56.1481 -11.6073 1 ) ( -70.6277 56.1085 -11.6751 1 ) ( -70.8684 56.0627 -11.7528 1 ) ( -70.8954 56.0576 -11.7615 1 ) 
( -66.096 57.0031 -10.1847 1 ) ( -66.1228 56.999 -10.1925 1 ) ( -66.3615 56.9623 -10.2627 1 ) ( -66.5703 56.9295 -10.3245 1 ) ( -66.8193 56.89 -10.3986 1 ) ( -67.0574 56.8515 -10.47 1 ) ( -67.2985 56.8121 -10.5427 1 ) ( -67.5387 56.7723 -10.6156 1 ) ( -67.7791 56.7319 -10.689 1 ) ( -68.0193 56.691 -10.7627 1 ) ( -68.2594 56.6498 -10.8367 1 ) ( -68.4995 56.6082 -10.911 1 ) ( -68.7395 56.5663 -10.9854 1 ) ( -68.9794 56.5242 -11.0601 1 ) ( -69.2191 56.4818 -11.135 1 ) ( -69.4587 56.439 -11.2102 1 ) ( -69.698 56.3958 -11.2856 1 ) ( -69.9377 56.3519 -11.3617 1 ) ( -70.1743 56.308 -11.4372 1 ) ( -70.4211 56.2616 -11.5165 1 ) ( -70.6281 56.2224 -11.5832 1 ) ( -70.8642 56.1769 -11.66 1 ) ( -70.8906 56.1718 -11.6686 1 ) 
( -66.1717 57.0775 -10.1375 1 ) ( -66.198 57.0738 -10.145 1 ) ( -66.4326 57.0402 -10.2118 1 ) ( -66.6378 57.01 -10.271 1 ) ( -66.8824 56.9734 -10.342 1 ) ( -67.1165 56.9375 -10.4107 1 ) ( -67.3534 56.9006 -10.4807 1 ) ( -67.5894 56.863 -10.551 1 ) ( -67.8256 56.8247 -10.622 1 ) ( -68.0616 56.7858 -10.6934 1 ) ( -68.2975 56.7463 -10.7652 1 ) ( -68.5333 56.7064 -10.8374 1 ) ( -68.769 56.6662 -10.9099 1 ) ( -69.0045 56.6256 -10.9825 1 ) ( -69.2399 56.5846 -11.0555 1 ) ( -69.4751 56.5431 -11.1289 1 ) ( -69.7099 56.501 -11.2027 1 ) ( -69.945 56.4581 -11.2772 1 ) ( -70.1769 56.4151 -11.3512 1 ) ( -70.4188 56.3693 -11.4292 1 ) ( -70.6216 56.3305 -11.4948 1 ) ( -70.8527 56.2854 -11.5705 1 ) ( -70.8785 56.2803 -11.579 1 ) 
( -66.2525 57.15 -10.0927 1 ) ( -66.2782 57.1467 -10.0997 1 ) ( -66.508 57.1165 -10.1631 1 ) ( -66.709 57.0889 -10.2194 1 ) ( -66.9487 57.0553 -10.2871 1 ) ( -67.178 57.0222 -10.3528 1 ) ( -67.4101 56.9877 -10.4199 1 ) ( -67.6413 56.9525 -10.4876 1 ) ( -67.8727 56.9164 -10.5559 1 ) ( -68.1038 56.8795 -10.6249 1 ) ( -68.3348 56.842 -10.6943 1 ) ( -68.5656 56.8039 -10.7642 1 ) ( -68.7963 56.7653 -10.8345 1 ) ( -69.0269 56.7264 -10.905 1 ) ( -69.2573 56.6869 -10.9759 1 ) ( -69.4874 56.6468 -11.0473 1 ) ( -69.717 56.6059 -11.1192 1 ) ( -69.9468 56.5641 -11.1919 1 ) ( -70.1735 56.522 -11.2644 1 ) ( -70.4097 56.4769 -11.3408 1 ) ( -70.6077 56.4387 -11.4052 1 ) ( -70.8331 56.3939 -11.4796 1 ) ( -70.8583 56.3888 -11.4879 1 ) 
( -66.3374 57.2195 -10.051 1 ) ( -66.3625 57.2165 -10.0577 1 ) ( -66.5868 57.1896 -10.1174 1 ) ( -66.7831 57.1648 -10.1708 1 ) ( -67.0172 57.1343 -10.235 1 ) ( -67.2412 57.1039 -10.2976 1 ) ( -67.4679 57.0721 -10.3617 1 ) ( -67.6937 57.0392 -10.4264 1 ) ( -67.9196 57.0054 -10.4921 1 ) ( -68.1452 56.9706 -10.5584 1 ) ( -68.3707 56.935 -10.6254 1 ) ( -68.596 56.8987 -10.6928 1 ) ( -68.8211 56.8619 -10.7607 1 ) ( -69.0461 56.8247 -10.8289 1 ) ( -69.2708 56.7868 -10.8976 1 ) ( -69.4953 56.7481 -10.9669 1 ) ( -69.7191 56.7085 -11.0368 1 ) ( -69.9431 56.6678 -11.1076 1 ) ( -70.1638 56.6266 -11.1783 1 ) ( -70.3938 56.5824 -11.2529 1 ) ( -70.5864 56.5447 -11.316 1 ) ( -70.8056 56.5003 -11.389 1 ) ( -70.8301 56.4953 -11.3972 1 ) 
( -66.426 57.2862 -10.0122 1 ) ( -66.4505 57.2836 -10.0184 1 ) ( -66.6688 57.2602 -10.0743 1 ) ( -66.8599 57.238 -10.1246 1 ) ( -67.0877 57.2107 -10.1853 1 ) ( -67.3058 57.183 -10.2446 1 ) ( -67.5265 57.1539 -10.3056 1 ) ( -67.7463 57.1235 -10.3674 1 ) ( -67.9661 57.0919 -10.4302 1 ) ( -68.1857 57.0592 -10.4937 1 ) ( -68.4051 57.0256 -10.5581 1 ) ( -68.6242 56.9912 -10.623 1 ) ( -68.8432 56.9562 -10.6883 1 ) ( -69.062 56.9207 -10.7542 1 ) ( -69.2805 56.8843 -10.8205 1 ) ( -69.4986 56.8471 -10.8875 1 ) ( -69.7161 56.8089 -10.9552 1 ) ( -69.9336 56.7694 -11.024 1 ) ( -70.1479 56.7291 -11.0928 1 ) ( -70.371 56.6858 -11.1657 1 ) ( -70.5578 56.6487 -11.2273 1 ) ( -70.7701 56.6048 -11.2987 1 ) ( -70.7938 56.5998 -11.3067 1 ) 
( -66.5179 57.3504 -9.97599 1 ) ( -66.5416 57.3482 -9.98177 1 ) ( -66.7533 57.3281 -10.0339 1 ) ( -66.9387 57.3087 -10.081 1 ) ( -67.1598 57.2845 -10.138 1 ) ( -67.3714 57.2596 -10.194 1 ) ( -67.5855 57.233 -10.2517 1 ) ( -67.7987 57.2051 -10.3104 1 ) ( -68.012 57.1758 -10.3702 1 ) ( -68.2249 57.1452 -10.431 1 ) ( -68.4376 57.1136 -10.4925 1 ) ( -68.6501 57.0811 -10.5548 1 ) ( -68.8624 57.0479 -10.6176 1 ) ( -69.0744 57.014 -10.6809 1 ) ( -69.2861 56.9793 -10.7448 1 ) ( -69.4974 56.9436 -10.8095 1 ) ( -69.708 56.9067 -10.875 1 ) ( -69.9185 56.8683 -10.9416 1 ) ( -70.1257 56.829 -11.0084 1 ) ( -70.3414 56.7865 -11.0794 1 ) ( -70.5218 56.75 -11.1394 1 ) ( -70.7267 56.7065 -11.2092 1 ) ( -70.7496 56.7016 -11.2171 1 ) 
( -66.6126 57.4121 -9.94224 1 ) ( -66.6355 57.4103 -9.94757 1 ) ( -66.8401 57.3936 -9.99574 1 ) ( -67.0193 57.3769 -10.0396 1 ) ( -67.2331 57.3557 -10.0929 1 ) ( -67.4376 57.3336 -10.1455 1 ) ( -67.6446 57.3097 -10.1999 1 ) ( -67.8507 57.2841 -10.2554 1 ) ( -68.0568 57.2571 -10.3122 1 ) ( -68.2626 57.2286 -10.3701 1 ) ( -68.4681 57.1989 -10.4289 1 ) ( -68.6733 57.1683 -10.4884 1 ) ( -68.8783 57.1368 -10.5486 1 ) ( -69.0831 57.1046 -10.6093 1 ) ( -69.2875 57.0715 -10.6707 1 ) ( -69.4914 57.0372 -10.7329 1 ) ( -69.6945 57.0016 -10.7961 1 ) ( -69.8974 56.9643 -10.8606 1 ) ( -70.0971 56.926 -10.9253 1 ) ( -70.3047 56.8842 -10.9942 1 ) ( -70.4784 56.8483 -11.0527 1 ) ( -70.6753 56.8053 -11.1208 1 ) ( -70.6973 56.8004 -11.1284 1 ) 
( -66.7096 57.4715 -9.91076 1 ) ( -66.7316 57.47 -9.91565 1 ) ( -66.9286 57.4567 -9.95985 1 ) ( -67.1012 57.4426 -10.0005 1 ) ( -67.3071 57.4245 -10.05 1 ) ( -67.5041 57.4051 -10.0991 1 ) ( -67.7035 57.3837 -10.1501 1 ) ( -67.902 57.3605 -10.2025 1 ) ( -68.1004 57.3356 -10.2562 1 ) ( -68.2985 57.3092 -10.3111 1 ) ( -68.4963 57.2815 -10.367 1 ) ( -68.6938 57.2526 -10.4238 1 ) ( -68.8911 57.2228 -10.4813 1 ) ( -69.0881 57.1923 -10.5394 1 ) ( -69.2846 57.1606 -10.5982 1 ) ( -69.4806 57.1277 -10.658 1 ) ( -69.6758 57.0934 -10.7188 1 ) ( -69.8706 57.0572 -10.7811 1 ) ( -70.0623 57.0198 -10.8438 1 ) ( -70.2613 56.9788 -10.9106 1 ) ( -70.4277 56.9433 -10.9674 1 ) ( -70.6162 56.9007 -11.0338 1 ) ( -70.6373 56.8959 -11.0412 1 ) 
( -66.8089 57.5279 -9.88203 1 ) ( -66.8301 57.5269 -9.88646 1 ) ( -67.019 57.5168 -9.92663 1 ) ( -67.1846 57.5054 -9.96392 1 ) ( -67.3821 57.4903 -10.0096 1 ) ( -67.5712 57.4736 -10.0552 1 ) ( -67.7624 57.4547 -10.1028 1 ) ( -67.9529 57.4339 -10.1519 1 ) ( -68.1432 57.4112 -10.2025 1 ) ( -68.3332 57.3868 -10.2544 1 ) ( -68.5228 57.361 -10.3074 1 ) ( -68.7121 57.3339 -10.3613 1 ) ( -68.9011 57.3058 -10.416 1 ) ( -69.0899 57.2769 -10.4714 1 ) ( -69.2781 57.2467 -10.5276 1 ) ( -69.4658 57.2152 -10.5849 1 ) ( -69.6525 57.1821 -10.6433 1 ) ( -69.8388 57.1469 -10.7032 1 ) ( -70.0219 57.1104 -10.7638 1 ) ( -70.2119 57.0701 -10.8285 1 ) ( -70.3707 57.0352 -10.8836 1 ) ( -70.5503 56.993 -10.9481 1 ) ( -70.5704 56.9882 -10.9554 1 ) 
( -66.9108 57.581 -9.85652 1 ) ( -66.9309 57.5803 -9.86048 1 ) ( -67.1114 57.5735 -9.89652 1 ) ( -67.2696 57.5648 -9.93042 1 ) ( -67.4583 57.5527 -9.97214 1 ) ( -67.639 57.5387 -10.0141 1 ) ( -67.8217 57.5224 -10.0582 1 ) ( -68.0037 57.504 -10.104 1 ) ( -68.1855 57.4834 -10.1513 1 ) ( -68.3668 57.4611 -10.2001 1 ) ( -68.5479 57.4372 -10.2501 1 ) ( -68.7286 57.4119 -10.3012 1 ) ( -68.909 57.3855 -10.353 1 ) ( -69.089 57.3582 -10.4056 1 ) ( -69.2685 57.3296 -10.4591 1 ) ( -69.4474 57.2995 -10.5138 1 ) ( -69.6253 57.2676 -10.5697 1 ) ( -69.8027 57.2335 -10.6272 1 ) ( -69.9768 57.1979 -10.6855 1 ) ( -70.1574 57.1584 -10.748 1 ) ( -70.3081 57.124 -10.8013 1 ) ( -70.4784 57.0822 -10.864 1 ) ( -70.4974 57.0774 -10.871 1 ) 
( -67.0151 57.6299 -9.8347 1 ) ( -67.0343 57.6296 -9.83818 1 ) ( -67.2059 57.6262 -9.87 1 ) ( -67.3564 57.6202 -9.9004 1 ) ( -67.5359 57.6112 -9.93806 1 ) ( -67.7078 57.6 -9.97631 1 ) ( -67.8817 57.5863 -10.0168 1 ) ( -68.0547 57.5703 -10.0591 1 ) ( -68.2276 57.552 -10.1031 1 ) ( -68.4 57.5318 -10.1487 1 ) ( -68.5721 57.5098 -10.1956 1 ) ( -68.7437 57.4864 -10.2436 1 ) ( -68.9151 57.4618 -10.2925 1 ) ( -69.0861 57.4362 -10.3422 1 ) ( -69.2565 57.4091 -10.3929 1 ) ( -69.4263 57.3804 -10.4448 1 ) ( -69.5949 57.3499 -10.4981 1 ) ( -69.763 57.317 -10.5532 1 ) ( -69.9278 57.2823 -10.6091 1 ) ( -70.0985 57.2436 -10.6693 1 ) ( -70.2409 57.2098 -10.7207 1 ) ( -70.4014 57.1684 -10.7813 1 ) ( -70.4194 57.1637 -10.7882 1 ) 
( -67.1221 57.6743 -9.817 1 ) ( -67.1402 57.6744 -9.81999 1 ) ( -67.3026 57.6745 -9.84745 1 ) ( -67.445 57.6712 -9.87424 1 ) ( -67.615 57.6655 -9.90772 1 ) ( -67.7777 57.657 -9.94213 1 ) ( -67.9424 57.646 -9.97892 1 ) ( -68.1062 57.6325 -10.0176 1 ) ( -68.2698 57.6166 -10.0582 1 ) ( -68.4329 57.5985 -10.1004 1 ) ( -68.5956 57.5786 -10.1441 1 ) ( -68.7579 57.5571 -10.1889 1 ) ( -68.9199 57.5344 -10.2347 1 ) ( -69.0815 57.5105 -10.2814 1 ) ( -69.2424 57.4851 -10.3292 1 ) ( -69.4026 57.458 -10.3782 1 ) ( -69.5617 57.4288 -10.4288 1 ) ( -69.72 57.3971 -10.4812 1 ) ( -69.8752 57.3635 -10.5347 1 ) ( -70.0356 57.3256 -10.5924 1 ) ( -70.1694 57.2925 -10.6418 1 ) ( -70.3199 57.2516 -10.7003 1 ) ( -70.3367 57.247 -10.7069 1 ) 
( -67.2321 57.7135 -9.80402 1 ) ( -67.2491 57.714 -9.8065 1 ) ( -67.4018 57.7176 -9.82946 1 ) ( -67.5359 57.7173 -9.85251 1 ) ( -67.6959 57.7148 -9.88164 1 ) ( -67.8491 57.7093 -9.91206 1 ) ( -68.0041 57.7011 -9.94495 1 ) ( -68.1583 57.6902 -9.97988 1 ) ( -68.3122 57.6767 -10.0169 1 ) ( -68.4656 57.6609 -10.0556 1 ) ( -68.6186 57.6432 -10.0959 1 ) ( -68.7711 57.6237 -10.1374 1 ) ( -68.9233 57.6029 -10.18 1 ) ( -69.0751 57.5809 -10.2235 1 ) ( -69.2262 57.5573 -10.2682 1 ) ( -69.3764 57.5318 -10.3142 1 ) ( -69.5255 57.5041 -10.3619 1 ) ( -69.6737 57.4737 -10.4115 1 ) ( -69.8188 57.4412 -10.4624 1 ) ( -69.9686 57.4044 -10.5175 1 ) ( -70.0934 57.372 -10.5648 1 ) ( -70.2334 57.3317 -10.621 1 ) ( -70.249 57.3272 -10.6274 1 ) 
( -67.3445 57.7489 -9.7945 1 ) ( -67.3605 57.7499 -9.79645 1 ) ( -67.5032 57.7571 -9.81482 1 ) ( -67.6285 57.7596 -9.83406 1 ) ( -67.7782 57.7604 -9.85875 1 ) ( -67.9215 57.7579 -9.8851 1 ) ( -68.0664 57.7525 -9.91401 1 ) ( -68.2106 57.7442 -9.94512 1 ) ( -68.3544 57.7332 -9.9784 1 ) ( -68.4977 57.7197 -10.0136 1 ) ( -68.6405 57.7041 -10.0504 1 ) ( -68.7829 57.6868 -10.0886 1 ) ( -68.9249 57.6679 -10.1278 1 ) ( -69.0664 57.6478 -10.1681 1 ) ( -69.2073 57.626 -10.2095 1 ) ( -69.3472 57.6021 -10.2525 1 ) ( -69.4859 57.5759 -10.2972 1 ) ( -69.6237 57.5469 -10.344 1 ) ( -69.7583 57.5155 -10.3921 1 ) ( -69.897 57.4797 -10.4446 1 ) ( -70.0124 57.4481 -10.4897 1 ) ( -70.1416 57.4084 -10.5435 1 ) ( -70.156 57.4039 -10.5496 1 ) 
( -67.4564 57.7819 -9.78682 1 ) ( -67.4712 57.7833 -9.78826 1 ) ( -67.6037 57.7939 -9.80213 1 ) ( -67.7203 57.7992 -9.81763 1 ) ( -67.8594 57.8032 -9.83798 1 ) ( -67.9926 57.8035 -9.86034 1 ) ( -68.1273 57.8008 -9.88534 1 ) ( -68.2613 57.7951 -9.91271 1 ) ( -68.3949 57.7864 -9.94238 1 ) ( -68.528 57.7751 -9.97405 1 ) ( -68.6605 57.7615 -10.0075 1 ) ( -68.7926 57.7461 -10.0423 1 ) ( -68.9243 57.7291 -10.0783 1 ) ( -69.0555 57.7108 -10.1154 1 ) ( -69.186 57.6906 -10.1538 1 ) ( -69.3155 57.6683 -10.1938 1 ) ( -69.4436 57.6435 -10.2355 1 ) ( -69.5707 57.6157 -10.2795 1 ) ( -69.6948 57.5854 -10.325 1 ) ( -69.8223 57.5504 -10.3748 1 ) ( -69.9282 57.5194 -10.4178 1 ) ( -70.0464 57.4804 -10.4694 1 ) ( -70.0596 57.4759 -10.4752 1 ) 
( -67.5734 57.8157 -9.77941 1 ) ( -67.587 57.8174 -9.78033 1 ) ( -67.7086 57.8315 -9.78961 1 ) ( -67.8156 57.8395 -9.80132 1 ) ( -67.9434 57.8465 -9.81726 1 ) ( -68.0659 57.8496 -9.83558 1 ) ( -68.1897 57.8495 -9.85664 1 ) ( -68.3127 57.8461 -9.88021 1 ) ( -68.4353 57.8397 -9.90623 1 ) ( -68.5574 57.8304 -9.93438 1 ) ( -68.6789 57.8188 -9.96436 1 ) ( -68.8 57.8052 -9.99589 1 ) ( -68.9205 57.7899 -10.0287 1 ) ( -69.0406 57.7732 -10.0625 1 ) ( -69.1599 57.7545 -10.0978 1 ) ( -69.2782 57.7336 -10.1347 1 ) ( -69.3951 57.71 -10.1736 1 ) ( -69.5108 57.6833 -10.2148 1 ) ( -69.6234 57.6538 -10.2576 1 ) ( -69.7389 57.6196 -10.3048 1 ) ( -69.8347 57.5891 -10.3457 1 ) ( -69.9411 57.5504 -10.395 1 ) ( -69.953 57.546 -10.4006 1 ) 
( -67.6702 57.8433 -9.77359 1 ) ( -67.6828 57.8453 -9.77409 1 ) ( -67.7952 57.862 -9.77965 1 ) ( -67.8943 57.8722 -9.78826 1 ) ( -68.0126 57.8817 -9.80062 1 ) ( -68.1259 57.8869 -9.81565 1 ) ( -68.2405 57.8888 -9.8335 1 ) ( -68.3544 57.8874 -9.85401 1 ) ( -68.4678 57.8826 -9.87707 1 ) ( -68.5806 57.875 -9.90236 1 ) ( -68.6929 57.8648 -9.92957 1 ) ( -68.8046 57.8526 -9.95841 1 ) ( -68.9159 57.8386 -9.98852 1 ) ( -69.0266 57.8232 -10.0198 1 ) ( -69.1365 57.8057 -10.0525 1 ) ( -69.2454 57.7858 -10.0871 1 ) ( -69.3528 57.7631 -10.1235 1 ) ( -69.4589 57.7371 -10.1625 1 ) ( -69.562 57.7083 -10.2032 1 ) ( -69.6674 57.6746 -10.2483 1 ) ( -69.7547 57.6444 -10.2875 1 ) ( -69.8512 57.6059 -10.335 1 ) ( -69.8619 57.6015 -10.3403 1 ) 
( -67.7861 57.87 -9.77164 1 ) ( -67.7974 57.8724 -9.77165 1 ) ( -67.8986 57.8922 -9.77279 1 ) ( -67.9878 57.9048 -9.77776 1 ) ( -68.0944 57.9172 -9.78588 1 ) ( -68.1966 57.9248 -9.79703 1 ) ( -68.2999 57.9291 -9.8111 1 ) ( -68.4025 57.9297 -9.82798 1 ) ( -68.5046 57.9269 -9.84754 1 ) ( -68.606 57.9211 -9.86945 1 ) ( -68.7069 57.9126 -9.89339 1 ) ( -68.8072 57.9019 -9.91904 1 ) ( -68.907 57.8894 -9.94604 1 ) ( -69.0063 57.8753 -9.97425 1 ) ( -69.1047 57.8591 -10.004 1 ) ( -69.202 57.8403 -10.0357 1 ) ( -69.2978 57.8187 -10.0694 1 ) ( -69.3921 57.7935 -10.1057 1 ) ( -69.4835 57.7653 -10.1439 1 ) ( -69.5765 57.7321 -10.1865 1 ) ( -69.6533 57.7022 -10.2237 1 ) ( -69.7378 57.6638 -10.269 1 ) ( -69.7471 57.6594 -10.2741 1 ) 
( -67.799 57.8729 -9.77147 1 ) ( -67.8102 57.8754 -9.77142 1 ) ( -67.9101 57.8955 -9.77208 1 ) ( -67.9982 57.9084 -9.77665 1 ) ( -68.1035 57.921 -9.7843 1 ) ( -68.2045 57.9289 -9.79502 1 ) ( -68.3065 57.9335 -9.80868 1 ) ( -68.4078 57.9343 -9.82515 1 ) ( -68.5086 57.9317 -9.84433 1 ) ( -68.6088 57.9261 -9.86587 1 ) ( -68.7083 57.9178 -9.88945 1 ) ( -68.8074 57.9073 -9.91475 1 ) ( -68.9059 57.8949 -9.94141 1 ) ( -69.0039 57.881 -9.96929 1 ) ( -69.101 57.8649 -9.99874 1 ) ( -69.197 57.8462 -10.0301 1 ) ( -69.2915 57.8247 -10.0635 1 ) ( -69.3845 57.7996 -10.0995 1 ) ( -69.4745 57.7715 -10.1374 1 ) ( -69.5662 57.7383 -10.1798 1 ) ( -69.6419 57.7084 -10.2167 1 ) ( -69.7249 57.67 -10.2618 1 ) ( -69.7341 57.6656 -10.2669 1 ) 
