 Knots U 
0 0 0 0 0.100669 0.200451 0.299706 0.399121 0.499523 0.600322 0.699912 0.799305 0.89923 1 1 1 1 
 Knots V 
0 0 0 0 0.1 0.2 0.3 0.4 0.5 0.6 0.7 0.8 0.9 1 1 1 1 
 Poles & Weights 
( -71.1395 55.7655 -1.32766 1 ) ( -71.136 55.7467 -1.32697 1 ) ( -71.0496 55.5845 -1.23986 1 ) ( -70.9978 55.4344 -1.1769 1 ) ( -70.9595 55.2459 -1.09531 1 ) ( -70.9614 55.0573 -1.03177 1 ) ( -71.0124 54.8656 -1.01154 1 ) ( -71.0552 54.6811 -0.945578 1 ) ( -71.1517 54.5084 -0.926368 1 ) ( -71.2708 54.3398 -0.915782 1 ) ( -71.3708 54.199 -0.902839 1 ) ( -71.537 54.0822 -0.953397 1 ) ( -71.5468 54.0704 -0.947306 1 ) 
( -71.1184 55.7455 -1.37236 1 ) ( -71.1148 55.7267 -1.3715 1 ) ( -71.0286 55.5646 -1.2838 1 ) ( -70.9768 55.4146 -1.22027 1 ) ( -70.9384 55.2262 -1.13827 1 ) ( -70.9403 55.0375 -1.07452 1 ) ( -70.9911 54.8457 -1.05378 1 ) ( -71.0342 54.661 -0.987906 1 ) ( -71.1306 54.4881 -0.968473 1 ) ( -71.2498 54.3193 -0.958031 1 ) ( -71.35 54.1786 -0.945513 1 ) ( -71.516 54.0613 -0.995948 1 ) ( -71.5258 54.0494 -0.990002 1 ) 
( -70.9308 55.5677 -1.76891 1 ) ( -70.9267 55.5493 -1.76647 1 ) ( -70.8421 55.3882 -1.67363 1 ) ( -70.7902 55.2393 -1.60496 1 ) ( -70.7517 55.0516 -1.51938 1 ) ( -70.7532 54.862 -1.45374 1 ) ( -70.802 54.6687 -1.42852 1 ) ( -70.8473 54.4826 -1.36339 1 ) ( -70.9434 54.3081 -1.34197 1 ) ( -71.0632 54.1381 -1.33282 1 ) ( -71.1653 53.9971 -1.32407 1 ) ( -71.3291 53.8757 -1.37341 1 ) ( -71.3396 53.8634 -1.36874 1 ) 
( -70.7663 55.4117 -2.11685 1 ) ( -70.7617 55.3936 -2.11303 1 ) ( -70.6784 55.2334 -2.01567 1 ) ( -70.6265 55.0854 -1.94249 1 ) ( -70.5878 54.8984 -1.85376 1 ) ( -70.589 54.708 -1.78647 1 ) ( -70.6362 54.5135 -1.75732 1 ) ( -70.6833 54.3261 -1.69284 1 ) ( -70.7791 54.1501 -1.66968 1 ) ( -70.8995 53.9791 -1.66166 1 ) ( -71.0032 53.8379 -1.65622 1 ) ( -71.1651 53.7129 -1.7046 1 ) ( -71.1762 53.7003 -1.70105 1 ) 
( -70.5705 55.226 -2.53091 1 ) ( -70.5654 55.2083 -2.52545 1 ) ( -70.4837 55.0492 -2.42273 1 ) ( -70.4317 54.9023 -2.34417 1 ) ( -70.3929 54.7161 -2.25169 1 ) ( -70.3937 54.5248 -2.18243 1 ) ( -70.4388 54.3288 -2.14861 1 ) ( -70.4881 54.1399 -2.08491 1 ) ( -70.5836 53.9621 -2.05967 1 ) ( -70.7047 53.7898 -2.053 1 ) ( -70.8104 53.6485 -2.0515 1 ) ( -70.97 53.5191 -2.09873 1 ) ( -70.9817 53.506 -2.09653 1 ) 
( -70.383 55.0483 -2.92734 1 ) ( -70.3774 55.0309 -2.9203 1 ) ( -70.2972 54.8728 -2.81244 1 ) ( -70.2452 54.727 -2.72874 1 ) ( -70.2062 54.5416 -2.63268 1 ) ( -70.2067 54.3494 -2.56154 1 ) ( -70.2498 54.1519 -2.52324 1 ) ( -70.3013 53.9616 -2.46028 1 ) ( -70.3965 53.7821 -2.43306 1 ) ( -70.5182 53.6086 -2.42768 1 ) ( -70.6257 53.4671 -2.42995 1 ) ( -70.7832 53.3336 -2.47609 1 ) ( -70.7955 53.3201 -2.47516 1 ) 
( -70.1935 54.8686 -3.32818 1 ) ( -70.1873 54.8516 -3.31955 1 ) ( -70.1087 54.6945 -3.20649 1 ) ( -70.0566 54.5498 -3.11759 1 ) ( -70.0174 54.3651 -3.01791 1 ) ( -70.0175 54.172 -2.94486 1 ) ( -70.0588 53.9731 -2.90203 1 ) ( -70.1124 53.7813 -2.83983 1 ) ( -70.2072 53.6001 -2.8106 1 ) ( -70.3296 53.4254 -2.80652 1 ) ( -70.439 53.2837 -2.81261 1 ) ( -70.5943 53.1461 -2.85764 1 ) ( -70.6073 53.1321 -2.85801 1 ) 
( -70.0039 54.6889 -3.72901 1 ) ( -69.9972 54.6722 -3.71879 1 ) ( -69.9202 54.5162 -3.60053 1 ) ( -69.868 54.3725 -3.50644 1 ) ( -69.8286 54.1886 -3.40313 1 ) ( -69.8284 53.9946 -3.32817 1 ) ( -69.8677 53.7942 -3.28083 1 ) ( -69.9235 53.601 -3.21938 1 ) ( -70.018 53.4181 -3.18814 1 ) ( -70.141 53.2422 -3.18537 1 ) ( -70.2524 53.1003 -3.19527 1 ) ( -70.4054 52.9585 -3.23919 1 ) ( -70.4191 52.9441 -3.24086 1 ) 
( -69.8164 54.5111 -4.12544 1 ) ( -69.8092 54.4948 -4.11364 1 ) ( -69.7337 54.3398 -3.99025 1 ) ( -69.6815 54.1972 -3.89101 1 ) ( -69.6419 54.014 -3.78412 1 ) ( -69.6414 53.8192 -3.70728 1 ) ( -69.6787 53.6173 -3.65546 1 ) ( -69.7366 53.4228 -3.59475 1 ) ( -69.8309 53.2381 -3.56154 1 ) ( -69.9545 53.061 -3.56005 1 ) ( -70.0677 52.9189 -3.57373 1 ) ( -70.2186 52.773 -3.61656 1 ) ( -70.2329 52.7582 -3.6195 1 ) 
( -69.6206 54.3255 -4.5395 1 ) ( -69.6128 54.3095 -4.52606 1 ) ( -69.539 54.1556 -4.39729 1 ) ( -69.4867 54.0142 -4.29269 1 ) ( -69.4469 53.8317 -4.18206 1 ) ( -69.446 53.6359 -4.10325 1 ) ( -69.4814 53.4326 -4.04676 1 ) ( -69.5415 53.2365 -3.98683 1 ) ( -69.6354 53.0501 -3.95154 1 ) ( -69.7596 52.8718 -3.9514 1 ) ( -69.8749 52.7294 -3.96902 1 ) ( -70.0235 52.5793 -4.01071 1 ) ( -70.0384 52.564 -4.01499 1 ) 
( -69.4561 54.1695 -4.88742 1 ) ( -69.4478 54.1538 -4.8726 1 ) ( -69.3753 54.0008 -4.73933 1 ) ( -69.323 53.8603 -4.63021 1 ) ( -69.2831 53.6785 -4.51644 1 ) ( -69.2819 53.482 -4.43597 1 ) ( -69.3155 53.2774 -4.37556 1 ) ( -69.3775 53.08 -4.31628 1 ) ( -69.4712 52.8921 -4.27926 1 ) ( -69.596 52.7128 -4.28025 1 ) ( -69.7129 52.5703 -4.30118 1 ) ( -69.8595 52.4165 -4.34191 1 ) ( -69.8751 52.4008 -4.34731 1 ) 
( -69.2685 53.9917 -5.28396 1 ) ( -69.2597 53.9764 -5.26757 1 ) ( -69.1888 53.8243 -5.12916 1 ) ( -69.1364 53.6849 -5.0149 1 ) ( -69.0963 53.5039 -4.89754 1 ) ( -69.0948 53.3065 -4.81519 1 ) ( -69.1265 53.1005 -4.7503 1 ) ( -69.1906 52.9017 -4.69177 1 ) ( -69.284 52.7121 -4.65276 1 ) ( -69.4094 52.5315 -4.65505 1 ) ( -69.5282 52.3888 -4.67975 1 ) ( -69.6727 52.2309 -4.71939 1 ) ( -69.6888 52.2149 -4.72607 1 ) 
( -69.2474 53.9716 -5.32867 1 ) ( -69.2385 53.9564 -5.3121 1 ) ( -69.1678 53.8045 -5.1731 1 ) ( -69.1154 53.6652 -5.05826 1 ) ( -69.0753 53.4842 -4.9405 1 ) ( -69.0737 53.2867 -4.85794 1 ) ( -69.1052 53.0805 -4.79255 1 ) ( -69.1696 52.8816 -4.7341 1 ) ( -69.2629 52.6918 -4.69487 1 ) ( -69.3883 52.5111 -4.6973 1 ) ( -69.5074 52.3684 -4.72243 1 ) ( -69.6516 52.21 -4.76194 1 ) ( -69.6678 52.1939 -4.76877 1 ) 
