 Knots U 
0 0 0 0 0.100954 0.201352 0.30112 0.40091 0.501282 0.602119 0.702653 0.801984 0.900709 1 1 1 1 
 Knots V 
0 0 0 0 0.1 0.2 0.3 0.4 0.5 0.6 0.7 0.8 0.9 1 1 1 1 
 Poles & Weights 
( -79.3045 46.9962 2.77596 1 ) ( -79.2979 46.9978 2.79635 1 ) ( -79.2399 47.0112 2.97745 1 ) ( -79.1766 47.0209 3.13024 1 ) ( -79.0764 47.0278 3.29988 1 ) ( -78.9512 47.0285 3.44358 1 ) ( -78.8046 47.0244 3.56898 1 ) ( -78.6416 47.0151 3.67108 1 ) ( -78.469 47.0031 3.74838 1 ) ( -78.2775 46.9945 3.79771 1 ) ( -78.1113 46.9932 3.81628 1 ) ( -77.9216 46.996 3.81917 1 ) ( -77.9 46.9962 3.82028 1 ) 
( -79.2645 47.0728 2.76116 1 ) ( -79.2579 47.0744 2.78153 1 ) ( -79.2 47.0875 2.9625 1 ) ( -79.1366 47.0969 3.11518 1 ) ( -79.0365 47.1033 3.28469 1 ) ( -78.9114 47.1036 3.42823 1 ) ( -78.765 47.0991 3.55346 1 ) ( -78.6022 47.0893 3.65546 1 ) ( -78.4298 47.0768 3.73277 1 ) ( -78.2386 47.0674 3.78216 1 ) ( -78.0727 47.0653 3.80069 1 ) ( -77.8834 47.0672 3.80344 1 ) ( -77.8619 47.0673 3.80455 1 ) 
( -78.9096 47.7521 2.62982 1 ) ( -78.9032 47.7535 2.65012 1 ) ( -78.8458 47.7648 2.8299 1 ) ( -78.7823 47.7712 2.98158 1 ) ( -78.6828 47.7739 3.1499 1 ) ( -78.5586 47.7703 3.29201 1 ) ( -78.4134 47.7617 3.41581 1 ) ( -78.2523 47.7476 3.51689 1 ) ( -78.0822 47.7303 3.59426 1 ) ( -77.8939 47.7145 3.64419 1 ) ( -77.7307 47.7055 3.66241 1 ) ( -77.5447 47.6987 3.6639 1 ) ( -77.5235 47.6978 3.66499 1 ) 
( -78.5983 48.3481 2.51459 1 ) ( -78.592 48.3493 2.53481 1 ) ( -78.5351 48.3591 2.71356 1 ) ( -78.4714 48.3628 2.86436 1 ) ( -78.3724 48.3622 3.03164 1 ) ( -78.2491 48.3552 3.17249 1 ) ( -78.105 48.343 3.29504 1 ) ( -77.9453 48.3251 3.39531 1 ) ( -77.7772 48.3036 3.47274 1 ) ( -77.5915 48.2822 3.52313 1 ) ( -77.4305 48.2673 3.54108 1 ) ( -77.2475 48.2527 3.54146 1 ) ( -77.2267 48.2511 3.54254 1 ) 
( -78.2278 49.0574 2.37745 1 ) ( -78.2216 49.0584 2.39759 1 ) ( -78.1653 49.0662 2.57511 1 ) ( -78.1014 49.0669 2.72486 1 ) ( -78.003 49.0623 2.8909 1 ) ( -77.8807 49.0513 3.03025 1 ) ( -77.7379 49.0349 3.1513 1 ) ( -77.58 49.0125 3.25062 1 ) ( -77.4142 48.986 3.32811 1 ) ( -77.2315 48.9579 3.37907 1 ) ( -77.0734 48.9357 3.39669 1 ) ( -76.8938 48.9121 3.39576 1 ) ( -76.8734 48.9095 3.39682 1 ) 
( -77.873 49.7365 2.24615 1 ) ( -77.867 49.7373 2.26621 1 ) ( -77.8112 49.7433 2.44255 1 ) ( -77.7472 49.741 2.5913 1 ) ( -77.6494 49.7326 2.75616 1 ) ( -77.5281 49.7178 2.89407 1 ) ( -77.3865 49.6973 3.01369 1 ) ( -77.2303 49.6706 3.11209 1 ) ( -77.0667 49.6393 3.18965 1 ) ( -76.8869 49.6047 3.24114 1 ) ( -76.7314 49.5758 3.25845 1 ) ( -76.5552 49.5433 3.25626 1 ) ( -76.5351 49.5398 3.25731 1 ) 
( -77.5143 50.4231 2.1134 1 ) ( -77.5085 50.4237 2.13338 1 ) ( -77.4532 50.4279 2.30852 1 ) ( -77.3891 50.4226 2.45626 1 ) ( -77.2918 50.4104 2.61991 1 ) ( -77.1715 50.3917 2.75638 1 ) ( -77.0312 50.3671 2.87455 1 ) ( -76.8766 50.336 2.97202 1 ) ( -76.7153 50.2998 3.04965 1 ) ( -76.5385 50.2588 3.10168 1 ) ( -76.3857 50.2229 3.11867 1 ) ( -76.2129 50.1816 3.11521 1 ) ( -76.1932 50.1772 3.11624 1 ) 
( -77.1556 51.1098 1.98064 1 ) ( -77.1499 51.1101 2.00054 1 ) ( -77.0952 51.1125 2.17449 1 ) ( -77.0309 51.1042 2.32121 1 ) ( -76.9343 51.0882 2.48367 1 ) ( -76.8149 51.0655 2.61869 1 ) ( -76.6758 51.0369 2.73541 1 ) ( -76.523 51.0014 2.83195 1 ) ( -76.3639 50.9604 2.90964 1 ) ( -76.19 50.9129 2.96222 1 ) ( -76.0399 50.87 2.97889 1 ) ( -75.8705 50.8199 2.97416 1 ) ( -75.8512 50.8146 2.97517 1 ) 
( -76.8009 51.7889 1.84934 1 ) ( -76.7953 51.789 1.86916 1 ) ( -76.7412 51.7895 2.04194 1 ) ( -76.6767 51.7783 2.18765 1 ) ( -76.5807 51.7585 2.34892 1 ) ( -76.4622 51.732 2.48251 1 ) ( -76.3244 51.6993 2.5978 1 ) ( -76.1732 51.6594 2.69342 1 ) ( -76.0164 51.6137 2.77118 1 ) ( -75.8454 51.5597 2.82429 1 ) ( -75.698 51.51 2.84065 1 ) ( -75.5319 51.4512 2.83466 1 ) ( -75.5129 51.4449 2.83566 1 ) 
( -76.4303 52.4982 1.71221 1 ) ( -76.4249 52.4981 1.73194 1 ) ( -76.3713 52.4967 1.90348 1 ) ( -76.3067 52.4824 2.04815 1 ) ( -76.2113 52.4586 2.20819 1 ) ( -76.0939 52.4281 2.34028 1 ) ( -75.9573 52.3911 2.45407 1 ) ( -75.8079 52.3468 2.54873 1 ) ( -75.6535 52.296 2.62656 1 ) ( -75.4855 52.2354 2.68022 1 ) ( -75.3408 52.1785 2.69626 1 ) ( -75.1782 52.1106 2.68895 1 ) ( -75.1596 52.1033 2.68994 1 ) 
( -76.119 53.0942 1.59697 1 ) ( -76.1137 53.0939 1.61663 1 ) ( -76.0606 53.091 1.78714 1 ) ( -75.9958 53.074 1.93093 1 ) ( -75.9009 53.047 2.08993 1 ) ( -75.7843 53.0131 2.22076 1 ) ( -75.6489 52.9725 2.3333 1 ) ( -75.5009 52.9244 2.42714 1 ) ( -75.3485 52.8694 2.50503 1 ) ( -75.183 52.8031 2.55917 1 ) ( -75.0407 52.7402 2.57494 1 ) ( -74.881 52.6646 2.56652 1 ) ( -74.8628 52.6566 2.56749 1 ) 
( -75.7641 53.7735 1.46564 1 ) ( -75.759 53.773 1.48522 1 ) ( -75.7064 53.7682 1.65455 1 ) ( -75.6415 53.7483 1.79734 1 ) ( -75.5472 53.7175 1.95514 1 ) ( -75.4316 53.6797 2.08454 1 ) ( -75.2973 53.6351 2.19564 1 ) ( -75.1511 53.5826 2.28857 1 ) ( -75.0008 53.5229 2.36652 1 ) ( -74.8383 53.4502 2.4212 1 ) ( -74.6986 53.3804 2.43665 1 ) ( -74.5423 53.2961 2.42697 1 ) ( -74.5244 53.2871 2.42793 1 ) 
( -75.7241 53.8501 1.45083 1 ) ( -75.719 53.8496 1.4704 1 ) ( -75.6665 53.8446 1.6396 1 ) ( -75.6015 53.8243 1.78227 1 ) ( -75.5073 53.7931 1.93995 1 ) ( -75.3918 53.7549 2.06918 1 ) ( -75.2577 53.7098 2.18013 1 ) ( -75.1116 53.6568 2.27295 1 ) ( -74.9616 53.5966 2.35091 1 ) ( -74.7995 53.5231 2.40565 1 ) ( -74.66 53.4526 2.42106 1 ) ( -74.5041 53.3673 2.41124 1 ) ( -74.4863 53.3582 2.4122 1 ) 
