 Knots U 
0 0 0 0 0.0469779 0.0974224 0.148037 0.198434 0.249109 0.299763 0.350366 0.400996 0.451628 0.502245 0.552851 0.603452 0.654059 0.704687 0.755319 0.805849 0.856391 0.90706 0.955106 1 1 1 1 
 Knots V 
0 0 0 0 0.0477541 0.0973973 0.147618 0.197862 0.248094 0.298343 0.348578 0.398828 0.449081 0.499335 0.549589 0.599842 0.650088 0.700338 0.750585 0.80085 0.851069 0.901329 0.951383 1 1 1 1 
 Poles & Weights 
( -84.5795 48.9181 -7.52168 1 ) ( -84.5826 48.9303 -7.48368 1 ) ( -84.6151 49.0371 -7.15458 1 ) ( -84.6244 49.1184 -6.89424 1 ) ( -84.6108 49.2179 -6.56012 1 ) ( -84.5885 49.3099 -6.23926 1 ) ( -84.576 49.4017 -5.91708 1 ) ( -84.5644 49.4941 -5.59485 1 ) ( -84.5502 49.5875 -5.27229 1 ) ( -84.5303 49.68 -4.95031 1 ) ( -84.5037 49.7661 -4.62694 1 ) ( -84.4706 49.8516 -4.30392 1 ) ( -84.4314 49.9486 -3.9848 1 ) ( -84.3921 50.0431 -3.66507 1 ) ( -84.3573 50.1249 -3.34139 1 ) ( -84.3231 50.2064 -3.01719 1 ) ( -84.2876 50.291 -2.69446 1 ) ( -84.2497 50.3737 -2.37185 1 ) ( -84.2068 50.4564 -2.05155 1 ) ( -84.142 50.5446 -1.72462 1 ) ( -84.0518 50.6102 -1.46493 1 ) ( -83.8112 50.6452 -1.20668 1 ) ( -83.7861 50.6494 -1.17941 1 ) 
( -84.5279 48.9015 -7.5331 1 ) ( -84.5306 48.9138 -7.49505 1 ) ( -84.5616 49.0216 -7.16476 1 ) ( -84.5717 49.104 -6.90253 1 ) ( -84.5582 49.205 -6.56654 1 ) ( -84.5363 49.2983 -6.24384 1 ) ( -84.5241 49.3914 -5.91977 1 ) ( -84.5128 49.4853 -5.59566 1 ) ( -84.4988 49.5801 -5.27123 1 ) ( -84.4792 49.674 -4.94738 1 ) ( -84.453 49.7616 -4.62216 1 ) ( -84.4204 49.8486 -4.2973 1 ) ( -84.3818 49.947 -3.9763 1 ) ( -84.3431 50.043 -3.65469 1 ) ( -84.3088 50.1262 -3.32915 1 ) ( -84.2751 50.2092 -3.00309 1 ) ( -84.2401 50.2953 -2.6785 1 ) ( -84.2028 50.3796 -2.35402 1 ) ( -84.1605 50.4638 -2.0319 1 ) ( -84.0967 50.5537 -1.70311 1 ) ( -84.0077 50.6207 -1.44184 1 ) ( -83.77 50.6578 -1.18169 1 ) ( -83.7452 50.6623 -1.15422 1 ) 
( -84.056 48.7943 -7.61219 1 ) ( -84.0557 48.8066 -7.57334 1 ) ( -84.074 48.9149 -7.22885 1 ) ( -84.0909 49.0003 -6.94715 1 ) ( -84.0786 49.1052 -6.59095 1 ) ( -84.059 49.2027 -6.24855 1 ) ( -84.0494 49.2997 -5.90434 1 ) ( -84.0405 49.3975 -5.56016 1 ) ( -84.0288 49.4964 -5.21572 1 ) ( -84.0119 49.5947 -4.8719 1 ) ( -83.9892 49.6874 -4.52687 1 ) ( -83.9609 49.7799 -4.18221 1 ) ( -83.9271 49.8827 -3.84107 1 ) ( -83.8931 49.9832 -3.49936 1 ) ( -83.8634 50.0716 -3.15391 1 ) ( -83.8344 50.1596 -2.80795 1 ) ( -83.8039 50.2509 -2.4635 1 ) ( -83.771 50.3407 -2.11905 1 ) ( -83.7342 50.4303 -1.77726 1 ) ( -83.6785 50.5262 -1.42855 1 ) ( -83.5998 50.5992 -1.15038 1 ) ( -83.3889 50.6463 -0.869765 1 ) ( -83.367 50.6518 -0.840241 1 ) 
( -83.6543 48.7161 -7.61309 1 ) ( -83.651 48.7277 -7.57505 1 ) ( -83.6552 48.8306 -7.23153 1 ) ( -83.6752 48.9138 -6.94369 1 ) ( -83.6605 49.016 -6.58355 1 ) ( -83.6395 49.1114 -6.23708 1 ) ( -83.6288 49.206 -5.88846 1 ) ( -83.6185 49.3014 -5.53995 1 ) ( -83.6054 49.398 -5.19125 1 ) ( -83.5875 49.4942 -4.84318 1 ) ( -83.5643 49.5855 -4.49404 1 ) ( -83.5363 49.6768 -4.14528 1 ) ( -83.5032 49.7776 -3.79975 1 ) ( -83.4699 49.8762 -3.4537 1 ) ( -83.4407 49.9632 -3.10406 1 ) ( -83.4122 50.0498 -2.75391 1 ) ( -83.3821 50.1396 -2.40529 1 ) ( -83.3497 50.2283 -2.05663 1 ) ( -83.3142 50.3169 -1.71079 1 ) ( -83.2619 50.412 -1.358 1 ) ( -83.1889 50.4852 -1.0762 1 ) ( -82.9969 50.5347 -0.791466 1 ) ( -82.977 50.5404 -0.761564 1 ) 
( -83.1663 48.616 -7.62764 1 ) ( -83.1595 48.627 -7.59101 1 ) ( -83.1464 48.7265 -7.25232 1 ) ( -83.1699 48.8098 -6.95984 1 ) ( -83.152 48.9121 -6.59853 1 ) ( -83.1293 49.0079 -6.25058 1 ) ( -83.117 49.1028 -5.90009 1 ) ( -83.1048 49.1984 -5.54979 1 ) ( -83.09 49.2954 -5.19941 1 ) ( -83.0705 49.3923 -4.84966 1 ) ( -83.0467 49.4851 -4.49901 1 ) ( -83.0188 49.5782 -4.14876 1 ) ( -82.9865 49.6796 -3.80139 1 ) ( -82.9539 49.7791 -3.45354 1 ) ( -82.9251 49.8677 -3.1023 1 ) ( -82.8972 49.9556 -2.75054 1 ) ( -82.8674 50.0469 -2.40033 1 ) ( -82.8354 50.1375 -2.05006 1 ) ( -82.8013 50.2278 -1.70275 1 ) ( -82.753 50.3253 -1.34853 1 ) ( -82.687 50.4014 -1.06525 1 ) ( -82.5178 50.4571 -0.779161 1 ) ( -82.5004 50.4635 -0.749175 1 ) 
( -82.6975 48.5258 -7.64096 1 ) ( -82.6872 48.5361 -7.60568 1 ) ( -82.6575 48.6313 -7.27163 1 ) ( -82.6845 48.7137 -6.97473 1 ) ( -82.6636 48.8149 -6.61231 1 ) ( -82.6392 48.9101 -6.26296 1 ) ( -82.6255 49.0041 -5.91069 1 ) ( -82.6116 49.099 -5.5587 1 ) ( -82.5951 49.1952 -5.20671 1 ) ( -82.5743 49.2916 -4.85538 1 ) ( -82.5498 49.3848 -4.50329 1 ) ( -82.5222 49.4785 -4.15163 1 ) ( -82.4906 49.5795 -3.80251 1 ) ( -82.4587 49.6788 -3.45296 1 ) ( -82.4304 49.7676 -3.1002 1 ) ( -82.403 49.8558 -2.74691 1 ) ( -82.3736 49.9473 -2.3952 1 ) ( -82.3421 50.0386 -2.04341 1 ) ( -82.3093 50.1296 -1.6947 1 ) ( -82.2649 50.2282 -1.33914 1 ) ( -82.2056 50.3062 -1.05445 1 ) ( -82.0584 50.3668 -0.767073 1 ) ( -82.0434 50.3737 -0.73701 1 ) 
( -82.2266 48.4142 -7.64623 1 ) ( -82.2128 48.424 -7.61231 1 ) ( -82.1663 48.5153 -7.28299 1 ) ( -82.1969 48.5971 -6.98161 1 ) ( -82.1729 48.6978 -6.61811 1 ) ( -82.1467 48.7928 -6.26735 1 ) ( -82.1315 48.8864 -5.9133 1 ) ( -82.1159 48.9809 -5.55962 1 ) ( -82.0976 49.0768 -5.20603 1 ) ( -82.0754 49.1733 -4.85311 1 ) ( -82.0503 49.2673 -4.49959 1 ) ( -82.0229 49.362 -4.14651 1 ) ( -81.992 49.4631 -3.79565 1 ) ( -81.9608 49.5625 -3.44439 1 ) ( -81.9329 49.6522 -3.09011 1 ) ( -81.9061 49.7411 -2.7353 1 ) ( -81.877 49.8334 -2.38209 1 ) ( -81.8459 49.9259 -2.02877 1 ) ( -81.8144 50.018 -1.67867 1 ) ( -81.774 50.1181 -1.32176 1 ) ( -81.7215 50.1984 -1.03567 1 ) ( -81.5965 50.2644 -0.747011 1 ) ( -81.5838 50.2719 -0.716871 1 ) 
( -81.7617 48.2865 -7.64389 1 ) ( -81.7444 48.2957 -7.61134 1 ) ( -81.6812 48.3828 -7.28672 1 ) ( -81.7153 48.4639 -6.9809 1 ) ( -81.6883 48.5637 -6.61632 1 ) ( -81.6605 48.6583 -6.26418 1 ) ( -81.6438 48.7513 -5.90836 1 ) ( -81.6266 48.8452 -5.553 1 ) ( -81.6065 48.9406 -5.19782 1 ) ( -81.583 49.0368 -4.84332 1 ) ( -81.5573 49.1314 -4.48838 1 ) ( -81.5301 49.227 -4.1339 1 ) ( -81.5 49.3279 -3.7813 1 ) ( -81.4695 49.4273 -3.42835 1 ) ( -81.4421 49.5175 -3.07257 1 ) ( -81.4158 49.6069 -2.71625 1 ) ( -81.3871 49.6997 -2.36153 1 ) ( -81.3565 49.7932 -2.0067 1 ) ( -81.3265 49.8861 -1.65523 1 ) ( -81.29 49.9876 -1.29698 1 ) ( -81.2442 50.07 -1.0095 1 ) ( -81.1414 50.1412 -0.71957 1 ) ( -81.1312 50.1492 -0.689355 1 ) 
( -81.2911 48.1789 -7.65068 1 ) ( -81.2703 48.1876 -7.61951 1 ) ( -81.1903 48.271 -7.29972 1 ) ( -81.2278 48.3518 -6.98953 1 ) ( -81.1977 48.4513 -6.62396 1 ) ( -81.1681 48.546 -6.27053 1 ) ( -81.1499 48.6389 -5.91305 1 ) ( -81.1308 48.7326 -5.55611 1 ) ( -81.1089 48.828 -5.19944 1 ) ( -81.0839 48.9245 -4.84346 1 ) ( -81.0576 49.0201 -4.4872 1 ) ( -81.0305 49.117 -4.13142 1 ) ( -81.001 49.2182 -3.77719 1 ) ( -80.9711 49.3181 -3.42264 1 ) ( -80.9441 49.4094 -3.06545 1 ) ( -80.9183 49.4997 -2.70773 1 ) ( -80.8899 49.5936 -2.35162 1 ) ( -80.8596 49.6884 -1.99538 1 ) ( -80.8308 49.7828 -1.64263 1 ) ( -80.7982 49.8861 -1.28314 1 ) ( -80.7591 49.971 -0.994349 1 ) ( -80.6784 50.0478 -0.70326 1 ) ( -80.6705 50.0564 -0.672979 1 ) 
( -80.8196 48.0772 -7.66006 1 ) ( -80.7953 48.0853 -7.63028 1 ) ( -80.6985 48.1647 -7.31537 1 ) ( -80.7395 48.2449 -7.00087 1 ) ( -80.7064 48.3438 -6.6344 1 ) ( -80.6751 48.4381 -6.27974 1 ) ( -80.6553 48.5305 -5.92066 1 ) ( -80.6345 48.6238 -5.56221 1 ) ( -80.6109 48.7188 -5.20411 1 ) ( -80.5845 48.8152 -4.84672 1 ) ( -80.5575 48.9115 -4.48922 1 ) ( -80.5306 49.0094 -4.13221 1 ) ( -80.5018 49.1105 -3.77641 1 ) ( -80.4726 49.2105 -3.42033 1 ) ( -80.4461 49.3025 -3.06181 1 ) ( -80.4208 49.3935 -2.70274 1 ) ( -80.3927 49.4879 -2.34531 1 ) ( -80.3628 49.5839 -1.98772 1 ) ( -80.3354 49.6793 -1.63376 1 ) ( -80.3067 49.7841 -1.27311 1 ) ( -80.2743 49.8712 -0.983058 1 ) ( -80.2158 49.9533 -0.690876 1 ) ( -80.2103 49.9625 -0.660538 1 ) 
( -80.3495 47.9688 -7.66644 1 ) ( -80.3217 47.9763 -7.6381 1 ) ( -80.2081 48.0517 -7.32851 1 ) ( -80.2527 48.1313 -7.01003 1 ) ( -80.2164 48.2295 -6.64308 1 ) ( -80.1834 48.3236 -6.28762 1 ) ( -80.1621 48.4156 -5.92734 1 ) ( -80.1396 48.5084 -5.56779 1 ) ( -80.1141 48.603 -5.20869 1 ) ( -80.0863 48.6994 -4.85031 1 ) ( -80.0587 48.7965 -4.49197 1 ) ( -80.032 48.8953 -4.13414 1 ) ( -80.0039 48.9965 -3.77718 1 ) ( -79.9753 49.0966 -3.41999 1 ) ( -79.9492 49.1893 -3.06054 1 ) ( -79.9245 49.2809 -2.70055 1 ) ( -79.8967 49.376 -2.3422 1 ) ( -79.8673 49.4731 -1.98369 1 ) ( -79.8411 49.5695 -1.62892 1 ) ( -79.8164 49.6759 -1.26753 1 ) ( -79.7907 49.7651 -0.976573 1 ) ( -79.7543 49.8526 -0.683729 1 ) ( -79.7512 49.8623 -0.653379 1 ) 
( -79.8792 47.8612 -7.67321 1 ) ( -79.8479 47.8681 -7.64636 1 ) ( -79.7176 47.9395 -7.34258 1 ) ( -79.7656 48.0184 -7.02051 1 ) ( -79.7263 48.1159 -6.65359 1 ) ( -79.6915 48.2097 -6.2978 1 ) ( -79.6688 48.3011 -5.93682 1 ) ( -79.6445 48.3934 -5.57665 1 ) ( -79.6173 48.4876 -5.21702 1 ) ( -79.5881 48.5838 -4.85812 1 ) ( -79.5598 48.6815 -4.49943 1 ) ( -79.5333 48.7814 -4.14126 1 ) ( -79.5059 48.8824 -3.78363 1 ) ( -79.478 48.9826 -3.42581 1 ) ( -79.4524 49.0759 -3.06591 1 ) ( -79.4281 49.1681 -2.70547 1 ) ( -79.4007 49.2638 -2.34669 1 ) ( -79.3717 49.362 -1.98773 1 ) ( -79.3469 49.4593 -1.63264 1 ) ( -79.3261 49.5671 -1.27098 1 ) ( -79.3071 49.6585 -0.97953 1 ) ( -79.2929 49.7512 -0.686528 1 ) ( -79.2921 49.7615 -0.656217 1 ) 
( -79.4078 47.7583 -7.68209 1 ) ( -79.3731 47.7645 -7.65671 1 ) ( -79.2264 47.8299 -7.35853 1 ) ( -79.2783 47.9068 -7.0327 1 ) ( -79.2363 48.0018 -6.66557 1 ) ( -79.2003 48.0935 -6.30923 1 ) ( -79.1765 48.1826 -5.94733 1 ) ( -79.1509 48.2726 -5.58633 1 ) ( -79.1223 48.3646 -5.22596 1 ) ( -79.0922 48.459 -4.86633 1 ) ( -79.0637 48.5556 -4.50707 1 ) ( -79.0378 48.6546 -4.14834 1 ) ( -79.0115 48.7537 -3.78983 1 ) ( -78.9847 48.8522 -3.43116 1 ) ( -78.96 48.9445 -3.07061 1 ) ( -78.9367 49.0355 -2.7095 1 ) ( -78.9101 49.1301 -2.35008 1 ) ( -78.8819 49.2275 -1.99045 1 ) ( -78.8589 49.324 -1.63483 1 ) ( -78.8424 49.4315 -1.27269 1 ) ( -78.8305 49.5236 -0.980558 1 ) ( -78.8389 49.6197 -0.687171 1 ) ( -78.8406 49.6304 -0.656876 1 ) 
( -78.9412 47.6354 -7.68196 1 ) ( -78.903 47.6409 -7.65816 1 ) ( -78.7397 47.7019 -7.36651 1 ) ( -78.7951 47.7778 -7.03766 1 ) ( -78.7502 47.8717 -6.67127 1 ) ( -78.7126 47.9627 -6.3153 1 ) ( -78.6874 48.051 -5.95338 1 ) ( -78.6602 48.1401 -5.59245 1 ) ( -78.6299 48.2314 -5.23225 1 ) ( -78.5985 48.3252 -4.8728 1 ) ( -78.5695 48.4222 -4.51388 1 ) ( -78.5439 48.5218 -4.15551 1 ) ( -78.5184 48.6204 -3.79701 1 ) ( -78.4923 48.7187 -3.43841 1 ) ( -78.4682 48.8113 -3.0781 1 ) ( -78.4455 48.9024 -2.71725 1 ) ( -78.4193 48.9973 -2.35808 1 ) ( -78.3916 49.0954 -1.9987 1 ) ( -78.37 49.1925 -1.64345 1 ) ( -78.3576 49.3011 -1.28175 1 ) ( -78.3525 49.3951 -0.989701 1 ) ( -78.3832 49.4961 -0.696879 1 ) ( -78.3873 49.5072 -0.666699 1 ) 
( -78.4773 47.5018 -7.67707 1 ) ( -78.4357 47.5068 -7.65499 1 ) ( -78.2554 47.5648 -7.37114 1 ) ( -78.3141 47.6408 -7.04026 1 ) ( -78.2659 47.735 -6.67589 1 ) ( -78.2264 47.8266 -6.32149 1 ) ( -78.1995 47.9153 -5.96078 1 ) ( -78.1703 48.0049 -5.60116 1 ) ( -78.1381 48.0967 -5.24235 1 ) ( -78.105 48.1913 -4.88429 1 ) ( -78.0752 48.2899 -4.52693 1 ) ( -78.0496 48.3913 -4.17014 1 ) ( -78.0246 48.4909 -3.81289 1 ) ( -77.999 48.5901 -3.45557 1 ) ( -77.9751 48.6843 -3.09674 1 ) ( -77.9528 48.777 -2.73735 1 ) ( -77.9266 48.8734 -2.37967 1 ) ( -77.8992 48.9735 -2.02177 1 ) ( -77.8787 49.0726 -1.66809 1 ) ( -77.8701 49.1836 -1.30807 1 ) ( -77.8715 49.2805 -1.01714 1 ) ( -77.9241 49.3877 -0.726159 1 ) ( -77.9306 49.3995 -0.696225 1 ) 
( -78.0062 47.3976 -7.68535 1 ) ( -77.961 47.4019 -7.66491 1 ) ( -77.7642 47.4549 -7.38815 1 ) ( -77.8267 47.5296 -7.0547 1 ) ( -77.7757 47.622 -6.69164 1 ) ( -77.7347 47.7125 -6.33814 1 ) ( -77.7066 47.7998 -5.97796 1 ) ( -77.6759 47.8879 -5.61895 1 ) ( -77.6422 47.9784 -5.26085 1 ) ( -77.608 48.072 -4.90352 1 ) ( -77.5778 48.1703 -4.54704 1 ) ( -77.5526 48.2718 -4.19114 1 ) ( -77.5286 48.3704 -3.83446 1 ) ( -77.5039 48.4688 -3.47774 1 ) ( -77.4807 48.5628 -3.11971 1 ) ( -77.4592 48.6551 -2.76111 1 ) ( -77.4337 48.7513 -2.40423 1 ) ( -77.4069 48.8515 -2.04712 1 ) ( -77.388 48.9506 -1.69435 1 ) ( -77.3836 49.0622 -1.33532 1 ) ( -77.392 49.1605 -1.04493 1 ) ( -77.467 49.2721 -0.755081 1 ) ( -77.4758 49.2843 -0.72532 1 ) 
( -77.5366 47.2874 -7.69096 1 ) ( -77.488 47.2912 -7.67217 1 ) ( -77.2746 47.3394 -7.40262 1 ) ( -77.3407 47.413 -7.06668 1 ) ( -77.2869 47.5042 -6.70505 1 ) ( -77.2444 47.5937 -6.35256 1 ) ( -77.2149 47.6799 -5.99303 1 ) ( -77.1827 47.7669 -5.63475 1 ) ( -77.1474 47.8564 -5.27748 1 ) ( -77.112 47.9493 -4.92098 1 ) ( -77.0814 48.0478 -4.5655 1 ) ( -77.0566 48.1496 -4.21062 1 ) ( -77.0335 48.2475 -3.85461 1 ) ( -77.0097 48.3454 -3.49862 1 ) ( -76.9872 48.4395 -3.14149 1 ) ( -76.9663 48.5318 -2.7838 1 ) ( -76.9413 48.628 -2.42783 1 ) ( -76.9152 48.7287 -2.07164 1 ) ( -76.8979 48.8282 -1.71989 1 ) ( -76.8975 48.9406 -1.36196 1 ) ( -76.9128 49.0407 -1.07221 1 ) ( -77.0102 49.1569 -0.783611 1 ) ( -77.0214 49.1696 -0.754035 1 ) 
( -77.0667 47.1743 -7.69537 1 ) ( -77.0146 47.1774 -7.67824 1 ) ( -76.7846 47.221 -7.41597 1 ) ( -76.8544 47.2935 -7.07758 1 ) ( -76.7976 47.3833 -6.71743 1 ) ( -76.7536 47.472 -6.36601 1 ) ( -76.7228 47.557 -6.00717 1 ) ( -76.689 47.643 -5.64967 1 ) ( -76.6521 47.7314 -5.29328 1 ) ( -76.6155 47.8236 -4.93767 1 ) ( -76.5844 47.9222 -4.58323 1 ) ( -76.56 48.0244 -4.22942 1 ) ( -76.5377 48.1216 -3.87415 1 ) ( -76.5147 48.2189 -3.51892 1 ) ( -76.4928 48.3131 -3.16276 1 ) ( -76.4727 48.4054 -2.80602 1 ) ( -76.4482 48.5016 -2.45102 1 ) ( -76.4226 48.6028 -2.09579 1 ) ( -76.4068 48.7027 -1.74511 1 ) ( -76.4105 48.816 -1.38834 1 ) ( -76.4327 48.9177 -1.09927 1 ) ( -76.5525 49.0385 -0.811976 1 ) ( -76.5661 49.0517 -0.782591 1 ) 
( -76.602 47.0615 -7.69931 1 ) ( -76.5465 47.064 -7.68381 1 ) ( -76.3 47.1032 -7.4286 1 ) ( -76.3732 47.1748 -7.08768 1 ) ( -76.3136 47.2636 -6.72886 1 ) ( -76.2679 47.3517 -6.37836 1 ) ( -76.2357 47.4359 -6.02007 1 ) ( -76.2003 47.521 -5.66322 1 ) ( -76.1618 47.6088 -5.30757 1 ) ( -76.1238 47.7006 -4.95271 1 ) ( -76.0922 47.7995 -4.59917 1 ) ( -76.0681 47.9023 -4.24628 1 ) ( -76.0466 47.9991 -3.8916 1 ) ( -76.0244 48.0963 -3.53701 1 ) ( -76.003 48.1908 -3.18166 1 ) ( -75.9835 48.2834 -2.82574 1 ) ( -75.9594 48.3799 -2.47156 1 ) ( -75.9344 48.4818 -2.11715 1 ) ( -75.92 48.5824 -1.7674 1 ) ( -75.9277 48.6968 -1.41164 1 ) ( -75.9566 48.8004 -1.12313 1 ) ( -76.0984 48.9262 -0.836995 1 ) ( -76.1145 48.9399 -0.807786 1 ) 
( -76.1169 46.9415 -7.70247 1 ) ( -76.0578 46.9433 -7.68882 1 ) ( -75.7943 46.9782 -7.44216 1 ) ( -75.8715 47.0489 -7.09951 1 ) ( -75.8091 47.1368 -6.74326 1 ) ( -75.7621 47.2243 -6.39486 1 ) ( -75.7288 47.3077 -6.03828 1 ) ( -75.692 47.3921 -5.68324 1 ) ( -75.652 47.4792 -5.32949 1 ) ( -75.6131 47.5707 -4.97653 1 ) ( -75.5812 47.6701 -4.62508 1 ) ( -75.5577 47.7737 -4.27429 1 ) ( -75.5373 47.8701 -3.92135 1 ) ( -75.5162 47.9671 -3.56855 1 ) ( -75.4958 48.0621 -3.21519 1 ) ( -75.4772 48.1551 -2.86125 1 ) ( -75.4539 48.2521 -2.50908 1 ) ( -75.4297 48.3548 -2.15665 1 ) ( -75.4171 48.4562 -1.809 1 ) ( -75.4293 48.5719 -1.45544 1 ) ( -75.4655 48.6776 -1.16848 1 ) ( -75.6307 48.8085 -0.884732 1 ) ( -75.6492 48.8228 -0.855827 1 ) 
( -75.7194 46.8434 -7.70517 1 ) ( -75.6573 46.8445 -7.69291 1 ) ( -75.3791 46.8737 -7.45233 1 ) ( -75.4588 46.9421 -7.10755 1 ) ( -75.3933 47.0272 -6.75247 1 ) ( -75.3442 47.1123 -6.40489 1 ) ( -75.3091 47.1932 -6.04883 1 ) ( -75.2703 47.275 -5.69437 1 ) ( -75.2283 47.3596 -5.34128 1 ) ( -75.1877 47.4489 -4.989 1 ) ( -75.1547 47.5467 -4.63836 1 ) ( -75.1308 47.6489 -4.28839 1 ) ( -75.1106 47.7432 -3.936 1 ) ( -75.0895 47.8381 -3.58377 1 ) ( -75.0689 47.9316 -3.23115 1 ) ( -75.0502 48.0228 -2.87794 1 ) ( -75.0266 48.1183 -2.5265 1 ) ( -75.0023 48.2198 -2.17482 1 ) ( -74.9903 48.3199 -1.82799 1 ) ( -75.0053 48.4346 -1.47533 1 ) ( -75.0468 48.5403 -1.18889 1 ) ( -75.2302 48.6736 -0.906163 1 ) ( -75.2507 48.688 -0.877411 1 ) 
( -75.2466 46.7276 -7.70874 1 ) ( -75.1816 46.7278 -7.6997 1 ) ( -74.8922 46.7506 -7.47983 1 ) ( -74.9799 46.8167 -7.14312 1 ) ( -74.917 46.8987 -6.803 1 ) ( -74.8717 46.9813 -6.46938 1 ) ( -74.8406 47.0595 -6.12694 1 ) ( -74.8055 47.1387 -5.78621 1 ) ( -74.7672 47.2207 -5.44697 1 ) ( -74.7306 47.3076 -5.10853 1 ) ( -74.7025 47.4039 -4.77189 1 ) ( -74.6843 47.5049 -4.43594 1 ) ( -74.6702 47.5969 -4.09723 1 ) ( -74.6553 47.6897 -3.75873 1 ) ( -74.6406 47.7817 -3.42002 1 ) ( -74.628 47.8713 -3.08073 1 ) ( -74.6102 47.9652 -2.74319 1 ) ( -74.5918 48.0655 -2.40546 1 ) ( -74.5866 48.1644 -2.07258 1 ) ( -74.6111 48.2785 -1.73417 1 ) ( -74.664 48.3845 -1.45932 1 ) ( -74.8755 48.5208 -1.19142 1 ) ( -74.899 48.5356 -1.16426 1 ) 
( -75.1932 46.7138 -7.70886 1 ) ( -75.128 46.714 -7.70026 1 ) ( -74.8376 46.7365 -7.48337 1 ) ( -74.9265 46.8026 -7.14809 1 ) ( -74.8642 46.8848 -6.8103 1 ) ( -74.8196 46.9675 -6.47888 1 ) ( -74.7893 47.0458 -6.13861 1 ) ( -74.755 47.125 -5.80005 1 ) ( -74.7174 47.2072 -5.463 1 ) ( -74.6816 47.2942 -5.12675 1 ) ( -74.6544 47.3907 -4.79231 1 ) ( -74.6372 47.492 -4.45857 1 ) ( -74.6241 47.5842 -4.12203 1 ) ( -74.6102 47.6772 -3.78571 1 ) ( -74.5966 47.7693 -3.4492 1 ) ( -74.585 47.8592 -3.1121 1 ) ( -74.5682 47.9533 -2.77675 1 ) ( -74.5508 48.054 -2.44123 1 ) ( -74.5467 48.1531 -2.11055 1 ) ( -74.5726 48.2675 -1.77438 1 ) ( -74.6271 48.3739 -1.50137 1 ) ( -74.8421 48.5109 -1.23579 1 ) ( -74.866 48.5258 -1.20888 1 ) 
