 Knots U 
0 0 0 0 0.100478 0.20035 0.299964 0.399863 0.500451 0.601541 0.70234 0.80186 0.900648 1 1 1 1 
 Knots V 
0 0 0 0 0.0993574 0.197941 0.296799 0.395663 0.495318 0.595445 0.695897 0.796879 0.898197 1 1 1 1 
 Poles & Weights 
( -78.7211 45.3571 5.16965 1 ) ( -78.7029 45.3468 5.17031 1 ) ( -78.5469 45.2456 5.17498 1 ) ( -78.417 45.1498 5.17854 1 ) ( -78.2794 45.0204 5.18125 1 ) ( -78.1762 44.8707 5.18135 1 ) ( -78.0956 44.7025 5.17907 1 ) ( -78.0348 44.5252 5.17396 1 ) ( -77.9931 44.3468 5.16742 1 ) ( -77.9836 44.157 5.16498 1 ) ( -78.0023 43.9965 5.1682 1 ) ( -78.0417 43.8169 5.17514 1 ) ( -78.046 43.7962 5.17596 1 ) 
( -78.7198 45.3615 5.14317 1 ) ( -78.7016 45.351 5.14371 1 ) ( -78.5449 45.2492 5.14747 1 ) ( -78.4144 45.1529 5.14997 1 ) ( -78.276 45.0231 5.15109 1 ) ( -78.1718 44.8732 5.14934 1 ) ( -78.0903 44.705 5.14496 1 ) ( -78.0287 44.5279 5.13751 1 ) ( -77.9861 44.3496 5.12848 1 ) ( -77.9757 44.1601 5.12315 1 ) ( -77.9936 43.9998 5.12378 1 ) ( -78.0323 43.8207 5.12769 1 ) ( -78.0365 43.8 5.12817 1 ) 
( -78.6942 45.4135 4.90486 1 ) ( -78.6761 45.4023 4.90337 1 ) ( -78.5198 45.2949 4.89021 1 ) ( -78.3895 45.1942 4.87543 1 ) ( -78.2506 45.061 4.85286 1 ) ( -78.1446 44.9102 4.8254 1 ) ( -78.0609 44.7425 4.79284 1 ) ( -77.9973 44.5668 4.75519 1 ) ( -77.9534 44.3905 4.71447 1 ) ( -77.9415 44.2039 4.67347 1 ) ( -77.9585 44.0469 4.64241 1 ) ( -77.9969 43.8722 4.60967 1 ) ( -78.001 43.852 4.606 1 ) 
( -78.6385 45.5135 4.72241 1 ) ( -78.6206 45.5016 4.71903 1 ) ( -78.4653 45.3881 4.69028 1 ) ( -78.3356 45.2829 4.65966 1 ) ( -78.1968 45.1455 4.61548 1 ) ( -78.09 44.9928 4.56465 1 ) ( -78.0048 44.8245 4.50657 1 ) ( -77.9402 44.649 4.44158 1 ) ( -77.8956 44.4733 4.37224 1 ) ( -77.8831 44.2882 4.29907 1 ) ( -77.8997 44.1332 4.23945 1 ) ( -77.9385 43.9612 4.17371 1 ) ( -77.9424 43.9414 4.1663 1 ) 
( -78.562 45.6338 4.51214 1 ) ( -78.5441 45.6219 4.50673 1 ) ( -78.3887 45.5096 4.46119 1 ) ( -78.2588 45.4062 4.4133 1 ) ( -78.1189 45.2726 4.34532 1 ) ( -78.0097 45.1261 4.26856 1 ) ( -77.9217 44.9654 4.182 1 ) ( -77.8546 44.7985 4.08639 1 ) ( -77.808 44.6319 3.98491 1 ) ( -77.7935 44.4573 3.87547 1 ) ( -77.8087 44.3119 3.78362 1 ) ( -77.8467 44.1516 3.68056 1 ) ( -77.8504 44.133 3.66893 1 ) 
( -78.4816 45.7749 4.33029 1 ) ( -78.4633 45.7641 4.32362 1 ) ( -78.3031 45.663 4.26807 1 ) ( -78.1687 45.5702 4.209 1 ) ( -78.0228 45.4509 4.12455 1 ) ( -77.9066 45.3203 4.02898 1 ) ( -77.8111 45.1772 3.92122 1 ) ( -77.7367 45.0289 3.80233 1 ) ( -77.6836 44.881 3.676 1 ) ( -77.6621 44.727 3.53808 1 ) ( -77.6716 44.5998 3.42062 1 ) ( -77.7041 44.4608 3.28772 1 ) ( -77.7072 44.4446 3.27273 1 ) 
( -78.404 45.9501 4.17741 1 ) ( -78.3844 45.941 4.1705 1 ) ( -78.2123 45.8556 4.11411 1 ) ( -78.0671 45.7773 4.05194 1 ) ( -77.9077 45.6769 3.96064 1 ) ( -77.7773 45.5668 3.85546 1 ) ( -77.667 45.4459 3.73574 1 ) ( -77.5783 45.3205 3.60278 1 ) ( -77.5114 45.1958 3.4607 1 ) ( -77.4756 45.0671 3.30387 1 ) ( -77.473 44.9623 3.16892 1 ) ( -77.493 44.8489 3.01527 1 ) ( -77.4945 44.8357 2.99794 1 ) 
( -78.3182 46.1468 4.05536 1 ) ( -78.2975 46.1393 4.04807 1 ) ( -78.1148 46.0682 3.98953 1 ) ( -77.96 46.0033 3.92309 1 ) ( -77.7884 45.9205 3.82355 1 ) ( -77.6451 45.8297 3.70741 1 ) ( -77.5213 45.7295 3.57438 1 ) ( -77.4194 45.6259 3.42601 1 ) ( -77.3401 45.5232 3.26684 1 ) ( -77.2912 45.4185 3.08969 1 ) ( -77.2778 45.3348 2.93603 1 ) ( -77.2865 45.2459 2.76029 1 ) ( -77.2865 45.2354 2.74047 1 ) 
( -78.2104 46.3462 3.96582 1 ) ( -78.1888 46.3404 3.95826 1 ) ( -77.9979 46.2859 3.89862 1 ) ( -77.8356 46.2365 3.82887 1 ) ( -77.6545 46.1736 3.72224 1 ) ( -77.5008 46.1042 3.59629 1 ) ( -77.366 46.0271 3.45112 1 ) ( -77.2535 45.9473 3.28851 1 ) ( -77.1643 45.8688 3.11343 1 ) ( -77.1049 45.7904 2.91721 1 ) ( -77.0828 45.7297 2.74594 1 ) ( -77.0826 45.6674 2.54933 1 ) ( -77.0815 45.6599 2.52716 1 ) 
( -78.0884 46.5591 3.90172 1 ) ( -78.0658 46.5553 3.89455 1 ) ( -77.8648 46.5197 3.83959 1 ) ( -77.6933 46.4878 3.77155 1 ) ( -77.5004 46.4473 3.66367 1 ) ( -77.3342 46.4019 3.53336 1 ) ( -77.1864 46.3503 3.38145 1 ) ( -77.0612 46.2971 3.20992 1 ) ( -76.96 46.2453 3.02409 1 ) ( -76.8879 46.1959 2.81416 1 ) ( -76.8553 46.1607 2.62974 1 ) ( -76.8443 46.1277 2.41721 1 ) ( -76.8419 46.1235 2.39327 1 ) 
( -77.999 46.7483 3.86073 1 ) ( -77.9752 46.7463 3.8545 1 ) ( -77.7631 46.7262 3.80895 1 ) ( -77.5817 46.7086 3.74717 1 ) ( -77.3764 46.6866 3.64396 1 ) ( -77.1972 46.661 3.51547 1 ) ( -77.036 46.6306 3.36342 1 ) ( -76.8975 46.5993 3.18988 1 ) ( -76.7837 46.5697 3.00044 1 ) ( -76.6984 46.5444 2.78467 1 ) ( -76.6548 46.5302 2.59402 1 ) ( -76.6322 46.5216 2.37353 1 ) ( -76.6284 46.5201 2.34871 1 ) 
( -77.9106 46.9715 3.82451 1 ) ( -77.8854 46.9714 3.82003 1 ) ( -77.6605 46.9692 3.79123 1 ) ( -77.4675 46.9682 3.74193 1 ) ( -77.2477 46.9675 3.6504 1 ) ( -77.0535 46.9645 3.53007 1 ) ( -76.8765 46.9585 3.38401 1 ) ( -76.7228 46.9524 3.21431 1 ) ( -76.5944 46.9482 3.02681 1 ) ( -76.4937 46.9506 2.81079 1 ) ( -76.4374 46.9606 2.61846 1 ) ( -76.4013 46.9798 2.39497 1 ) ( -76.3957 46.9815 2.36983 1 ) 
( -77.9 46.9962 3.82028 1 ) ( -77.8747 46.9962 3.81598 1 ) ( -77.648 46.9957 3.78895 1 ) ( -77.4534 46.9963 3.74095 1 ) ( -77.2317 46.9976 3.65063 1 ) ( -77.0355 46.9969 3.53111 1 ) ( -76.8565 46.9932 3.38561 1 ) ( -76.7007 46.9896 3.21624 1 ) ( -76.5703 46.9879 3.02885 1 ) ( -76.4677 46.993 2.8127 1 ) ( -76.4096 47.0054 2.6201 1 ) ( -76.3717 47.0274 2.39617 1 ) ( -76.3659 47.0294 2.37099 1 ) 
