 Knots U 
0 0 0 0 0.100909 0.201035 0.3007 0.400616 0.500754 0.600787 0.700502 0.800095 0.899729 1 1 1 1 
 Knots V 
0 0 0 0 0.1 0.2 0.3 0.4 0.5 0.6 0.7 0.8 0.9 1 1 1 1 
 Poles & Weights 
( -71.5468 54.0704 -0.947306 1 ) ( -71.5641 54.0597 -0.951242 1 ) ( -71.7153 53.9619 -0.981476 1 ) ( -71.855 53.8896 -1.01106 1 ) ( -72.0324 53.8299 -1.04938 1 ) ( -72.2084 53.803 -1.09483 1 ) ( -72.3825 53.7995 -1.15604 1 ) ( -72.5495 53.8203 -1.23131 1 ) ( -72.7125 53.8651 -1.30356 1 ) ( -72.8741 53.9415 -1.37261 1 ) ( -72.9965 54.026 -1.43352 1 ) ( -73.1047 54.1498 -1.51422 1 ) ( -73.1175 54.1631 -1.52263 1 ) 
( -71.5258 54.0494 -0.990002 1 ) ( -71.5431 54.0388 -0.993957 1 ) ( -71.694 53.9411 -1.02443 1 ) ( -71.8334 53.8689 -1.05424 1 ) ( -72.0103 53.8092 -1.09286 1 ) ( -72.1857 53.7821 -1.13863 1 ) ( -72.3595 53.7784 -1.20012 1 ) ( -72.526 53.799 -1.27558 1 ) ( -72.6886 53.8435 -1.34809 1 ) ( -72.8497 53.9195 -1.41752 1 ) ( -72.9717 54.0036 -1.47874 1 ) ( -73.08 54.1266 -1.55966 1 ) ( -73.0927 54.1399 -1.5681 1 ) 
( -71.3396 53.8634 -1.36874 1 ) ( -71.3565 53.8529 -1.37287 1 ) ( -71.5049 53.7572 -1.4055 1 ) ( -71.6416 53.6858 -1.43727 1 ) ( -71.8142 53.6255 -1.47857 1 ) ( -71.9852 53.5968 -1.52719 1 ) ( -72.1548 53.5911 -1.59108 1 ) ( -72.3176 53.6094 -1.66828 1 ) ( -72.476 53.6515 -1.74314 1 ) ( -72.6328 53.7243 -1.81591 1 ) ( -72.7523 53.8046 -1.87983 1 ) ( -72.8603 53.9213 -1.96273 1 ) ( -72.873 53.9339 -1.97145 1 ) 
( -71.1762 53.7003 -1.70105 1 ) ( -71.1928 53.6899 -1.70534 1 ) ( -71.339 53.5958 -1.73985 1 ) ( -71.4733 53.5251 -1.77333 1 ) ( -71.6422 53.4643 -1.81698 1 ) ( -71.8093 53.4342 -1.86812 1 ) ( -71.9752 53.4267 -1.93411 1 ) ( -72.1347 53.4431 -2.01283 1 ) ( -72.2894 53.4832 -2.08976 1 ) ( -72.4425 53.553 -2.16546 1 ) ( -72.5597 53.63 -2.23174 1 ) ( -72.6676 53.7412 -2.31639 1 ) ( -72.6802 53.7532 -2.32535 1 ) 
( -70.9817 53.506 -2.09653 1 ) ( -70.9981 53.4958 -2.10099 1 ) ( -71.1416 53.4037 -2.13775 1 ) ( -71.273 53.3339 -2.17327 1 ) ( -71.4375 53.2725 -2.21972 1 ) ( -71.5999 53.2406 -2.27385 1 ) ( -71.7615 53.2311 -2.34234 1 ) ( -71.9171 53.2451 -2.42288 1 ) ( -72.0675 53.2828 -2.50226 1 ) ( -72.216 53.3492 -2.58145 1 ) ( -72.3306 53.4223 -2.65055 1 ) ( -72.4383 53.5268 -2.73726 1 ) ( -72.4508 53.5381 -2.74652 1 ) 
( -70.7955 53.3201 -2.47516 1 ) ( -70.8116 53.3101 -2.4798 1 ) ( -70.9526 53.2198 -2.5187 1 ) ( -71.0813 53.1508 -2.55619 1 ) ( -71.2415 53.0888 -2.60531 1 ) ( -71.3994 53.0553 -2.6623 1 ) ( -71.5569 53.0438 -2.73319 1 ) ( -71.7087 53.0556 -2.81546 1 ) ( -71.8549 53.0909 -2.89719 1 ) ( -71.9992 53.1541 -2.97972 1 ) ( -72.1112 53.2234 -3.05152 1 ) ( -72.2187 53.3216 -3.14021 1 ) ( -72.2312 53.3322 -3.14974 1 ) 
( -70.6073 53.1321 -2.85801 1 ) ( -70.623 53.1222 -2.86282 1 ) ( -70.7615 53.0339 -2.90389 1 ) ( -70.8874 52.9657 -2.94336 1 ) ( -71.0433 52.9031 -2.99519 1 ) ( -71.1968 52.868 -3.05507 1 ) ( -71.3501 52.8544 -3.12838 1 ) ( -71.4981 52.864 -3.21241 1 ) ( -71.64 52.8969 -3.29651 1 ) ( -71.7799 52.9568 -3.38243 1 ) ( -71.8894 53.0222 -3.45695 1 ) ( -71.9967 53.1141 -3.54765 1 ) ( -72.0091 53.124 -3.55746 1 ) 
( -70.4191 52.9441 -3.24086 1 ) ( -70.4345 52.9344 -3.24585 1 ) ( -70.5704 52.848 -3.28909 1 ) ( -70.6935 52.7806 -3.33053 1 ) ( -70.8452 52.7175 -3.38507 1 ) ( -70.9941 52.6806 -3.44784 1 ) ( -71.1432 52.6651 -3.52358 1 ) ( -71.2874 52.6724 -3.60936 1 ) ( -71.4251 52.703 -3.69583 1 ) ( -71.5607 52.7595 -3.78513 1 ) ( -71.6676 52.8211 -3.86238 1 ) ( -71.7747 52.9065 -3.95508 1 ) ( -71.787 52.9158 -3.96517 1 ) 
( -70.2329 52.7582 -3.6195 1 ) ( -70.248 52.7486 -3.62466 1 ) ( -70.3814 52.6641 -3.67005 1 ) ( -70.5018 52.5975 -3.71345 1 ) ( -70.6492 52.5338 -3.77066 1 ) ( -70.7936 52.4953 -3.83629 1 ) ( -70.9386 52.4778 -3.91443 1 ) ( -71.0791 52.4829 -4.00194 1 ) ( -71.2126 52.5111 -4.09077 1 ) ( -71.3439 52.5644 -4.1834 1 ) ( -71.4482 52.6222 -4.26335 1 ) ( -71.5552 52.7013 -4.35803 1 ) ( -71.5674 52.7098 -4.3684 1 ) 
( -70.0384 52.564 -4.01499 1 ) ( -70.0532 52.5546 -4.02033 1 ) ( -70.184 52.472 -4.06796 1 ) ( -70.3015 52.4063 -4.11341 1 ) ( -70.4445 52.342 -4.17341 1 ) ( -70.5842 52.3018 -4.24203 1 ) ( -70.7249 52.2822 -4.32266 1 ) ( -70.8615 52.2849 -4.41199 1 ) ( -70.9906 52.3107 -4.50327 1 ) ( -71.1174 52.3606 -4.5994 1 ) ( -71.219 52.4144 -4.68216 1 ) ( -71.3258 52.4869 -4.7789 1 ) ( -71.3379 52.4948 -4.78956 1 ) 
( -69.8751 52.4008 -4.34731 1 ) ( -69.8896 52.3916 -4.35281 1 ) ( -70.0182 52.3106 -4.40232 1 ) ( -70.1332 52.2456 -4.44948 1 ) ( -70.2725 52.1808 -4.51184 1 ) ( -70.4083 52.1392 -4.58296 1 ) ( -70.5454 52.1178 -4.6657 1 ) ( -70.6786 52.1186 -4.75655 1 ) ( -70.8041 52.1423 -4.84989 1 ) ( -70.9271 52.1894 -4.94895 1 ) ( -71.0265 52.2398 -5.03408 1 ) ( -71.1331 52.3068 -5.13256 1 ) ( -71.1452 52.314 -5.14346 1 ) 
( -69.6888 52.2149 -4.72607 1 ) ( -69.703 52.2058 -4.73174 1 ) ( -69.8291 52.1267 -4.7834 1 ) ( -69.9415 52.0625 -4.83252 1 ) ( -70.0764 51.9971 -4.89755 1 ) ( -70.2078 51.9538 -4.97153 1 ) ( -70.3407 51.9305 -5.05667 1 ) ( -70.4702 51.9291 -5.14926 1 ) ( -70.5915 51.9504 -5.24494 1 ) ( -70.7102 51.9942 -5.34734 1 ) ( -70.807 52.0409 -5.43517 1 ) ( -70.9135 52.1014 -5.53563 1 ) ( -70.9255 52.108 -5.54681 1 ) 
( -69.6678 52.1939 -4.76877 1 ) ( -69.682 52.1848 -4.77446 1 ) ( -69.8078 52.106 -4.82636 1 ) ( -69.9198 52.0419 -4.8757 1 ) ( -70.0543 51.9764 -4.94103 1 ) ( -70.1852 51.9329 -5.01534 1 ) ( -70.3177 51.9094 -5.10075 1 ) ( -70.4467 51.9077 -5.19353 1 ) ( -70.5676 51.9288 -5.28948 1 ) ( -70.6858 51.9722 -5.39225 1 ) ( -70.7823 52.0184 -5.48038 1 ) ( -70.8888 52.0783 -5.58107 1 ) ( -70.9007 52.0848 -5.59228 1 ) 
