 Knots U 
0 0 0 0 0.100784 0.200248 0.299643 0.399856 0.499991 0.599897 0.700191 0.799987 0.899367 1 1 1 1 
 Knots V 
0 0 0 0 0.05 0.1 0.15 0.2 0.25 0.3 0.35 0.4 0.45 0.5 0.55 0.6 0.65 0.7 0.75 0.8 0.85 0.9 0.95 1 1 1 1 
 Poles & Weights 
( -78.0113 43.8152 14.7763 1 ) ( -78.0222 43.7897 14.7764 1 ) ( -78.1081 43.563 14.7768 1 ) ( -78.2065 43.3726 14.7771 1 ) ( -78.3609 43.1708 14.7772 1 ) ( -78.547 43.0133 14.777 1 ) ( -78.761 42.8911 14.7766 1 ) ( -78.9948 42.8125 14.776 1 ) ( -79.2355 42.7738 14.7758 1 ) ( -79.4894 42.7847 14.776 1 ) ( -79.6979 42.8366 14.776 1 ) ( -79.9211 42.9316 14.7761 1 ) ( -79.9474 42.94 14.7761 1 ) 
( -78.0115 43.8151 14.723 1 ) ( -78.0224 43.7896 14.723 1 ) ( -78.1082 43.5629 14.7235 1 ) ( -78.2066 43.3726 14.7237 1 ) ( -78.361 43.1709 14.7238 1 ) ( -78.5472 43.0135 14.7236 1 ) ( -78.7611 42.8913 14.7232 1 ) ( -78.9949 42.8127 14.7227 1 ) ( -79.2355 42.7741 14.7225 1 ) ( -79.4893 42.7849 14.7226 1 ) ( -79.6978 42.8368 14.7227 1 ) ( -79.921 42.9318 14.7228 1 ) ( -79.9473 42.9402 14.7228 1 ) 
( -78.0132 43.8141 14.2468 1 ) ( -78.0241 43.7887 14.2468 1 ) ( -78.1097 43.5625 14.2471 1 ) ( -78.208 43.3725 14.2472 1 ) ( -78.3624 43.1715 14.2474 1 ) ( -78.5485 43.0147 14.2473 1 ) ( -78.7621 42.8931 14.247 1 ) ( -78.9955 42.8148 14.2465 1 ) ( -79.2357 42.7763 14.2463 1 ) ( -79.489 42.787 14.2465 1 ) ( -79.697 42.8386 14.2465 1 ) ( -79.9199 42.9332 14.2465 1 ) ( -79.9461 42.9416 14.2465 1 ) 
( -78.0147 43.8133 13.8296 1 ) ( -78.0256 43.7879 13.8296 1 ) ( -78.111 43.562 13.8296 1 ) ( -78.2092 43.3725 13.8297 1 ) ( -78.3636 43.172 13.8299 1 ) ( -78.5496 43.0158 13.83 1 ) ( -78.7631 42.8947 13.8298 1 ) ( -78.9961 42.8167 13.8293 1 ) ( -79.2358 42.7782 13.8291 1 ) ( -79.4886 42.7888 13.8292 1 ) ( -79.6964 42.8402 13.8293 1 ) ( -79.9189 42.9345 13.8292 1 ) ( -79.9451 42.9428 13.8292 1 ) 
( -78.0165 43.8123 13.3327 1 ) ( -78.0274 43.787 13.3327 1 ) ( -78.1126 43.5615 13.3325 1 ) ( -78.2107 43.3725 13.3325 1 ) ( -78.3651 43.1727 13.3328 1 ) ( -78.551 43.0172 13.333 1 ) ( -78.7642 42.8966 13.3329 1 ) ( -78.9967 42.8189 13.3325 1 ) ( -79.2359 42.7805 13.3323 1 ) ( -79.4883 42.7909 13.3324 1 ) ( -79.6956 42.842 13.3324 1 ) ( -79.9177 42.936 13.3323 1 ) ( -79.9439 42.9443 13.3323 1 ) 
( -78.0182 43.8114 12.8572 1 ) ( -78.0291 43.7861 12.8572 1 ) ( -78.1141 43.5611 12.8568 1 ) ( -78.2121 43.3725 12.8567 1 ) ( -78.3664 43.1733 12.857 1 ) ( -78.5522 43.0184 12.8574 1 ) ( -78.7652 42.8984 12.8574 1 ) ( -78.9973 42.8211 12.857 1 ) ( -79.2361 42.7827 12.8568 1 ) ( -79.4879 42.7929 12.8569 1 ) ( -79.6949 42.8438 12.8569 1 ) ( -79.9166 42.9374 12.8568 1 ) ( -79.9427 42.9457 12.8568 1 ) 
( -78.02 43.8104 12.376 1 ) ( -78.0308 43.7852 12.3759 1 ) ( -78.1156 43.5606 12.3753 1 ) ( -78.2135 43.3724 12.3751 1 ) ( -78.3678 43.174 12.3755 1 ) ( -78.5536 43.0197 12.3761 1 ) ( -78.7663 42.9002 12.3762 1 ) ( -78.998 42.8232 12.3758 1 ) ( -79.2362 42.785 12.3756 1 ) ( -79.4876 42.795 12.3757 1 ) ( -79.6941 42.8456 12.3757 1 ) ( -79.9155 42.9389 12.3755 1 ) ( -79.9415 42.9471 12.3755 1 ) 
( -78.0217 43.8095 11.8963 1 ) ( -78.0325 43.7843 11.8962 1 ) ( -78.1171 43.5601 11.8954 1 ) ( -78.2149 43.3724 11.8951 1 ) ( -78.3692 43.1746 11.8955 1 ) ( -78.5549 43.021 11.8963 1 ) ( -78.7674 42.902 11.8965 1 ) ( -78.9986 42.8254 11.8961 1 ) ( -79.2364 42.7872 11.8959 1 ) ( -79.4872 42.7971 11.8961 1 ) ( -79.6934 42.8474 11.896 1 ) ( -79.9144 42.9403 11.8957 1 ) ( -79.9404 42.9486 11.8957 1 ) 
( -78.0234 43.8085 11.4162 1 ) ( -78.0343 43.7834 11.4161 1 ) ( -78.1186 43.5596 11.4151 1 ) ( -78.2164 43.3724 11.4147 1 ) ( -78.3706 43.1752 11.4151 1 ) ( -78.5562 43.0223 11.4161 1 ) ( -78.7684 42.9038 11.4164 1 ) ( -78.9992 42.8275 11.416 1 ) ( -79.2365 42.7894 11.4159 1 ) ( -79.4868 42.7991 11.416 1 ) ( -79.6926 42.8492 11.4159 1 ) ( -79.9132 42.9418 11.4156 1 ) ( -79.9392 42.95 11.4155 1 ) 
( -78.0252 43.8076 10.9362 1 ) ( -78.036 43.7825 10.936 1 ) ( -78.1201 43.5591 10.9348 1 ) ( -78.2178 43.3724 10.9343 1 ) ( -78.372 43.1758 10.9349 1 ) ( -78.5575 43.0236 10.936 1 ) ( -78.7695 42.9057 10.9364 1 ) ( -78.9999 42.8297 10.936 1 ) ( -79.2367 42.7917 10.9359 1 ) ( -79.4865 42.8012 10.936 1 ) ( -79.6919 42.851 10.9359 1 ) ( -79.9121 42.9432 10.9355 1 ) ( -79.938 42.9514 10.9355 1 ) 
( -78.0269 43.8066 10.4562 1 ) ( -78.0377 43.7816 10.456 1 ) ( -78.1217 43.5587 10.4546 1 ) ( -78.2192 43.3723 10.454 1 ) ( -78.3734 43.1765 10.4546 1 ) ( -78.5588 43.0248 10.4558 1 ) ( -78.7705 42.9075 10.4564 1 ) ( -79.0005 42.8318 10.456 1 ) ( -79.2368 42.7939 10.4559 1 ) ( -79.4861 42.8032 10.456 1 ) ( -79.6912 42.8528 10.4558 1 ) ( -79.911 42.9447 10.4554 1 ) ( -79.9368 42.9528 10.4554 1 ) 
( -78.0286 43.8057 9.97615 1 ) ( -78.0394 43.7807 9.97596 1 ) ( -78.1232 43.5582 9.97433 1 ) ( -78.2206 43.3723 9.97362 1 ) ( -78.3748 43.1771 9.97429 1 ) ( -78.5601 43.0261 9.97568 1 ) ( -78.7716 42.9093 9.97636 1 ) ( -79.0011 42.834 9.97601 1 ) ( -79.237 42.7961 9.9759 1 ) ( -79.4857 42.8053 9.97603 1 ) ( -79.6904 42.8546 9.97581 1 ) ( -79.9099 42.9462 9.97536 1 ) ( -79.9356 42.9542 9.97529 1 ) 
( -78.0304 43.8047 9.49613 1 ) ( -78.0412 43.7798 9.49592 1 ) ( -78.1247 43.5577 9.49408 1 ) ( -78.222 43.3723 9.49327 1 ) ( -78.3762 43.1777 9.494 1 ) ( -78.5614 43.0274 9.49555 1 ) ( -78.7727 42.9111 9.49634 1 ) ( -79.0018 42.8361 9.496 1 ) ( -79.2371 42.7984 9.49591 1 ) ( -79.4854 42.8074 9.49604 1 ) ( -79.6897 42.8564 9.49579 1 ) ( -79.9087 42.9476 9.49529 1 ) ( -79.9345 42.9557 9.49521 1 ) 
( -78.0321 43.8038 9.0161 1 ) ( -78.0429 43.7789 9.01588 1 ) ( -78.1262 43.5572 9.01382 1 ) ( -78.2234 43.3722 9.01292 1 ) ( -78.3776 43.1784 9.0137 1 ) ( -78.5627 43.0287 9.01541 1 ) ( -78.7737 42.9129 9.01631 1 ) ( -79.0024 42.8383 9.01599 1 ) ( -79.2372 42.8006 9.01591 1 ) ( -79.485 42.8094 9.01604 1 ) ( -79.6889 42.8582 9.01576 1 ) ( -79.9076 42.9491 9.01521 1 ) ( -79.9333 42.9571 9.01512 1 ) 
( -78.0339 43.8028 8.53611 1 ) ( -78.0446 43.778 8.53586 1 ) ( -78.1277 43.5568 8.53359 1 ) ( -78.2248 43.3722 8.53259 1 ) ( -78.3789 43.179 8.53343 1 ) ( -78.564 43.0299 8.53531 1 ) ( -78.7748 42.9147 8.53631 1 ) ( -79.003 42.8404 8.53602 1 ) ( -79.2374 42.8028 8.53594 1 ) ( -79.4847 42.8115 8.53607 1 ) ( -79.6882 42.86 8.53576 1 ) ( -79.9065 42.9505 8.53515 1 ) ( -79.9321 42.9585 8.53506 1 ) 
( -78.0356 43.8019 8.056 1 ) ( -78.0463 43.7771 8.05573 1 ) ( -78.1292 43.5563 8.05325 1 ) ( -78.2263 43.3722 8.05215 1 ) ( -78.3803 43.1796 8.05306 1 ) ( -78.5653 43.0312 8.05509 1 ) ( -78.7759 42.9166 8.05621 1 ) ( -79.0037 42.8426 8.05593 1 ) ( -79.2375 42.8051 8.05586 1 ) ( -79.4843 42.8135 8.05599 1 ) ( -79.6874 42.8618 8.05565 1 ) ( -79.9054 42.952 8.05499 1 ) ( -79.9309 42.9599 8.05489 1 ) 
( -78.0373 43.8009 7.57631 1 ) ( -78.0481 43.7762 7.57602 1 ) ( -78.1307 43.5558 7.57332 1 ) ( -78.2277 43.3722 7.57213 1 ) ( -78.3817 43.1803 7.57309 1 ) ( -78.5666 43.0325 7.57528 1 ) ( -78.7769 42.9184 7.57651 1 ) ( -79.0043 42.8448 7.57625 1 ) ( -79.2377 42.8073 7.57619 1 ) ( -79.4839 42.8156 7.57632 1 ) ( -79.6867 42.8636 7.57595 1 ) ( -79.9043 42.9534 7.57524 1 ) ( -79.9298 42.9613 7.57512 1 ) 
( -78.0391 43.8 7.09508 1 ) ( -78.0498 43.7753 7.09477 1 ) ( -78.1322 43.5553 7.09186 1 ) ( -78.2291 43.3721 7.09057 1 ) ( -78.3831 43.1809 7.09159 1 ) ( -78.5679 43.0338 7.09394 1 ) ( -78.778 42.9202 7.09528 1 ) ( -79.0049 42.8469 7.09504 1 ) ( -79.2378 42.8095 7.09499 1 ) ( -79.4836 42.8177 7.09512 1 ) ( -79.6859 42.8654 7.09472 1 ) ( -79.9031 42.9549 7.09395 1 ) ( -79.9286 42.9628 7.09383 1 ) 
( -78.0408 43.799 6.61957 1 ) ( -78.0515 43.7744 6.61923 1 ) ( -78.1337 43.5548 6.61612 1 ) ( -78.2305 43.3721 6.61473 1 ) ( -78.3845 43.1815 6.61581 1 ) ( -78.5692 43.0351 6.61832 1 ) ( -78.7791 42.922 6.61977 1 ) ( -79.0056 42.849 6.61954 1 ) ( -79.238 42.8117 6.6195 1 ) ( -79.4832 42.8197 6.61963 1 ) ( -79.6852 42.8672 6.6192 1 ) ( -79.902 42.9563 6.61839 1 ) ( -79.9274 42.9642 6.61825 1 ) 
( -78.0426 43.7981 6.12273 1 ) ( -78.0533 43.7735 6.12237 1 ) ( -78.1353 43.5543 6.11904 1 ) ( -78.2319 43.3721 6.11755 1 ) ( -78.3859 43.1822 6.11869 1 ) ( -78.5706 43.0364 6.12136 1 ) ( -78.7802 42.9239 6.12293 1 ) ( -79.0062 42.8513 6.12272 1 ) ( -79.2381 42.8141 6.12269 1 ) ( -79.4828 42.8218 6.12282 1 ) ( -79.6844 42.869 6.12236 1 ) ( -79.9009 42.9579 6.12149 1 ) ( -79.9262 42.9656 6.12135 1 ) 
( -78.0441 43.7972 5.70549 1 ) ( -78.0548 43.7727 5.70511 1 ) ( -78.1366 43.5539 5.70159 1 ) ( -78.2332 43.3721 5.70001 1 ) ( -78.3871 43.1827 5.7012 1 ) ( -78.5717 43.0375 5.70402 1 ) ( -78.7811 42.9254 5.70568 1 ) ( -79.0068 42.8531 5.70548 1 ) ( -79.2382 42.816 5.70546 1 ) ( -79.4825 42.8236 5.7056 1 ) ( -79.6838 42.8706 5.70511 1 ) ( -79.8999 42.9591 5.70419 1 ) ( -79.9252 42.9669 5.70404 1 ) 
( -78.0458 43.7963 5.2293 1 ) ( -78.0565 43.7718 5.2289 1 ) ( -78.1381 43.5534 5.22517 1 ) ( -78.2346 43.372 5.2235 1 ) ( -78.3885 43.1834 5.22474 1 ) ( -78.573 43.0388 5.22772 1 ) ( -78.7821 42.9272 5.22949 1 ) ( -79.0074 42.8553 5.22931 1 ) ( -79.2384 42.8182 5.2293 1 ) ( -79.4822 42.8257 5.22943 1 ) ( -79.6831 42.8724 5.22891 1 ) ( -79.8988 42.9606 5.22795 1 ) ( -79.924 42.9683 5.22779 1 ) 
( -78.046 43.7962 5.17596 1 ) ( -78.0567 43.7717 5.17556 1 ) ( -78.1383 43.5534 5.17181 1 ) ( -78.2347 43.372 5.17012 1 ) ( -78.3887 43.1834 5.17138 1 ) ( -78.5731 43.0389 5.17437 1 ) ( -78.7823 42.9274 5.17615 1 ) ( -79.0075 42.8555 5.17598 1 ) ( -79.2384 42.8185 5.17597 1 ) ( -79.4821 42.8259 5.1761 1 ) ( -79.683 42.8726 5.17558 1 ) ( -79.8986 42.9607 5.1746 1 ) ( -79.9239 42.9684 5.17445 1 ) 
