 Knots U 
0 0 0 0 0.0499757 0.0999018 0.149909 0.199937 0.249953 0.299966 0.349984 0.400001 0.450017 0.500038 0.550064 0.600082 0.650101 0.700151 0.750178 0.800096 0.850231 0.900469 0.94999 1 1 1 1 
 Knots V 
0 0 0 0 0.100183 0.200367 0.300552 0.400737 0.500921 0.601104 0.701285 0.801463 0.901673 1 1 1 1 
 Poles & Weights 
( -84.5795 48.9181 -7.52168 1 ) ( -84.5821 48.9293 -7.48637 1 ) ( -84.614 49.032 -7.17053 1 ) ( -84.6246 49.1191 -6.89208 1 ) ( -84.6106 49.2181 -6.55969 1 ) ( -84.5886 49.3096 -6.24035 1 ) ( -84.576 49.4017 -5.91691 1 ) ( -84.5644 49.4942 -5.59466 1 ) ( -84.5502 49.5875 -5.27241 1 ) ( -84.5303 49.68 -4.95031 1 ) ( -84.5037 49.7662 -4.62687 1 ) ( -84.4706 49.8516 -4.30386 1 ) ( -84.4314 49.9486 -3.98481 1 ) ( -84.3921 50.0431 -3.6651 1 ) ( -84.3573 50.1249 -3.34135 1 ) ( -84.3231 50.2063 -3.01727 1 ) ( -84.2876 50.2909 -2.69459 1 ) ( -84.2497 50.3739 -2.37099 1 ) ( -84.2066 50.4563 -2.05185 1 ) ( -84.1421 50.546 -1.72006 1 ) ( -84.0426 50.6133 -1.44973 1 ) ( -83.8077 50.644 -1.20755 1 ) ( -83.7861 50.6494 -1.17941 1 ) 
( -84.5629 49.0145 -7.55913 1 ) ( -84.5654 49.0257 -7.52387 1 ) ( -84.5967 49.1273 -7.20832 1 ) ( -84.6069 49.2145 -6.93043 1 ) ( -84.5926 49.3134 -6.59865 1 ) ( -84.5701 49.4047 -6.27981 1 ) ( -84.557 49.4966 -5.9569 1 ) ( -84.5449 49.5889 -5.63517 1 ) ( -84.5302 49.6819 -5.31344 1 ) ( -84.5098 49.7742 -4.99185 1 ) ( -84.4827 49.8601 -4.66894 1 ) ( -84.4492 49.9454 -4.34645 1 ) ( -84.4095 50.042 -4.02787 1 ) ( -84.3698 50.1361 -3.70864 1 ) ( -84.3345 50.2177 -3.3854 1 ) ( -84.2997 50.2989 -3.06184 1 ) ( -84.2638 50.3832 -2.73966 1 ) ( -84.2253 50.4659 -2.41658 1 ) ( -84.1818 50.5479 -2.0979 1 ) ( -84.1166 50.6372 -1.76671 1 ) ( -84.0164 50.7042 -1.49672 1 ) ( -83.7806 50.7342 -1.25546 1 ) ( -83.7588 50.7395 -1.22751 1 ) 
( -84.3761 49.8433 -7.93159 1 ) ( -84.3788 49.8539 -7.89606 1 ) ( -84.4093 49.9491 -7.57763 1 ) ( -84.4203 50.0409 -7.30001 1 ) ( -84.4074 50.1432 -6.96799 1 ) ( -84.3851 50.2353 -6.64817 1 ) ( -84.3719 50.3285 -6.32442 1 ) ( -84.36 50.4224 -6.0019 1 ) ( -84.3456 50.5167 -5.67928 1 ) ( -84.3256 50.6102 -5.3568 1 ) ( -84.2989 50.6978 -5.03309 1 ) ( -84.2656 50.7844 -4.70973 1 ) ( -84.2264 50.881 -4.38989 1 ) ( -84.187 50.9752 -4.06941 1 ) ( -84.1517 51.058 -3.74528 1 ) ( -84.117 51.1405 -3.42085 1 ) ( -84.0812 51.2257 -3.09769 1 ) ( -84.0428 51.3094 -2.77361 1 ) ( -83.9995 51.3923 -2.45362 1 ) ( -83.933 51.4806 -2.12217 1 ) ( -83.831 51.5475 -1.85032 1 ) ( -83.5908 51.5749 -1.61186 1 ) ( -83.5683 51.5794 -1.58499 1 ) 
( -84.2124 50.5705 -8.25832 1 ) ( -84.2152 50.5806 -8.22262 1 ) ( -84.2445 50.67 -7.90223 1 ) ( -84.2558 50.7654 -7.62532 1 ) ( -84.2437 50.8704 -7.29368 1 ) ( -84.2213 50.9628 -6.97357 1 ) ( -84.2076 51.0569 -6.64964 1 ) ( -84.1955 51.1518 -6.32699 1 ) ( -84.1809 51.2469 -6.00416 1 ) ( -84.1609 51.3412 -5.68146 1 ) ( -84.134 51.4298 -5.35761 1 ) ( -84.1006 51.5173 -5.03405 1 ) ( -84.0613 51.6136 -4.71366 1 ) ( -84.0218 51.7076 -4.39266 1 ) ( -83.9862 51.7912 -4.06831 1 ) ( -83.9511 51.8744 -3.74367 1 ) ( -83.915 51.96 -3.42022 1 ) ( -83.8763 52.0443 -3.09584 1 ) ( -83.8328 52.1276 -2.77525 1 ) ( -83.7648 52.2147 -2.44416 1 ) ( -83.6607 52.2812 -2.17118 1 ) ( -83.4163 52.3061 -1.93572 1 ) ( -83.3931 52.3098 -1.90986 1 ) 
( -84.0236 51.4401 -8.64084 1 ) ( -84.0265 51.4495 -8.60494 1 ) ( -84.0543 51.5318 -8.28234 1 ) ( -84.0658 51.6315 -8.0064 1 ) ( -84.0545 51.7396 -7.67532 1 ) ( -84.0317 51.8324 -7.35498 1 ) ( -84.0173 51.9274 -7.03097 1 ) ( -84.0047 52.0235 -6.70829 1 ) ( -83.9898 52.1193 -6.38533 1 ) ( -83.9695 52.2145 -6.06248 1 ) ( -83.9424 52.3042 -5.73859 1 ) ( -83.9086 52.3927 -5.41492 1 ) ( -83.8691 52.4885 -5.094 1 ) ( -83.8293 52.5821 -4.7725 1 ) ( -83.7931 52.6665 -4.448 1 ) ( -83.7574 52.7506 -4.12324 1 ) ( -83.7208 52.8367 -3.79957 1 ) ( -83.6815 52.9215 -3.47496 1 ) ( -83.6376 53.0051 -3.15377 1 ) ( -83.5676 53.0908 -2.82323 1 ) ( -83.461 53.1567 -2.54901 1 ) ( -83.2114 53.1785 -2.31725 1 ) ( -83.1874 53.1812 -2.2926 1 ) 
( -83.8367 52.2683 -9.01355 1 ) ( -83.8398 52.2773 -8.9774 1 ) ( -83.8667 52.3532 -8.65207 1 ) ( -83.8789 52.4573 -8.3765 1 ) ( -83.8689 52.5687 -8.04533 1 ) ( -83.8463 52.6622 -7.72416 1 ) ( -83.8317 52.7586 -7.39944 1 ) ( -83.8193 52.8561 -7.07612 1 ) ( -83.8046 52.9532 -6.75241 1 ) ( -83.7847 53.0494 -6.42881 1 ) ( -83.7578 53.1408 -6.10426 1 ) ( -83.7242 53.2305 -5.77986 1 ) ( -83.6851 53.3263 -5.45781 1 ) ( -83.6456 53.4199 -5.13521 1 ) ( -83.6093 53.5055 -4.80996 1 ) ( -83.5736 53.5907 -4.48446 1 ) ( -83.5372 53.6777 -4.15995 1 ) ( -83.4978 53.7635 -3.83449 1 ) ( -83.4541 53.8478 -3.51212 1 ) ( -83.3827 53.9325 -3.18147 1 ) ( -83.2742 53.9982 -2.90552 1 ) ( -83.0202 54.0174 -2.67668 1 ) ( -82.9955 54.0193 -2.65313 1 ) 
( -83.6522 53.1093 -9.38506 1 ) ( -83.6554 53.1177 -9.34876 1 ) ( -83.6806 53.1865 -9.02163 1 ) ( -83.6929 53.2946 -8.7473 1 ) ( -83.6835 53.4087 -8.41702 1 ) ( -83.6603 53.5024 -8.09597 1 ) ( -83.6449 53.5995 -7.77152 1 ) ( -83.6318 53.6979 -7.44851 1 ) ( -83.6166 53.7956 -7.12502 1 ) ( -83.5963 53.8925 -6.80162 1 ) ( -83.5689 53.9847 -6.47738 1 ) ( -83.5348 54.0752 -6.1532 1 ) ( -83.4954 54.1703 -5.83099 1 ) ( -83.4553 54.2634 -5.50825 1 ) ( -83.4183 54.3496 -5.1832 1 ) ( -83.3819 54.4354 -4.85793 1 ) ( -83.3447 54.5226 -4.53354 1 ) ( -83.3047 54.6088 -4.2082 1 ) ( -83.2603 54.6933 -3.8856 1 ) ( -83.1868 54.7763 -3.55583 1 ) ( -83.0757 54.8413 -3.27898 1 ) ( -82.8165 54.8573 -3.05407 1 ) ( -82.791 54.8582 -3.03172 1 ) 
( -83.4663 53.9477 -9.76075 1 ) ( -83.4697 53.9555 -9.72405 1 ) ( -83.4948 54.0186 -9.39291 1 ) ( -83.5084 54.1318 -9.11786 1 ) ( -83.5011 54.2501 -8.78619 1 ) ( -83.4788 54.3452 -8.46305 1 ) ( -83.4639 54.4443 -8.13663 1 ) ( -83.4517 54.545 -7.81171 1 ) ( -83.4374 54.6445 -7.4862 1 ) ( -83.4182 54.7433 -7.16078 1 ) ( -83.3918 54.8379 -6.83462 1 ) ( -83.3586 54.9303 -6.50845 1 ) ( -83.3202 55.0261 -6.18384 1 ) ( -83.2812 55.12 -5.85873 1 ) ( -83.2449 55.2081 -5.53166 1 ) ( -83.2091 55.2958 -5.20439 1 ) ( -83.1728 55.3845 -4.8779 1 ) ( -83.1334 55.4724 -4.55044 1 ) ( -83.09 55.5583 -4.22539 1 ) ( -83.0158 55.6411 -3.89422 1 ) ( -82.9034 55.7065 -3.61451 1 ) ( -82.6404 55.7206 -3.39131 1 ) ( -82.6142 55.7207 -3.36994 1 ) 
( -83.2795 54.781 -10.1254 1 ) ( -83.2829 54.7882 -10.0886 1 ) ( -83.3063 54.844 -9.7559 1 ) ( -83.3199 54.9609 -9.4823 1 ) ( -83.3131 55.0817 -9.15179 1 ) ( -83.2902 55.1767 -8.82903 1 ) ( -83.2744 55.2764 -8.50313 1 ) ( -83.2615 55.3777 -8.17878 1 ) ( -83.2467 55.4776 -7.85375 1 ) ( -83.227 55.5768 -7.52879 1 ) ( -83.2001 55.672 -7.20319 1 ) ( -83.1664 55.765 -6.87752 1 ) ( -83.1276 55.8599 -6.553 1 ) ( -83.088 55.953 -6.22801 1 ) ( -83.0509 56.0415 -5.90141 1 ) ( -83.0143 56.1295 -5.57462 1 ) ( -82.9773 56.2183 -5.24851 1 ) ( -82.9371 56.3063 -4.92144 1 ) ( -82.8931 56.3921 -4.59642 1 ) ( -82.8168 56.473 -4.26639 1 ) ( -82.7017 56.5376 -3.98603 1 ) ( -82.4335 56.5482 -3.76696 1 ) ( -82.4066 56.5474 -3.74681 1 ) 
( -83.093 55.6338 -10.5352 1 ) ( -83.0965 55.6405 -10.4981 1 ) ( -83.1181 55.6901 -10.1619 1 ) ( -83.1317 55.8121 -9.88821 1 ) ( -83.1255 55.9369 -9.55698 1 ) ( -83.1019 56.0331 -9.23275 1 ) ( -83.0851 56.1346 -8.90551 1 ) ( -83.0714 56.238 -8.57988 1 ) ( -83.056 56.3395 -8.25347 1 ) ( -83.0358 56.4404 -7.92712 1 ) ( -83.0084 56.5377 -7.60022 1 ) ( -82.974 56.6325 -7.27318 1 ) ( -82.9347 56.7278 -6.94689 1 ) ( -82.8946 56.8214 -6.62015 1 ) ( -82.8566 56.9117 -6.29215 1 ) ( -82.8192 57.0014 -5.96399 1 ) ( -82.7814 57.0915 -5.6364 1 ) ( -82.7404 57.181 -5.30783 1 ) ( -82.6956 57.268 -4.98099 1 ) ( -82.6171 57.3483 -4.65022 1 ) ( -82.4991 57.4131 -4.36751 1 ) ( -82.2256 57.4215 -4.15091 1 ) ( -82.1977 57.4199 -4.13185 1 ) 
( -82.9184 56.4163 -10.763 1 ) ( -82.9222 56.4222 -10.7261 1 ) ( -82.9436 56.4629 -10.3922 1 ) ( -82.9584 56.5857 -10.1229 1 ) ( -82.954 56.7099 -9.79635 1 ) ( -82.9312 56.8034 -9.476 1 ) ( -82.9149 56.9026 -9.1528 1 ) ( -82.902 57.004 -8.83124 1 ) ( -82.8874 57.1032 -8.50882 1 ) ( -82.8682 57.2016 -8.18646 1 ) ( -82.8416 57.2969 -7.86363 1 ) ( -82.8081 57.3895 -7.5406 1 ) ( -82.7698 57.4814 -7.21797 1 ) ( -82.7305 57.5716 -6.89492 1 ) ( -82.6932 57.6595 -6.57091 1 ) ( -82.6563 57.7469 -6.24675 1 ) ( -82.6193 57.8343 -5.92307 1 ) ( -82.5789 57.9212 -5.59843 1 ) ( -82.5349 58.0055 -5.27516 1 ) ( -82.4559 58.0815 -4.94905 1 ) ( -82.3369 58.1432 -4.66894 1 ) ( -82.0601 58.1459 -4.45947 1 ) ( -82.0317 58.1432 -4.44184 1 ) 
( -82.7615 57.092 -11.3611 1 ) ( -82.7651 57.0981 -11.3229 1 ) ( -82.7831 57.1396 -10.9764 1 ) ( -82.7964 57.2733 -10.6987 1 ) ( -82.7907 57.4085 -10.3619 1 ) ( -82.7657 57.5099 -10.0308 1 ) ( -82.7467 57.6178 -9.69697 1 ) ( -82.7314 57.7279 -9.36483 1 ) ( -82.7145 57.8356 -9.03172 1 ) ( -82.6931 57.9426 -8.69867 1 ) ( -82.6643 58.0467 -8.36524 1 ) ( -82.6285 58.1479 -8.03154 1 ) ( -82.588 58.2471 -7.69785 1 ) ( -82.5464 58.3446 -7.36375 1 ) ( -82.5066 58.441 -7.02904 1 ) ( -82.4672 58.5369 -6.69421 1 ) ( -82.4277 58.6325 -6.35978 1 ) ( -82.3848 58.7277 -6.02429 1 ) ( -82.3385 58.82 -5.68999 1 ) ( -82.2555 58.9025 -5.35359 1 ) ( -82.1323 58.9704 -5.06296 1 ) ( -81.8486 58.9777 -4.84659 1 ) ( -81.8192 58.975 -4.82902 1 ) 
( -82.7517 57.1433 -11.4666 1 ) ( -82.7554 57.1496 -11.4279 1 ) ( -82.7731 57.193 -11.0775 1 ) ( -82.7863 57.3294 -10.7967 1 ) ( -82.7806 57.4676 -10.456 1 ) ( -82.7554 57.5717 -10.1212 1 ) ( -82.7363 57.6824 -9.78361 1 ) ( -82.7208 57.7953 -9.44772 1 ) ( -82.7037 57.9057 -9.11085 1 ) ( -82.6822 58.0154 -8.77403 1 ) ( -82.6533 58.1223 -8.43685 1 ) ( -82.6173 58.2262 -8.09939 1 ) ( -82.5767 58.328 -7.76189 1 ) ( -82.535 58.4281 -7.42398 1 ) ( -82.495 58.5273 -7.08551 1 ) ( -82.4555 58.6259 -6.74691 1 ) ( -82.4158 58.7241 -6.40871 1 ) ( -82.3727 58.8221 -6.06943 1 ) ( -82.3263 58.917 -5.73135 1 ) ( -82.2429 59.002 -5.39118 1 ) ( -82.1194 59.0722 -5.09709 1 ) ( -81.835 59.0819 -4.87741 1 ) ( -81.8055 59.0793 -4.85958 1 ) 
