 Knots U 
0 0 0 0 0.101433 0.201544 0.300164 0.399086 0.499431 0.600439 0.700685 0.799819 0.899309 1 1 1 1 
 Knots V 
0 0 0 0 0.05 0.1 0.15 0.2 0.25 0.3 0.35 0.4 0.45 0.5 0.55 0.6 0.65 0.7 0.75 0.8 0.85 0.9 0.95 1 1 1 1 
 Poles & Weights 
( -78.732 45.3249 14.7761 1 ) ( -78.7142 45.3148 14.7761 1 ) ( -78.5639 45.2167 14.776 1 ) ( -78.4372 45.1242 14.7759 1 ) ( -78.3 44.9988 14.7758 1 ) ( -78.1935 44.8554 14.7759 1 ) ( -78.1078 44.6961 14.776 1 ) ( -78.0415 44.5273 14.776 1 ) ( -77.994 44.3545 14.7759 1 ) ( -77.9746 44.1688 14.7759 1 ) ( -77.9824 44.0116 14.776 1 ) ( -78.0088 43.8356 14.7763 1 ) ( -78.0113 43.8152 14.7763 1 ) 
( -78.732 45.3251 14.7227 1 ) ( -78.7142 45.315 14.7227 1 ) ( -78.5638 45.2169 14.7226 1 ) ( -78.4371 45.1244 14.7226 1 ) ( -78.2999 44.9989 14.7225 1 ) ( -78.1934 44.8555 14.7226 1 ) ( -78.1077 44.6961 14.7226 1 ) ( -78.0414 44.5273 14.7226 1 ) ( -77.994 44.3545 14.7225 1 ) ( -77.9747 44.1687 14.7225 1 ) ( -77.9825 44.0115 14.7227 1 ) ( -78.0089 43.8355 14.723 1 ) ( -78.0115 43.8151 14.723 1 ) 
( -78.7314 45.3267 14.2462 1 ) ( -78.7136 45.3166 14.2463 1 ) ( -78.563 45.2184 14.2464 1 ) ( -78.4361 45.1257 14.2465 1 ) ( -78.2989 45 14.2466 1 ) ( -78.1925 44.8562 14.2467 1 ) ( -78.1071 44.6964 14.2466 1 ) ( -78.0411 44.5272 14.2463 1 ) ( -77.994 44.3541 14.2459 1 ) ( -77.9751 44.1681 14.2458 1 ) ( -77.9835 44.0108 14.2461 1 ) ( -78.0106 43.8345 14.2467 1 ) ( -78.0132 43.8141 14.2468 1 ) 
( -78.731 45.3281 13.8287 1 ) ( -78.7131 45.318 13.8288 1 ) ( -78.5623 45.2196 13.8291 1 ) ( -78.4353 45.1268 13.8294 1 ) ( -78.298 45.0009 13.8296 1 ) ( -78.1917 44.8568 13.8297 1 ) ( -78.1066 44.6967 13.8295 1 ) ( -78.0408 44.5272 13.829 1 ) ( -77.9939 44.3537 13.8283 1 ) ( -77.9755 44.1675 13.8281 1 ) ( -77.9844 44.0101 13.8285 1 ) ( -78.012 43.8337 13.8294 1 ) ( -78.0147 43.8133 13.8296 1 ) 
( -78.7304 45.3298 13.3316 1 ) ( -78.7125 45.3197 13.3317 1 ) ( -78.5615 45.2211 13.3323 1 ) ( -78.4343 45.1282 13.3327 1 ) ( -78.2969 45.002 13.3331 1 ) ( -78.1908 44.8576 13.3332 1 ) ( -78.1059 44.697 13.3329 1 ) ( -78.0405 44.5271 13.3321 1 ) ( -77.9939 44.3533 13.3311 1 ) ( -77.976 44.1669 13.3307 1 ) ( -77.9854 44.0092 13.3313 1 ) ( -78.0137 43.8328 13.3326 1 ) ( -78.0165 43.8123 13.3327 1 ) 
( -78.7299 45.3314 12.8558 1 ) ( -78.7119 45.3212 12.8559 1 ) ( -78.5607 45.2226 12.8567 1 ) ( -78.4333 45.1295 12.8574 1 ) ( -78.2959 45.0031 12.8579 1 ) ( -78.19 44.8583 12.8579 1 ) ( -78.1053 44.6973 12.8575 1 ) ( -78.0402 44.527 12.8565 1 ) ( -77.9938 44.3529 12.8551 1 ) ( -77.9764 44.1662 12.8547 1 ) ( -77.9864 44.0085 12.8554 1 ) ( -78.0153 43.8318 12.857 1 ) ( -78.0182 43.8114 12.8572 1 ) 
( -78.7293 45.333 12.3742 1 ) ( -78.7113 45.3228 12.3744 1 ) ( -78.5599 45.2241 12.3755 1 ) ( -78.4324 45.1308 12.3763 1 ) ( -78.2948 45.0042 12.3769 1 ) ( -78.1891 44.859 12.377 1 ) ( -78.1047 44.6976 12.3765 1 ) ( -78.0398 44.5269 12.3752 1 ) ( -77.9938 44.3525 12.3735 1 ) ( -77.9769 44.1656 12.3729 1 ) ( -77.9875 44.0077 12.3738 1 ) ( -78.0169 43.8309 12.3757 1 ) ( -78.02 43.8104 12.376 1 ) 
( -78.7288 45.3346 11.8942 1 ) ( -78.7108 45.3244 11.8944 1 ) ( -78.5591 45.2255 11.8957 1 ) ( -78.4314 45.1321 11.8967 1 ) ( -78.2938 45.0053 11.8975 1 ) ( -78.1882 44.8598 11.8976 1 ) ( -78.1041 44.698 11.897 1 ) ( -78.0395 44.5269 11.8954 1 ) ( -77.9937 44.3521 11.8934 1 ) ( -77.9773 44.1649 11.8927 1 ) ( -77.9885 44.0069 11.8938 1 ) ( -78.0186 43.83 11.896 1 ) ( -78.0217 43.8095 11.8963 1 ) 
( -78.7282 45.3362 11.4138 1 ) ( -78.7102 45.3261 11.414 1 ) ( -78.5582 45.227 11.4156 1 ) ( -78.4304 45.1334 11.4168 1 ) ( -78.2928 45.0063 11.4177 1 ) ( -78.1873 44.8605 11.4178 1 ) ( -78.1035 44.6983 11.417 1 ) ( -78.0392 44.5268 11.4152 1 ) ( -77.9937 44.3518 11.4129 1 ) ( -77.9778 44.1643 11.4121 1 ) ( -77.9895 44.0061 11.4133 1 ) ( -78.0202 43.829 11.4159 1 ) ( -78.0234 43.8085 11.4162 1 ) 
( -78.7277 45.3378 10.9335 1 ) ( -78.7096 45.3277 10.9338 1 ) ( -78.5574 45.2285 10.9356 1 ) ( -78.4295 45.1347 10.9369 1 ) ( -78.2918 45.0074 10.938 1 ) ( -78.1864 44.8612 10.9381 1 ) ( -78.1029 44.6986 10.9372 1 ) ( -78.0389 44.5267 10.9352 1 ) ( -77.9936 44.3514 10.9325 1 ) ( -77.9782 44.1637 10.9315 1 ) ( -77.9905 44.0053 10.9329 1 ) ( -78.0219 43.8281 10.9358 1 ) ( -78.0252 43.8076 10.9362 1 ) 
( -78.7271 45.3394 10.4532 1 ) ( -78.709 45.3293 10.4535 1 ) ( -78.5566 45.2299 10.4555 1 ) ( -78.4285 45.1361 10.4571 1 ) ( -78.2907 45.0085 10.4583 1 ) ( -78.1855 44.862 10.4583 1 ) ( -78.1023 44.6989 10.4574 1 ) ( -78.0386 44.5266 10.4551 1 ) ( -77.9936 44.351 10.4521 1 ) ( -77.9787 44.163 10.451 1 ) ( -77.9915 44.0045 10.4525 1 ) ( -78.0235 43.8272 10.4558 1 ) ( -78.0269 43.8066 10.4562 1 ) 
( -78.7266 45.341 9.97287 1 ) ( -78.7084 45.3309 9.97321 1 ) ( -78.5558 45.2314 9.97545 1 ) ( -78.4275 45.1374 9.9772 1 ) ( -78.2897 45.0096 9.97854 1 ) ( -78.1846 44.8627 9.97862 1 ) ( -78.1016 44.6992 9.97751 1 ) ( -78.0382 44.5265 9.97497 1 ) ( -77.9936 44.3506 9.97165 1 ) ( -77.9791 44.1624 9.97043 1 ) ( -77.9925 44.0037 9.97214 1 ) ( -78.0251 43.8262 9.9757 1 ) ( -78.0286 43.8057 9.97615 1 ) 
( -78.726 45.3426 9.49255 1 ) ( -78.7078 45.3325 9.49292 1 ) ( -78.555 45.2328 9.4954 1 ) ( -78.4266 45.1387 9.49733 1 ) ( -78.2887 45.0107 9.49881 1 ) ( -78.1837 44.8634 9.49889 1 ) ( -78.101 44.6995 9.49767 1 ) ( -78.0379 44.5265 9.49487 1 ) ( -77.9935 44.3502 9.49123 1 ) ( -77.9796 44.1617 9.48989 1 ) ( -77.9935 44.0029 9.49176 1 ) ( -78.0268 43.8253 9.49564 1 ) ( -78.0304 43.8047 9.49613 1 ) 
( -78.7255 45.3442 9.01222 1 ) ( -78.7073 45.3341 9.01263 1 ) ( -78.5542 45.2343 9.01535 1 ) ( -78.4256 45.14 9.01746 1 ) ( -78.2876 45.0117 9.01908 1 ) ( -78.1829 44.8641 9.01916 1 ) ( -78.1004 44.6998 9.01782 1 ) ( -78.0376 44.5264 9.01476 1 ) ( -77.9935 44.3498 9.0108 1 ) ( -77.98 44.1611 9.00934 1 ) ( -77.9945 44.0021 9.01136 1 ) ( -78.0284 43.8244 9.01558 1 ) ( -78.0321 43.8038 9.0161 1 ) 
( -78.7249 45.3459 8.53192 1 ) ( -78.7067 45.3357 8.53236 1 ) ( -78.5534 45.2358 8.53532 1 ) ( -78.4246 45.1413 8.53761 1 ) ( -78.2866 45.0128 8.53937 1 ) ( -78.182 44.8649 8.53946 1 ) ( -78.0998 44.7001 8.538 1 ) ( -78.0373 44.5263 8.53469 1 ) ( -77.9934 44.3494 8.5304 1 ) ( -77.9805 44.1605 8.52881 1 ) ( -77.9955 44.0013 8.53099 1 ) ( -78.0301 43.8235 8.53554 1 ) ( -78.0339 43.8028 8.53611 1 ) 
( -78.7244 45.3475 8.05151 1 ) ( -78.7061 45.3373 8.05199 1 ) ( -78.5526 45.2372 8.05518 1 ) ( -78.4237 45.1427 8.05766 1 ) ( -78.2856 45.0139 8.05956 1 ) ( -78.1811 44.8656 8.05964 1 ) ( -78.0992 44.7004 8.05807 1 ) ( -78.0369 44.5262 8.0545 1 ) ( -77.9934 44.349 8.04989 1 ) ( -77.9809 44.1598 8.04818 1 ) ( -77.9965 44.0005 8.05052 1 ) ( -78.0317 43.8225 8.0554 1 ) ( -78.0356 43.8019 8.056 1 ) 
( -78.7238 45.3491 7.57151 1 ) ( -78.7055 45.3389 7.57203 1 ) ( -78.5518 45.2387 7.57546 1 ) ( -78.4227 45.144 7.57811 1 ) ( -78.2845 45.015 7.58015 1 ) ( -78.1802 44.8663 7.58024 1 ) ( -78.0986 44.7008 7.57855 1 ) ( -78.0366 44.5261 7.57473 1 ) ( -77.9933 44.3486 7.56979 1 ) ( -77.9814 44.1592 7.56796 1 ) ( -77.9975 43.9997 7.57045 1 ) ( -78.0333 43.8216 7.57566 1 ) ( -78.0373 43.8009 7.57631 1 ) 
( -78.7233 45.3507 7.08998 1 ) ( -78.7049 45.3405 7.09053 1 ) ( -78.5509 45.2402 7.0942 1 ) ( -78.4217 45.1453 7.09704 1 ) ( -78.2835 45.0161 7.09921 1 ) ( -78.1793 44.8671 7.09931 1 ) ( -78.098 44.7011 7.09749 1 ) ( -78.0363 44.5261 7.09342 1 ) ( -77.9933 44.3482 7.08816 1 ) ( -77.9818 44.1585 7.0862 1 ) ( -77.9985 43.9989 7.08885 1 ) ( -78.035 43.8207 7.09439 1 ) ( -78.0391 43.8 7.09508 1 ) 
( -78.7227 45.3523 6.61417 1 ) ( -78.7044 45.3421 6.61475 1 ) ( -78.5501 45.2416 6.61865 1 ) ( -78.4208 45.1466 6.62168 1 ) ( -78.2825 45.0171 6.62399 1 ) ( -78.1784 44.8678 6.62408 1 ) ( -78.0974 44.7014 6.62215 1 ) ( -78.036 44.526 6.61783 1 ) ( -77.9932 44.3478 6.61224 1 ) ( -77.9823 44.1579 6.61017 1 ) ( -77.9995 43.9981 6.61297 1 ) ( -78.0366 43.8197 6.61884 1 ) ( -78.0408 43.799 6.61957 1 ) 
( -78.7222 45.354 6.11702 1 ) ( -78.7038 45.3437 6.11764 1 ) ( -78.5493 45.2431 6.12178 1 ) ( -78.4198 45.148 6.125 1 ) ( -78.2814 45.0183 6.12745 1 ) ( -78.1775 44.8685 6.12755 1 ) ( -78.0967 44.7017 6.1255 1 ) ( -78.0356 44.5259 6.12091 1 ) ( -77.9932 44.3474 6.11499 1 ) ( -77.9827 44.1572 6.11279 1 ) ( -78.0006 43.9973 6.11575 1 ) ( -78.0383 43.8188 6.12196 1 ) ( -78.0426 43.7981 6.12273 1 ) 
( -78.7217 45.3554 5.69951 1 ) ( -78.7032 45.3451 5.70015 1 ) ( -78.5486 45.2444 5.70451 1 ) ( -78.419 45.1491 5.70788 1 ) ( -78.2805 45.0192 5.71045 1 ) ( -78.1767 44.8692 5.71055 1 ) ( -78.0962 44.702 5.7084 1 ) ( -78.0354 44.5258 5.70359 1 ) ( -77.9931 44.3471 5.69739 1 ) ( -77.9831 44.1567 5.69508 1 ) ( -78.0015 43.9966 5.69818 1 ) ( -78.0397 43.818 5.70468 1 ) ( -78.0441 43.7972 5.70549 1 ) 
( -78.7211 45.357 5.22302 1 ) ( -78.7027 45.3467 5.2237 1 ) ( -78.5478 45.2459 5.22829 1 ) ( -78.418 45.1504 5.23184 1 ) ( -78.2795 45.0203 5.23455 1 ) ( -78.1759 44.8699 5.23465 1 ) ( -78.0956 44.7023 5.23238 1 ) ( -78.035 44.5258 5.22732 1 ) ( -77.9931 44.3467 5.2208 1 ) ( -77.9835 44.1561 5.21837 1 ) ( -78.0025 43.9958 5.22162 1 ) ( -78.0413 43.817 5.22845 1 ) ( -78.0458 43.7963 5.2293 1 ) 
( -78.7211 45.3571 5.16965 1 ) ( -78.7026 45.3469 5.17033 1 ) ( -78.5477 45.246 5.17495 1 ) ( -78.4179 45.1506 5.17852 1 ) ( -78.2794 45.0204 5.18125 1 ) ( -78.1758 44.87 5.18135 1 ) ( -78.0955 44.7023 5.17907 1 ) ( -78.035 44.5258 5.17398 1 ) ( -77.9931 44.3466 5.16742 1 ) ( -77.9836 44.156 5.16497 1 ) ( -78.0026 43.9957 5.16825 1 ) ( -78.0415 43.8169 5.17511 1 ) ( -78.046 43.7962 5.17596 1 ) 
