 Knots U 
0 0 0 0 0.10068 0.200297 0.299762 0.399879 0.500045 0.599977 0.700145 0.800097 0.899652 1 1 1 1 
 Knots V 
0 0 0 0 0.05 0.1 0.15 0.2 0.25 0.3 0.35 0.4 0.45 0.5 0.55 0.6 0.65 0.7 0.75 0.8 0.85 0.9 0.95 1 1 1 1 
 Poles & Weights 
( -80.5921 44.5579 14.7886 1 ) ( -80.5805 44.5808 14.7878 1 ) ( -80.4812 44.7829 14.7807 1 ) ( -80.3767 44.9512 14.7762 1 ) ( -80.2218 45.1272 14.7749 1 ) ( -80.0405 45.2621 14.7766 1 ) ( -79.8369 45.3663 14.7776 1 ) ( -79.6187 45.4334 14.7759 1 ) ( -79.3953 45.4655 14.7754 1 ) ( -79.16 45.4565 14.7764 1 ) ( -78.9655 45.4152 14.7767 1 ) ( -78.7562 45.3324 14.7762 1 ) ( -78.732 45.3249 14.7761 1 ) 
( -80.5919 44.5581 14.7352 1 ) ( -80.5802 44.5811 14.7344 1 ) ( -80.4809 44.7831 14.7274 1 ) ( -80.3764 44.9513 14.7229 1 ) ( -80.2216 45.1274 14.7215 1 ) ( -80.0403 45.2622 14.7233 1 ) ( -79.8367 45.3665 14.7243 1 ) ( -79.6185 45.4336 14.7226 1 ) ( -79.3952 45.4657 14.7221 1 ) ( -79.1599 45.4566 14.7231 1 ) ( -78.9654 45.4153 14.7234 1 ) ( -78.7561 45.3326 14.7228 1 ) ( -78.732 45.3251 14.7227 1 ) 
( -80.5897 44.56 14.2584 1 ) ( -80.578 44.5829 14.2576 1 ) ( -80.4788 44.7847 14.251 1 ) ( -80.3743 44.9527 14.2467 1 ) ( -80.2195 45.1286 14.2453 1 ) ( -80.0385 45.2634 14.2468 1 ) ( -79.8352 45.3676 14.2479 1 ) ( -79.6172 45.4346 14.2468 1 ) ( -79.394 45.4667 14.2467 1 ) ( -79.159 45.4577 14.2478 1 ) ( -78.9648 45.4164 14.2477 1 ) ( -78.7555 45.3342 14.2464 1 ) ( -78.7314 45.3267 14.2462 1 ) 
( -80.5878 44.5617 13.8406 1 ) ( -80.5761 44.5845 13.8399 1 ) ( -80.4769 44.7861 13.8336 1 ) ( -80.3724 44.954 13.8295 1 ) ( -80.2177 45.1297 13.828 1 ) ( -80.0369 45.2645 13.8294 1 ) ( -79.8338 45.3686 13.8305 1 ) ( -79.616 45.4356 13.8298 1 ) ( -79.3931 45.4676 13.8301 1 ) ( -79.1582 45.4586 13.8313 1 ) ( -78.9642 45.4175 13.831 1 ) ( -78.7551 45.3356 13.8289 1 ) ( -78.731 45.3281 13.8287 1 ) 
( -80.5855 44.5637 13.3431 1 ) ( -80.5737 44.5865 13.3424 1 ) ( -80.4747 44.7878 13.3365 1 ) ( -80.3702 44.9554 13.3327 1 ) ( -80.2156 45.131 13.3311 1 ) ( -80.0351 45.2657 13.3323 1 ) ( -79.8322 45.3698 13.3335 1 ) ( -79.6147 45.4367 13.3333 1 ) ( -79.3919 45.4687 13.3341 1 ) ( -79.1573 45.4597 13.3354 1 ) ( -78.9635 45.4187 13.3347 1 ) ( -78.7545 45.3372 13.3318 1 ) ( -78.7304 45.3298 13.3316 1 ) 
( -80.5833 44.5656 12.867 1 ) ( -80.5715 44.5883 12.8664 1 ) ( -80.4726 44.7894 12.8608 1 ) ( -80.3681 44.9568 12.8572 1 ) ( -80.2135 45.1322 12.8556 1 ) ( -80.0333 45.2669 12.8566 1 ) ( -79.8307 45.371 12.8578 1 ) ( -79.6134 45.4378 12.8581 1 ) ( -79.3908 45.4697 12.8593 1 ) ( -79.1565 45.4607 12.8607 1 ) ( -78.9628 45.4198 12.8598 1 ) ( -78.7539 45.3388 12.856 1 ) ( -78.7299 45.3314 12.8558 1 ) 
( -80.581 44.5675 12.3852 1 ) ( -80.5693 44.5902 12.3846 1 ) ( -80.4704 44.7911 12.3794 1 ) ( -80.3659 44.9582 12.376 1 ) ( -80.2115 45.1335 12.3743 1 ) ( -80.0314 45.2681 12.3751 1 ) ( -79.8292 45.3721 12.3765 1 ) ( -79.612 45.4389 12.3771 1 ) ( -79.3897 45.4708 12.3789 1 ) ( -79.1556 45.4618 12.3804 1 ) ( -78.9621 45.421 12.3791 1 ) ( -78.7534 45.3403 12.3746 1 ) ( -78.7293 45.333 12.3742 1 ) 
( -80.5788 44.5694 11.9049 1 ) ( -80.567 44.5921 11.9043 1 ) ( -80.4683 44.7927 11.8996 1 ) ( -80.3638 44.9597 11.8963 1 ) ( -80.2094 45.1348 11.8946 1 ) ( -80.0296 45.2694 11.8952 1 ) ( -79.8276 45.3733 11.8966 1 ) ( -79.6107 45.44 11.8978 1 ) ( -79.3886 45.4718 11.8999 1 ) ( -79.1547 45.4629 11.9016 1 ) ( -78.9614 45.4221 11.9 1 ) ( -78.7528 45.3419 11.8946 1 ) ( -78.7288 45.3346 11.8942 1 ) 
( -80.5766 44.5713 11.4241 1 ) ( -80.5648 44.594 11.4236 1 ) ( -80.4661 44.7943 11.4193 1 ) ( -80.3617 44.9611 11.4162 1 ) ( -80.2073 45.136 11.4144 1 ) ( -80.0278 45.2706 11.4148 1 ) ( -79.8261 45.3745 11.4163 1 ) ( -79.6094 45.4411 11.418 1 ) ( -79.3874 45.4729 11.4206 1 ) ( -79.1539 45.4639 11.4223 1 ) ( -78.9608 45.4233 11.4204 1 ) ( -78.7522 45.3435 11.4142 1 ) ( -78.7282 45.3362 11.4138 1 ) 
( -80.5744 44.5732 10.9435 1 ) ( -80.5625 44.5958 10.9431 1 ) ( -80.464 44.796 10.9391 1 ) ( -80.3595 44.9625 10.9362 1 ) ( -80.2052 45.1373 10.9344 1 ) ( -80.026 45.2718 10.9346 1 ) ( -79.8245 45.3756 10.9362 1 ) ( -79.608 45.4421 10.9383 1 ) ( -79.3863 45.4739 10.9414 1 ) ( -79.153 45.465 10.9432 1 ) ( -78.9601 45.4245 10.941 1 ) ( -78.7517 45.3451 10.934 1 ) ( -78.7277 45.3378 10.9335 1 ) 
( -80.5721 44.5751 10.4629 1 ) ( -80.5603 44.5977 10.4625 1 ) ( -80.4618 44.7976 10.4589 1 ) ( -80.3574 44.9639 10.4562 1 ) ( -80.2032 45.1385 10.4543 1 ) ( -80.0242 45.273 10.4543 1 ) ( -79.823 45.3768 10.456 1 ) ( -79.6067 45.4432 10.4586 1 ) ( -79.3852 45.4749 10.4621 1 ) ( -79.1521 45.466 10.4641 1 ) ( -78.9594 45.4256 10.4615 1 ) ( -78.7511 45.3467 10.4537 1 ) ( -78.7271 45.3394 10.4532 1 ) 
( -80.5699 44.577 9.98227 1 ) ( -80.5581 44.5996 9.9819 1 ) ( -80.4596 44.7992 9.97866 1 ) ( -80.3552 44.9653 9.97619 1 ) ( -80.2011 45.1398 9.97422 1 ) ( -80.0224 45.2742 9.97407 1 ) ( -79.8215 45.378 9.97579 1 ) ( -79.6054 45.4443 9.97886 1 ) ( -79.3841 45.476 9.98285 1 ) ( -79.1513 45.4671 9.98492 1 ) ( -78.9587 45.4268 9.98206 1 ) ( -78.7505 45.3482 9.97345 1 ) ( -78.7266 45.341 9.97287 1 ) 
( -80.5677 44.579 9.50164 1 ) ( -80.5558 44.6014 9.50131 1 ) ( -80.4575 44.8008 9.49846 1 ) ( -80.3531 44.9667 9.49619 1 ) ( -80.199 45.141 9.49416 1 ) ( -80.0206 45.2754 9.49382 1 ) ( -79.8199 45.3791 9.4956 1 ) ( -79.604 45.4454 9.49916 1 ) ( -79.383 45.477 9.5036 1 ) ( -79.1504 45.4682 9.50578 1 ) ( -78.9581 45.428 9.5026 1 ) ( -78.75 45.3498 9.49318 1 ) ( -78.726 45.3426 9.49255 1 ) 
( -80.5655 44.5809 9.021 1 ) ( -80.5536 44.6033 9.02072 1 ) ( -80.4553 44.8025 9.01825 1 ) ( -80.3509 44.9682 9.01618 1 ) ( -80.197 45.1423 9.01409 1 ) ( -80.0187 45.2766 9.01356 1 ) ( -79.8184 45.3803 9.01541 1 ) ( -79.6027 45.4465 9.01944 1 ) ( -79.3818 45.4781 9.02434 1 ) ( -79.1495 45.4692 9.02663 1 ) ( -78.9574 45.4291 9.02314 1 ) ( -78.7494 45.3514 9.0129 1 ) ( -78.7255 45.3442 9.01222 1 ) 
( -80.5633 44.5828 8.5404 1 ) ( -80.5513 44.6052 8.54016 1 ) ( -80.4532 44.8041 8.53807 1 ) ( -80.3488 44.9696 8.5362 1 ) ( -80.1949 45.1435 8.53404 1 ) ( -80.0169 45.2779 8.53332 1 ) ( -79.8168 45.3814 8.53525 1 ) ( -79.6014 45.4476 8.53976 1 ) ( -79.3807 45.4791 8.54511 1 ) ( -79.1487 45.4703 8.54751 1 ) ( -78.9567 45.4303 8.5437 1 ) ( -78.7489 45.353 8.53266 1 ) ( -78.7249 45.3459 8.53192 1 ) 
( -80.561 44.5847 8.05968 1 ) ( -80.5491 44.6071 8.05948 1 ) ( -80.451 44.8057 8.05778 1 ) ( -80.3466 44.971 8.05611 1 ) ( -80.1928 45.1448 8.05389 1 ) ( -80.0151 45.2791 8.05298 1 ) ( -79.8153 45.3826 8.05498 1 ) ( -79.6 45.4487 8.05997 1 ) ( -79.3796 45.4802 8.06577 1 ) ( -79.1478 45.4713 8.06828 1 ) ( -78.956 45.4315 8.06416 1 ) ( -78.7483 45.3546 8.0523 1 ) ( -78.7244 45.3475 8.05151 1 ) 
( -80.5588 44.5866 7.57937 1 ) ( -80.5468 44.6089 7.57922 1 ) ( -80.4489 44.8074 7.5779 1 ) ( -80.3445 44.9724 7.57643 1 ) ( -80.1907 45.146 7.57415 1 ) ( -80.0133 45.2803 7.57305 1 ) ( -79.8137 45.3838 7.57512 1 ) ( -79.5987 45.4498 7.58058 1 ) ( -79.3785 45.4812 7.58684 1 ) ( -79.1469 45.4724 7.58946 1 ) ( -78.9554 45.4326 7.58502 1 ) ( -78.7477 45.3561 7.57235 1 ) ( -78.7238 45.3491 7.57151 1 ) 
( -80.5566 44.5885 7.09753 1 ) ( -80.5446 44.6108 7.09742 1 ) ( -80.4467 44.809 7.09648 1 ) ( -80.3423 44.9738 7.09522 1 ) ( -80.1887 45.1473 7.09288 1 ) ( -80.0115 45.2815 7.09158 1 ) ( -79.8122 45.3849 7.09373 1 ) ( -79.5974 45.4508 7.09967 1 ) ( -79.3774 45.4823 7.10638 1 ) ( -79.146 45.4735 7.10911 1 ) ( -78.9547 45.4338 7.10435 1 ) ( -78.7472 45.3577 7.09087 1 ) ( -78.7233 45.3507 7.08998 1 ) 
( -80.5544 44.5904 6.62141 1 ) ( -80.5424 44.6127 6.62135 1 ) ( -80.4446 44.8106 6.62079 1 ) ( -80.3402 44.9752 6.61973 1 ) ( -80.1866 45.1485 6.61732 1 ) ( -80.0097 45.2827 6.61584 1 ) ( -79.8107 45.3861 6.61805 1 ) ( -79.596 45.4519 6.62446 1 ) ( -79.3762 45.4833 6.63162 1 ) ( -79.1452 45.4745 6.63446 1 ) ( -78.954 45.4349 6.6294 1 ) ( -78.7466 45.3593 6.61511 1 ) ( -78.7227 45.3523 6.61417 1 ) 
( -80.5521 44.5924 6.12394 1 ) ( -80.54 44.6146 6.12392 1 ) ( -80.4424 44.8123 6.12376 1 ) ( -80.338 44.9767 6.1229 1 ) ( -80.1845 45.1498 6.12043 1 ) ( -80.0078 45.284 6.11875 1 ) ( -79.8091 45.3873 6.12104 1 ) ( -79.5947 45.453 6.12795 1 ) ( -79.3751 45.4844 6.13558 1 ) ( -79.1443 45.4756 6.13853 1 ) ( -78.9533 45.4362 6.13314 1 ) ( -78.746 45.3609 6.11801 1 ) ( -78.7222 45.354 6.11702 1 ) 
( -80.5502 44.5941 5.70616 1 ) ( -80.5381 44.6162 5.70618 1 ) ( -80.4405 44.8137 5.70635 1 ) ( -80.3361 44.9779 5.70567 1 ) ( -80.1827 45.1509 5.70314 1 ) ( -80.0062 45.285 5.7013 1 ) ( -79.8077 45.3883 5.70365 1 ) ( -79.5935 45.454 5.71097 1 ) ( -79.3741 45.4853 5.71899 1 ) ( -79.1435 45.4765 5.72204 1 ) ( -78.9527 45.4372 5.71637 1 ) ( -78.7455 45.3623 5.70054 1 ) ( -78.7217 45.3554 5.69951 1 ) 
( -80.548 44.596 5.22937 1 ) ( -80.5359 44.6181 5.22943 1 ) ( -80.4383 44.8153 5.22997 1 ) ( -80.334 44.9793 5.22949 1 ) ( -80.1806 45.1522 5.22691 1 ) ( -80.0044 45.2862 5.22487 1 ) ( -79.8062 45.3894 5.2273 1 ) ( -79.5922 45.4551 5.23509 1 ) ( -79.373 45.4863 5.24356 1 ) ( -79.1427 45.4776 5.24672 1 ) ( -78.9521 45.4383 5.24074 1 ) ( -78.745 45.3639 5.2241 1 ) ( -78.7211 45.357 5.22302 1 ) 
( -80.5477 44.5962 5.17596 1 ) ( -80.5356 44.6183 5.17603 1 ) ( -80.4381 44.8155 5.17662 1 ) ( -80.3338 44.9795 5.17616 1 ) ( -80.1804 45.1523 5.17357 1 ) ( -80.0042 45.2864 5.17151 1 ) ( -79.806 45.3896 5.17394 1 ) ( -79.592 45.4552 5.18179 1 ) ( -79.3729 45.4864 5.19031 1 ) ( -79.1426 45.4777 5.19348 1 ) ( -78.952 45.4384 5.18747 1 ) ( -78.7449 45.364 5.17074 1 ) ( -78.7211 45.3571 5.16965 1 ) 
