 Knots U 
0 0 0 0 0.0984168 0.196551 0.294848 0.394542 0.496299 0.599094 0.701363 0.801915 0.901007 1 1 1 1 
 Knots V 
0 0 0 0 0.1 0.2 0.3 0.4 0.5 0.6 0.7 0.8 0.9 1 1 1 1 
 Poles & Weights 
( -70.9007 52.0848 -5.59228 1 ) ( -70.9144 52.1002 -5.60906 1 ) ( -71.0282 52.2433 -5.7589 1 ) ( -71.114 52.3754 -5.886 1 ) ( -71.1876 52.5463 -6.029 1 ) ( -71.2054 52.7329 -6.1502 1 ) ( -71.1789 52.9391 -6.25243 1 ) ( -71.1259 53.1555 -6.32846 1 ) ( -71.0577 53.3718 -6.37478 1 ) ( -70.9495 53.5813 -6.38415 1 ) ( -70.8241 53.7347 -6.36232 1 ) ( -70.6552 53.887 -6.31197 1 ) ( -70.6367 53.9052 -6.30762 1 ) 
( -70.9034 52.0748 -5.60225 1 ) ( -70.9168 52.0904 -5.619 1 ) ( -71.0284 52.2354 -5.76838 1 ) ( -71.1124 52.3691 -5.89509 1 ) ( -71.1842 52.5417 -6.03777 1 ) ( -71.2009 52.7296 -6.15882 1 ) ( -71.1737 52.9369 -6.26113 1 ) ( -71.1204 53.1544 -6.33753 1 ) ( -71.0521 53.3717 -6.38452 1 ) ( -70.944 53.5824 -6.39506 1 ) ( -70.8192 53.7371 -6.37454 1 ) ( -70.6513 53.8912 -6.32595 1 ) ( -70.6329 53.9096 -6.32179 1 ) 
( -70.9275 51.9863 -5.69074 1 ) ( -70.9386 52.0038 -5.70712 1 ) ( -71.0306 52.1649 -5.85256 1 ) ( -71.0988 52.3124 -5.97578 1 ) ( -71.1545 52.5002 -6.11553 1 ) ( -71.161 52.7003 -6.23534 1 ) ( -71.1281 52.9178 -6.33829 1 ) ( -71.0716 53.1445 -6.4179 1 ) ( -71.0017 53.3706 -6.47095 1 ) ( -70.8956 53.5925 -6.49176 1 ) ( -70.7758 53.759 -6.48289 1 ) ( -70.6163 53.9285 -6.45002 1 ) ( -70.5988 53.9485 -6.4475 1 ) 
( -70.9487 51.9087 -5.76838 1 ) ( -70.9578 51.9278 -5.78443 1 ) ( -71.0325 52.1031 -5.92641 1 ) ( -71.0868 52.2628 -6.04658 1 ) ( -71.1284 52.4638 -6.18377 1 ) ( -71.126 52.6745 -6.30248 1 ) ( -71.088 52.9011 -6.40599 1 ) ( -71.0287 53.1357 -6.48843 1 ) ( -70.9575 53.3697 -6.54678 1 ) ( -70.8531 53.6014 -6.57662 1 ) ( -70.7378 53.7782 -6.57797 1 ) ( -70.5856 53.9613 -6.55888 1 ) ( -70.5688 53.9827 -6.55779 1 ) 
( -70.9738 51.8163 -5.86077 1 ) ( -70.9805 51.8373 -5.87645 1 ) ( -71.0348 52.0296 -6.0143 1 ) ( -71.0725 52.2036 -6.13083 1 ) ( -71.0973 52.4205 -6.26497 1 ) ( -71.0843 52.6439 -6.38238 1 ) ( -71.0403 52.8811 -6.48656 1 ) ( -70.9777 53.1254 -6.57235 1 ) ( -70.9049 53.3685 -6.63702 1 ) ( -70.8026 53.6119 -6.6776 1 ) ( -70.6925 53.8011 -6.69111 1 ) ( -70.549 54.0003 -6.68843 1 ) ( -70.5332 54.0234 -6.68905 1 ) 
( -70.9979 51.7278 -5.94923 1 ) ( -71.0024 51.7507 -5.96454 1 ) ( -71.037 51.9591 -6.09844 1 ) ( -71.0588 52.147 -6.21149 1 ) ( -71.0676 52.379 -6.34271 1 ) ( -71.0444 52.6145 -6.45888 1 ) ( -70.9946 52.862 -6.56369 1 ) ( -70.9289 53.1154 -6.65271 1 ) ( -70.8545 53.3675 -6.72343 1 ) ( -70.7542 53.622 -6.77427 1 ) ( -70.6491 53.823 -6.79944 1 ) ( -70.5141 54.0376 -6.81246 1 ) ( -70.4991 54.0624 -6.81472 1 ) 
( -71.0223 51.6383 -6.03867 1 ) ( -71.0244 51.6632 -6.05362 1 ) ( -71.0392 51.8879 -6.18353 1 ) ( -71.045 52.0898 -6.29305 1 ) ( -71.0375 52.3371 -6.42132 1 ) ( -71.0041 52.5848 -6.53622 1 ) ( -70.9484 52.8427 -6.64169 1 ) ( -70.8796 53.1054 -6.73395 1 ) ( -70.8036 53.3664 -6.81079 1 ) ( -70.7053 53.6322 -6.87203 1 ) ( -70.6053 53.8451 -6.90897 1 ) ( -70.4787 54.0753 -6.93787 1 ) ( -70.4647 54.1017 -6.94179 1 ) 
( -71.0466 51.5488 -6.12812 1 ) ( -71.0465 51.5756 -6.14269 1 ) ( -71.0414 51.8167 -6.26861 1 ) ( -71.0312 52.0326 -6.37461 1 ) ( -71.0074 52.2951 -6.49993 1 ) ( -70.9637 52.5552 -6.61357 1 ) ( -70.9023 52.8234 -6.71968 1 ) ( -70.8302 53.0953 -6.8152 1 ) ( -70.7527 53.3653 -6.89815 1 ) ( -70.6564 53.6424 -6.96978 1 ) ( -70.5615 53.8673 -7.0185 1 ) ( -70.4433 54.113 -7.06328 1 ) ( -70.4302 54.1411 -7.06886 1 ) 
( -71.0707 51.4604 -6.21658 1 ) ( -71.0683 51.489 -6.23078 1 ) ( -71.0436 51.7463 -6.35275 1 ) ( -71.0175 51.976 -6.45527 1 ) ( -70.9777 52.2537 -6.57767 1 ) ( -70.9238 52.5258 -6.69006 1 ) ( -70.8566 52.8042 -6.79682 1 ) ( -70.7814 53.0854 -6.89555 1 ) ( -70.7023 53.3642 -6.98455 1 ) ( -70.608 53.6525 -7.06646 1 ) ( -70.5181 53.8892 -7.12683 1 ) ( -70.4083 54.1503 -7.18732 1 ) ( -70.3961 54.1801 -7.19453 1 ) 
( -71.0959 51.368 -6.30897 1 ) ( -71.091 51.3985 -6.3228 1 ) ( -71.0458 51.6727 -6.44064 1 ) ( -71.0033 51.9168 -6.53953 1 ) ( -70.9466 52.2103 -6.65887 1 ) ( -70.8821 52.4951 -6.76996 1 ) ( -70.8089 52.7843 -6.87739 1 ) ( -70.7304 53.075 -6.97948 1 ) ( -70.6497 53.3631 -7.0748 1 ) ( -70.5575 53.663 -7.16744 1 ) ( -70.4728 53.912 -7.23997 1 ) ( -70.3718 54.1893 -7.31686 1 ) ( -70.3605 54.2207 -7.32579 1 ) 
( -71.117 51.2903 -6.38661 1 ) ( -71.1102 51.3225 -6.40011 1 ) ( -71.0478 51.6109 -6.5145 1 ) ( -70.9913 51.8672 -6.61032 1 ) ( -70.9205 52.174 -6.7271 1 ) ( -70.8471 52.4694 -6.8371 1 ) ( -70.7688 52.7675 -6.94509 1 ) ( -70.6876 53.0662 -7.05 1 ) ( -70.6055 53.3621 -7.15063 1 ) ( -70.515 53.6719 -7.25229 1 ) ( -70.4348 53.9313 -7.33505 1 ) ( -70.3411 54.2221 -7.42572 1 ) ( -70.3306 54.2549 -7.43608 1 ) 
( -71.1411 51.2018 -6.47509 1 ) ( -71.132 51.2359 -6.48824 1 ) ( -71.0499 51.5404 -6.59867 1 ) ( -70.9776 51.8105 -6.69101 1 ) ( -70.8908 52.1325 -6.80487 1 ) ( -70.8072 52.44 -6.91362 1 ) ( -70.7231 52.7484 -7.02225 1 ) ( -70.6387 53.0563 -7.13038 1 ) ( -70.5551 53.3611 -7.23706 1 ) ( -70.4666 53.6819 -7.349 1 ) ( -70.3914 53.9532 -7.44341 1 ) ( -70.3061 54.2594 -7.54979 1 ) ( -70.2965 54.2939 -7.56179 1 ) 
( -71.1439 51.1918 -6.48507 1 ) ( -71.1344 51.2261 -6.49817 1 ) ( -71.0502 51.5325 -6.60816 1 ) ( -70.9761 51.8042 -6.7001 1 ) ( -70.8874 52.1278 -6.81364 1 ) ( -70.8027 52.4367 -6.92224 1 ) ( -70.718 52.7463 -7.03095 1 ) ( -70.6332 53.0552 -7.13944 1 ) ( -70.5494 53.361 -7.2468 1 ) ( -70.4612 53.6831 -7.3599 1 ) ( -70.3865 53.9556 -7.45562 1 ) ( -70.3022 54.2636 -7.56378 1 ) ( -70.2926 54.2983 -7.57596 1 ) 
