 Knots U 
0 0 0 0 0.098126 0.196946 0.297508 0.398697 0.500234 0.601484 0.702007 0.801828 0.900986 1 1 1 1 
 Knots V 
0 0 0 0 0.1 0.2 0.3 0.4 0.5 0.6 0.7 0.8 0.9 1 1 1 1 
 Poles & Weights 
( -70.6367 53.9052 -6.30762 1 ) ( -70.6214 53.9175 -6.30244 1 ) ( -70.4829 54.0363 -6.25881 1 ) ( -70.3537 54.1174 -6.20631 1 ) ( -70.1937 54.1863 -6.12813 1 ) ( -70.0361 54.2244 -6.03681 1 ) ( -69.8795 54.2411 -5.93336 1 ) ( -69.7299 54.2351 -5.82061 1 ) ( -69.5919 54.2046 -5.70276 1 ) ( -69.4645 54.1411 -5.57587 1 ) ( -69.366 54.0716 -5.46749 1 ) ( -69.2587 53.9822 -5.34244 1 ) ( -69.2474 53.9716 -5.32867 1 ) 
( -70.6329 53.9096 -6.32179 1 ) ( -70.6175 53.9218 -6.31649 1 ) ( -70.4784 54.0393 -6.27111 1 ) ( -70.3485 54.1197 -6.21769 1 ) ( -70.1875 54.1881 -6.13891 1 ) ( -70.0291 54.2257 -6.04706 1 ) ( -69.8718 54.242 -5.9432 1 ) ( -69.7211 54.2359 -5.83041 1 ) ( -69.5819 54.2055 -5.71264 1 ) ( -69.4531 54.1421 -5.58599 1 ) ( -69.3532 54.0729 -5.47809 1 ) ( -69.2442 53.9838 -5.35389 1 ) ( -69.2327 53.9733 -5.34018 1 ) 
( -70.5988 53.9485 -6.4475 1 ) ( -70.5826 53.9599 -6.44106 1 ) ( -70.4387 54.066 -6.38015 1 ) ( -70.3025 54.1401 -6.31867 1 ) ( -70.1331 54.2039 -6.23448 1 ) ( -69.9675 54.237 -6.13797 1 ) ( -69.8028 54.2497 -6.03045 1 ) ( -69.6428 54.2433 -5.91729 1 ) ( -69.4931 54.2133 -5.80032 1 ) ( -69.3517 54.1508 -5.67576 1 ) ( -69.2397 54.0835 -5.57206 1 ) ( -69.1156 53.998 -5.45544 1 ) ( -69.1024 53.9878 -5.44235 1 ) 
( -70.5688 53.9827 -6.55779 1 ) ( -70.5519 53.9933 -6.55036 1 ) ( -70.4038 54.0893 -6.47582 1 ) ( -70.2622 54.158 -6.40728 1 ) ( -70.0853 54.2178 -6.31834 1 ) ( -69.9135 54.2469 -6.21774 1 ) ( -69.7424 54.2564 -6.10701 1 ) ( -69.5741 54.2498 -5.99353 1 ) ( -69.4152 54.2201 -5.87725 1 ) ( -69.2627 54.1584 -5.75453 1 ) ( -69.1401 54.0929 -5.65451 1 ) ( -69.0028 54.0104 -5.54455 1 ) ( -68.9881 54.0005 -5.532 1 ) 
( -70.5332 54.0234 -6.68905 1 ) ( -70.5154 54.0331 -6.68044 1 ) ( -70.3624 54.1171 -6.58968 1 ) ( -70.2142 54.1793 -6.51272 1 ) ( -70.0284 54.2343 -6.41813 1 ) ( -69.8491 54.2587 -6.31268 1 ) ( -69.6704 54.2644 -6.19812 1 ) ( -69.4923 54.2575 -6.08425 1 ) ( -69.3225 54.2282 -5.9688 1 ) ( -69.1569 54.1674 -5.84826 1 ) ( -69.0216 54.1041 -5.75264 1 ) ( -68.8685 54.0252 -5.65059 1 ) ( -68.8521 54.0157 -5.63868 1 ) 
( -70.4991 54.0624 -6.81472 1 ) ( -70.4805 54.0712 -6.80497 1 ) ( -70.3227 54.1437 -6.69869 1 ) ( -70.1682 54.1997 -6.61367 1 ) ( -69.974 54.25 -6.51367 1 ) ( -69.7875 54.2701 -6.40357 1 ) ( -69.6015 54.2721 -6.28535 1 ) ( -69.414 54.2649 -6.17112 1 ) ( -69.2337 54.236 -6.05645 1 ) ( -69.0555 54.1761 -5.938 1 ) ( -68.9081 54.1148 -5.84658 1 ) ( -68.7399 54.0394 -5.75211 1 ) ( -68.7219 54.0302 -5.74082 1 ) 
( -70.4647 54.1017 -6.94179 1 ) ( -70.4452 54.1098 -6.93089 1 ) ( -70.2825 54.1706 -6.80891 1 ) ( -70.1217 54.2203 -6.71574 1 ) ( -69.9189 54.266 -6.61028 1 ) ( -69.7253 54.2815 -6.49547 1 ) ( -69.5318 54.2799 -6.37355 1 ) ( -69.3348 54.2724 -6.25894 1 ) ( -69.1439 54.2439 -6.14507 1 ) ( -68.9531 54.1849 -6.02874 1 ) ( -68.7934 54.1256 -5.94157 1 ) ( -68.6099 54.0537 -5.85477 1 ) ( -68.5902 54.0448 -5.8441 1 ) 
( -70.4302 54.1411 -7.06886 1 ) ( -70.4099 54.1483 -7.05682 1 ) ( -70.2424 54.1976 -6.91913 1 ) ( -70.0752 54.241 -6.81782 1 ) ( -69.8639 54.282 -6.70688 1 ) ( -69.663 54.2929 -6.58737 1 ) ( -69.4622 54.2877 -6.46174 1 ) ( -69.2557 54.2798 -6.34677 1 ) ( -69.0542 54.2518 -6.2337 1 ) ( -68.8506 54.1937 -6.11948 1 ) ( -68.6787 54.1364 -6.03656 1 ) ( -68.4799 54.0681 -5.95742 1 ) ( -68.4585 54.0595 -5.94737 1 ) 
( -70.3961 54.1801 -7.19453 1 ) ( -70.375 54.1864 -7.18135 1 ) ( -70.2027 54.2242 -7.02814 1 ) ( -70.0292 54.2614 -6.91877 1 ) ( -69.8094 54.2978 -6.80243 1 ) ( -69.6014 54.3043 -6.67826 1 ) ( -69.3933 54.2954 -6.54897 1 ) ( -69.1774 54.2872 -6.43363 1 ) ( -68.9654 54.2595 -6.32135 1 ) ( -68.7492 54.2023 -6.20922 1 ) ( -68.5652 54.1471 -6.1305 1 ) ( -68.3514 54.0822 -6.05894 1 ) ( -68.3283 54.074 -6.04951 1 ) 
( -70.3605 54.2207 -7.32579 1 ) ( -70.3385 54.2262 -7.31143 1 ) ( -70.1612 54.252 -7.142 1 ) ( -69.9812 54.2827 -7.02421 1 ) ( -69.7526 54.3142 -6.90222 1 ) ( -69.5371 54.3161 -6.77319 1 ) ( -69.3213 54.3034 -6.64008 1 ) ( -69.0956 54.2949 -6.52436 1 ) ( -68.8727 54.2677 -6.4129 1 ) ( -68.6434 54.2114 -6.30296 1 ) ( -68.4467 54.1583 -6.22863 1 ) ( -68.2171 54.097 -6.16498 1 ) ( -68.1922 54.0891 -6.15619 1 ) 
( -70.3306 54.2549 -7.43608 1 ) ( -70.3079 54.2597 -7.42073 1 ) ( -70.1263 54.2753 -7.23767 1 ) ( -69.9409 54.3006 -7.11282 1 ) ( -69.7048 54.3281 -6.98608 1 ) ( -69.483 54.326 -6.85296 1 ) ( -69.2609 54.3102 -6.71664 1 ) ( -69.0269 54.3014 -6.60059 1 ) ( -68.7948 54.2745 -6.48983 1 ) ( -68.5544 54.219 -6.38172 1 ) ( -68.3471 54.1677 -6.31108 1 ) ( -68.1043 54.1095 -6.25409 1 ) ( -68.0779 54.1019 -6.24584 1 ) 
( -70.2965 54.2939 -7.56179 1 ) ( -70.2729 54.2978 -7.5453 1 ) ( -70.0866 54.302 -7.34671 1 ) ( -69.8949 54.321 -7.2138 1 ) ( -69.6503 54.3439 -7.08165 1 ) ( -69.4214 54.3373 -6.94388 1 ) ( -69.1919 54.3178 -6.80389 1 ) ( -68.9485 54.3088 -6.68748 1 ) ( -68.706 54.2823 -6.57751 1 ) ( -68.4531 54.2277 -6.47149 1 ) ( -68.2336 54.1784 -6.40505 1 ) ( -67.9757 54.1236 -6.35564 1 ) ( -67.9476 54.1164 -6.34801 1 ) 
( -70.2926 54.2983 -7.57596 1 ) ( -70.269 54.3021 -7.55935 1 ) ( -70.0821 54.305 -7.35901 1 ) ( -69.8897 54.3233 -7.22518 1 ) ( -69.6442 54.3457 -7.09242 1 ) ( -69.4144 54.3386 -6.95413 1 ) ( -69.1842 54.3187 -6.81373 1 ) ( -68.9397 54.3097 -6.69727 1 ) ( -68.696 54.2832 -6.58739 1 ) ( -68.4416 54.2287 -6.48161 1 ) ( -68.2208 54.1796 -6.41565 1 ) ( -67.9612 54.1252 -6.36709 1 ) ( -67.933 54.118 -6.35953 1 ) 
