 Knots U 
0 0 0 0 0.100583 0.200215 0.299689 0.399581 0.499646 0.59986 0.700082 0.799899 0.899586 1 1 1 1 
 Knots V 
0 0 0 0 0.05 0.1 0.15 0.2 0.25 0.3 0.35 0.4 0.45 0.5 0.55 0.6 0.65 0.7 0.75 0.8 0.85 0.9 0.95 1 1 1 1 
 Poles & Weights 
( -83.148 42.9214 27.1681 1 ) ( -83.1664 42.9329 27.17 1 ) ( -83.3355 43.0238 27.1932 1 ) ( -83.4703 43.1262 27.1975 1 ) ( -83.6083 43.2738 27.1847 1 ) ( -83.715 43.4357 27.172 1 ) ( -83.8001 43.6112 27.172 1 ) ( -83.8595 43.797 27.1756 1 ) ( -83.8934 43.9877 27.1763 1 ) ( -83.8953 44.1895 27.1758 1 ) ( -83.871 44.3575 27.1763 1 ) ( -83.8215 44.5441 27.1766 1 ) ( -83.8169 44.5653 27.1771 1 ) 
( -83.1302 42.9215 27.0992 1 ) ( -83.1487 42.933 27.1012 1 ) ( -83.3176 43.024 27.1242 1 ) ( -83.4524 43.1264 27.1285 1 ) ( -83.5904 43.2739 27.1158 1 ) ( -83.6971 43.4358 27.1032 1 ) ( -83.7822 43.6113 27.1032 1 ) ( -83.8416 43.7971 27.1067 1 ) ( -83.8755 43.9877 27.1075 1 ) ( -83.8774 44.1895 27.1069 1 ) ( -83.8531 44.3575 27.1074 1 ) ( -83.8035 44.544 27.1078 1 ) ( -83.799 44.5653 27.1083 1 ) 
( -82.9715 42.9224 26.4846 1 ) ( -82.9899 42.934 26.4864 1 ) ( -83.158 43.0259 26.5082 1 ) ( -83.2925 43.1284 26.5121 1 ) ( -83.4305 43.2754 26.5001 1 ) ( -83.5373 43.4369 26.4884 1 ) ( -83.6224 43.6121 26.4886 1 ) ( -83.6816 43.7977 26.4921 1 ) ( -83.7154 43.9881 26.4927 1 ) ( -83.7172 44.1896 26.492 1 ) ( -83.6929 44.3574 26.4926 1 ) ( -83.6436 44.5437 26.4933 1 ) ( -83.639 44.5649 26.4938 1 ) 
( -82.8324 42.9232 25.946 1 ) ( -82.8507 42.9348 25.9477 1 ) ( -83.0182 43.0275 25.9684 1 ) ( -83.1524 43.1301 25.9721 1 ) ( -83.2904 43.2767 25.9607 1 ) ( -83.3972 43.4378 25.9497 1 ) ( -83.4823 43.6128 25.9502 1 ) ( -83.5415 43.7983 25.9536 1 ) ( -83.5752 43.9884 25.954 1 ) ( -83.5769 44.1897 25.9533 1 ) ( -83.5526 44.3573 25.954 1 ) ( -83.5034 44.5434 25.9549 1 ) ( -83.4989 44.5646 25.9554 1 ) 
( -82.6667 42.9242 25.3047 1 ) ( -82.6851 42.9358 25.3063 1 ) ( -82.8517 43.0295 25.3256 1 ) ( -82.9856 43.1322 25.329 1 ) ( -83.1237 43.2782 25.3183 1 ) ( -83.2305 43.4388 25.3082 1 ) ( -83.3156 43.6137 25.309 1 ) ( -83.3747 43.7989 25.3124 1 ) ( -83.4082 43.9888 25.3126 1 ) ( -83.4097 44.1898 25.3117 1 ) ( -83.3855 44.3572 25.3125 1 ) ( -83.3365 44.543 25.3137 1 ) ( -83.332 44.5642 25.3142 1 ) 
( -82.5082 42.9251 24.6909 1 ) ( -82.5265 42.9367 24.6924 1 ) ( -82.6923 43.0314 24.7104 1 ) ( -82.826 43.1342 24.7136 1 ) ( -82.964 43.2797 24.7035 1 ) ( -83.0709 43.4399 24.6943 1 ) ( -83.156 43.6145 24.6953 1 ) ( -83.215 43.7995 24.6987 1 ) ( -83.2483 43.9892 24.6987 1 ) ( -83.2498 44.1899 24.6977 1 ) ( -83.2256 44.3571 24.6986 1 ) ( -83.1768 44.5427 24.7001 1 ) ( -83.1723 44.5638 24.7006 1 ) 
( -82.3478 42.9261 24.0698 1 ) ( -82.366 42.9377 24.0711 1 ) ( -82.531 43.0334 24.0879 1 ) ( -82.6644 43.1362 24.0907 1 ) ( -82.8025 43.2812 24.0814 1 ) ( -82.9094 43.4409 24.073 1 ) ( -82.9944 43.6153 24.0743 1 ) ( -83.0534 43.8001 24.0776 1 ) ( -83.0866 43.9896 24.0774 1 ) ( -83.0879 44.19 24.0764 1 ) ( -83.0638 44.357 24.0773 1 ) ( -83.0151 44.5423 24.0791 1 ) ( -83.0106 44.5635 24.0796 1 ) 
( -82.1878 42.927 23.4506 1 ) ( -82.2061 42.9386 23.4518 1 ) ( -82.3703 43.0353 23.4673 1 ) ( -82.5034 43.1382 23.4699 1 ) ( -82.6414 43.2827 23.4612 1 ) ( -82.7484 43.442 23.4537 1 ) ( -82.8334 43.6161 23.4552 1 ) ( -82.8923 43.8008 23.4585 1 ) ( -82.9253 43.99 23.4581 1 ) ( -82.9265 44.1901 23.457 1 ) ( -82.9024 44.3568 23.458 1 ) ( -82.854 44.542 23.4601 1 ) ( -82.8495 44.5631 23.4606 1 ) 
( -82.0278 42.9279 22.8309 1 ) ( -82.046 42.9395 22.832 1 ) ( -82.2094 43.0372 22.8462 1 ) ( -82.3422 43.1403 22.8485 1 ) ( -82.4802 43.2842 22.8405 1 ) ( -82.5872 43.443 22.8338 1 ) ( -82.6723 43.6169 22.8356 1 ) ( -82.7311 43.8014 22.8388 1 ) ( -82.7639 43.9904 22.8383 1 ) ( -82.7651 44.1902 22.8371 1 ) ( -82.741 44.3567 22.8382 1 ) ( -82.6927 44.5416 22.8405 1 ) ( -82.6882 44.5627 22.8411 1 ) 
( -81.8678 42.9289 22.2113 1 ) ( -81.8859 42.9405 22.2123 1 ) ( -82.0485 43.0391 22.2252 1 ) ( -82.181 43.1423 22.2272 1 ) ( -82.3191 43.2857 22.2199 1 ) ( -82.4261 43.4441 22.2141 1 ) ( -82.5111 43.6177 22.2161 1 ) ( -82.5699 43.802 22.2193 1 ) ( -82.6026 43.9907 22.2186 1 ) ( -82.6036 44.1903 22.2173 1 ) ( -82.5796 44.3566 22.2185 1 ) ( -82.5314 44.5413 22.2211 1 ) ( -82.527 44.5624 22.2217 1 ) 
( -81.7077 42.9298 21.5917 1 ) ( -81.7259 42.9414 21.5925 1 ) ( -81.8876 43.041 21.6042 1 ) ( -82.0199 43.1443 21.6059 1 ) ( -82.1579 43.2872 21.5993 1 ) ( -82.265 43.4451 21.5943 1 ) ( -82.35 43.6185 21.5966 1 ) ( -82.4087 43.8026 21.5998 1 ) ( -82.4412 43.9911 21.5989 1 ) ( -82.4421 44.1904 21.5975 1 ) ( -82.4181 44.3565 21.5988 1 ) ( -82.3702 44.5409 21.6017 1 ) ( -82.3658 44.562 21.6023 1 ) 
( -81.5477 42.9307 20.9721 1 ) ( -81.5658 42.9424 20.9728 1 ) ( -81.7268 43.043 20.9832 1 ) ( -81.8587 43.1463 20.9847 1 ) ( -81.9968 43.2887 20.9787 1 ) ( -82.1039 43.4462 20.9746 1 ) ( -82.1889 43.6193 20.9771 1 ) ( -82.2475 43.8033 20.9802 1 ) ( -82.2799 43.9915 20.9792 1 ) ( -82.2806 44.1905 20.9776 1 ) ( -82.2567 44.3564 20.9791 1 ) ( -82.2089 44.5406 20.9822 1 ) ( -82.2045 44.5616 20.9828 1 ) 
( -81.3877 42.9316 20.3525 1 ) ( -81.4057 42.9433 20.3531 1 ) ( -81.5659 43.0449 20.3622 1 ) ( -81.6975 43.1483 20.3634 1 ) ( -81.8356 43.2902 20.3581 1 ) ( -81.9428 43.4472 20.3549 1 ) ( -82.0278 43.6201 20.3577 1 ) ( -82.0863 43.8039 20.3607 1 ) ( -82.1185 43.9919 20.3595 1 ) ( -82.1192 44.1906 20.3578 1 ) ( -82.0953 44.3563 20.3593 1 ) ( -82.0477 44.5402 20.3628 1 ) ( -82.0433 44.5612 20.3634 1 ) 
( -81.2276 42.9326 19.7329 1 ) ( -81.2457 42.9443 19.7334 1 ) ( -81.405 43.0468 19.7412 1 ) ( -81.5364 43.1503 19.7421 1 ) ( -81.6745 43.2917 19.7375 1 ) ( -81.7817 43.4482 19.7351 1 ) ( -81.8667 43.6209 19.7382 1 ) ( -81.9251 43.8045 19.7412 1 ) ( -81.9572 43.9923 19.7398 1 ) ( -81.9577 44.1907 19.738 1 ) ( -81.9339 44.3562 19.7396 1 ) ( -81.8864 44.5399 19.7433 1 ) ( -81.882 44.5609 19.744 1 ) 
( -81.0676 42.9335 19.1133 1 ) ( -81.0856 42.9452 19.1137 1 ) ( -81.2442 43.0487 19.1202 1 ) ( -81.3752 43.1523 19.1208 1 ) ( -81.5133 43.2931 19.1169 1 ) ( -81.6206 43.4493 19.1154 1 ) ( -81.7055 43.6217 19.1187 1 ) ( -81.7639 43.8051 19.1217 1 ) ( -81.7958 43.9927 19.1201 1 ) ( -81.7962 44.1908 19.1182 1 ) ( -81.7724 44.3561 19.1199 1 ) ( -81.7252 44.5395 19.1239 1 ) ( -81.7208 44.5605 19.1246 1 ) 
( -80.9076 42.9344 18.4936 1 ) ( -80.9255 42.9462 18.4938 1 ) ( -81.0833 43.0506 18.4991 1 ) ( -81.214 43.1544 18.4994 1 ) ( -81.3522 43.2946 18.4962 1 ) ( -81.4594 43.4503 18.4955 1 ) ( -81.5444 43.6225 18.4991 1 ) ( -81.6027 43.8058 18.502 1 ) ( -81.6344 43.993 18.5003 1 ) ( -81.6347 44.1909 18.4983 1 ) ( -81.611 44.3559 18.5001 1 ) ( -81.5639 44.5392 18.5044 1 ) ( -81.5595 44.5601 18.505 1 ) 
( -80.7476 42.9354 17.8745 1 ) ( -80.7655 42.9471 17.8745 1 ) ( -80.9225 43.0526 17.8785 1 ) ( -81.053 43.1564 17.8786 1 ) ( -81.1911 43.2961 17.876 1 ) ( -81.2984 43.4514 17.8762 1 ) ( -81.3834 43.6233 17.88 1 ) ( -81.4416 43.8064 17.8829 1 ) ( -81.4732 43.9934 17.881 1 ) ( -81.4734 44.191 17.8789 1 ) ( -81.4497 44.3558 17.8808 1 ) ( -81.4027 44.5388 17.8853 1 ) ( -81.3984 44.5598 17.886 1 ) 
( -80.5872 42.9363 17.2533 1 ) ( -80.6051 42.9481 17.2533 1 ) ( -80.7612 43.0545 17.2559 1 ) ( -80.8914 43.1584 17.2557 1 ) ( -81.0296 43.2976 17.2538 1 ) ( -81.1369 43.4524 17.2549 1 ) ( -81.2218 43.6241 17.259 1 ) ( -81.28 43.807 17.2618 1 ) ( -81.3114 43.9938 17.2597 1 ) ( -81.3115 44.1911 17.2575 1 ) ( -81.2878 44.3557 17.2595 1 ) ( -81.2411 44.5385 17.2643 1 ) ( -81.2368 44.5594 17.2651 1 ) 
( -80.4287 42.9372 16.6395 1 ) ( -80.4465 42.949 16.6394 1 ) ( -80.6019 43.0564 16.6408 1 ) ( -80.7318 43.1604 16.6403 1 ) ( -80.8699 43.2991 16.639 1 ) ( -80.9773 43.4535 16.641 1 ) ( -81.0622 43.6249 16.6453 1 ) ( -81.1203 43.8076 16.6481 1 ) ( -81.1516 43.9942 16.6458 1 ) ( -81.1516 44.1912 16.6435 1 ) ( -81.1279 44.3556 16.6456 1 ) ( -81.0813 44.5381 16.6507 1 ) ( -81.077 44.559 16.6514 1 ) 
( -80.263 42.9382 15.9982 1 ) ( -80.2808 42.95 15.9979 1 ) ( -80.4354 43.0584 15.998 1 ) ( -80.565 43.1625 15.9972 1 ) ( -80.7031 43.3006 15.9967 1 ) ( -80.8106 43.4546 15.9995 1 ) ( -80.8955 43.6258 16.0041 1 ) ( -80.9535 43.8083 16.0069 1 ) ( -80.9846 43.9946 16.0044 1 ) ( -80.9844 44.1913 16.002 1 ) ( -80.9608 44.3555 16.0042 1 ) ( -80.9144 44.5377 16.0096 1 ) ( -80.9102 44.5586 16.0103 1 ) 
( -80.1239 42.939 15.4596 1 ) ( -80.1417 42.9508 15.4592 1 ) ( -80.2956 43.0601 15.4582 1 ) ( -80.4249 43.1642 15.4572 1 ) ( -80.563 43.3019 15.4572 1 ) ( -80.6705 43.4555 15.4608 1 ) ( -80.7554 43.6265 15.4657 1 ) ( -80.8134 43.8088 15.4684 1 ) ( -80.8443 43.9949 15.4657 1 ) ( -80.8441 44.1914 15.4632 1 ) ( -80.8205 44.3554 15.4655 1 ) ( -80.7743 44.5374 15.4711 1 ) ( -80.77 44.5583 15.4719 1 ) 
( -79.9652 42.9399 14.845 1 ) ( -79.9829 42.9517 14.8445 1 ) ( -80.136 43.062 14.8422 1 ) ( -80.265 43.1662 14.8408 1 ) ( -80.4032 43.3034 14.8416 1 ) ( -80.5107 43.4565 14.846 1 ) ( -80.5956 43.6273 14.8511 1 ) ( -80.6535 43.8094 14.8538 1 ) ( -80.6843 43.9953 14.8509 1 ) ( -80.6839 44.1915 14.8484 1 ) ( -80.6604 44.3553 14.8507 1 ) ( -80.6143 44.5371 14.8566 1 ) ( -80.61 44.5579 14.8574 1 ) 
( -79.9474 42.94 14.7761 1 ) ( -79.9651 42.9518 14.7756 1 ) ( -80.1181 43.0622 14.7732 1 ) ( -80.2471 43.1664 14.7718 1 ) ( -80.3853 43.3036 14.7726 1 ) ( -80.4928 43.4566 14.7772 1 ) ( -80.5777 43.6274 14.7823 1 ) ( -80.6356 43.8095 14.7849 1 ) ( -80.6663 43.9953 14.7821 1 ) ( -80.666 44.1915 14.7795 1 ) ( -80.6424 44.3553 14.7819 1 ) ( -80.5964 44.5371 14.7878 1 ) ( -80.5921 44.5579 14.7886 1 ) 
