 Knots U 
0 0 0 0 0.0989734 0.197891 0.29664 0.396641 0.497563 0.598288 0.698854 0.799394 0.899808 1 1 1 1 
 Knots V 
0 0 0 0 0.0964169 0.20202 0.297474 0.396413 0.498695 0.598744 0.699022 0.799393 0.899613 1 1 1 1 
 Poles & Weights 
( -66.4465 52.9096 -9.57758 1 ) ( -66.4625 52.903 -9.58788 1 ) ( -66.6109 52.8381 -9.6889 1 ) ( -66.7758 52.7937 -9.72446 1 ) ( -66.9564 52.7347 -9.78345 1 ) ( -67.1109 52.666 -9.86972 1 ) ( -67.2586 52.591 -9.97008 1 ) ( -67.4111 52.5173 -10.0639 1 ) ( -67.5651 52.4457 -10.1507 1 ) ( -67.728 52.3713 -10.2377 1 ) ( -67.8657 52.3087 -10.3094 1 ) ( -68.0235 52.2369 -10.3906 1 ) ( -68.0414 52.2289 -10.3995 1 ) 
( -66.4568 52.9809 -9.61556 1 ) ( -66.4722 52.973 -9.62607 1 ) ( -66.6149 52.8965 -9.7287 1 ) ( -66.7745 52.842 -9.7665 1 ) ( -66.949 52.7709 -9.82789 1 ) ( -67.0983 52.691 -9.91589 1 ) ( -67.241 52.6051 -10.0177 1 ) ( -67.3887 52.5204 -10.113 1 ) ( -67.538 52.4382 -10.2012 1 ) ( -67.6961 52.3528 -10.2896 1 ) ( -67.8299 52.2811 -10.3625 1 ) ( -67.9832 52.1992 -10.4449 1 ) ( -68.0007 52.19 -10.454 1 ) 
( -66.341 53.0967 -9.85116 1 ) ( -66.3556 53.0876 -9.86217 1 ) ( -66.4908 53.0015 -9.96788 1 ) ( -66.6418 52.9379 -10.0134 1 ) ( -66.8083 52.8569 -10.0822 1 ) ( -66.9526 52.7694 -10.1739 1 ) ( -67.092 52.6772 -10.2777 1 ) ( -67.2374 52.5873 -10.3749 1 ) ( -67.3854 52.5008 -10.465 1 ) ( -67.5428 52.412 -10.555 1 ) ( -67.6762 52.3377 -10.6291 1 ) ( -67.8298 52.2542 -10.7121 1 ) ( -67.8473 52.2449 -10.7213 1 ) 
( -66.0775 53.0275 -10.03 1 ) ( -66.0931 53.0177 -10.0417 1 ) ( -66.2364 52.9272 -10.1527 1 ) ( -66.3932 52.8591 -10.2065 1 ) ( -66.5683 52.7734 -10.2841 1 ) ( -66.7225 52.683 -10.3816 1 ) ( -66.8735 52.5888 -10.4898 1 ) ( -67.0313 52.4976 -10.5915 1 ) ( -67.1922 52.4106 -10.686 1 ) ( -67.3636 52.322 -10.7803 1 ) ( -67.5088 52.2483 -10.8579 1 ) ( -67.6766 52.1663 -10.9443 1 ) ( -67.6957 52.1572 -10.9539 1 ) 
( -65.9839 53.2527 -10.298 1 ) ( -65.9981 53.2398 -10.3105 1 ) ( -66.129 53.1227 -10.4271 1 ) ( -66.2726 53.0306 -10.4915 1 ) ( -66.4345 52.9171 -10.5797 1 ) ( -66.5791 52.8023 -10.6835 1 ) ( -66.7224 52.6852 -10.796 1 ) ( -66.8738 52.5722 -10.902 1 ) ( -67.0292 52.4646 -11.0006 1 ) ( -67.1957 52.3557 -11.0989 1 ) ( -67.3371 52.2653 -11.1798 1 ) ( -67.5014 52.1658 -11.2689 1 ) ( -67.5201 52.1548 -11.2787 1 ) 
( -65.9549 53.4589 -10.5329 1 ) ( -65.9684 53.4459 -10.5455 1 ) ( -66.0922 53.329 -10.6617 1 ) ( -66.2275 53.2367 -10.7307 1 ) ( -66.3817 53.1237 -10.8227 1 ) ( -66.5217 53.0112 -10.9268 1 ) ( -66.662 52.8978 -11.0379 1 ) ( -66.8114 52.7895 -11.1423 1 ) ( -66.9658 52.6875 -11.2394 1 ) ( -67.1319 52.5854 -11.3358 1 ) ( -67.2731 52.5012 -11.4149 1 ) ( -67.438 52.41 -11.5012 1 ) ( -67.4568 52.3999 -11.5107 1 ) 
( -65.9074 53.6611 -10.7657 1 ) ( -65.9204 53.6482 -10.7784 1 ) ( -66.0392 53.5332 -10.8941 1 ) ( -66.1684 53.442 -10.9676 1 ) ( -66.3174 53.3311 -11.0632 1 ) ( -66.4549 53.2225 -11.1675 1 ) ( -66.5946 53.1142 -11.2769 1 ) ( -66.7443 53.0122 -11.3798 1 ) ( -66.8998 52.9172 -11.4752 1 ) ( -67.0678 52.8236 -11.5695 1 ) ( -67.2108 52.7467 -11.6468 1 ) ( -67.3785 52.6653 -11.7302 1 ) ( -67.3976 52.6564 -11.7393 1 ) 
( -65.8527 53.8692 -11.0119 1 ) ( -65.8649 53.8557 -11.0249 1 ) ( -65.9764 53.7361 -11.1417 1 ) ( -66.0971 53.6402 -11.2212 1 ) ( -66.2382 53.5247 -11.3223 1 ) ( -66.3709 53.4135 -11.4283 1 ) ( -66.5076 53.3041 -11.5377 1 ) ( -66.6554 53.202 -11.6404 1 ) ( -66.8098 53.1079 -11.7357 1 ) ( -66.9776 53.0162 -11.8295 1 ) ( -67.1205 52.9414 -11.9062 1 ) ( -67.2888 52.8637 -11.9881 1 ) ( -67.3081 52.8552 -11.997 1 ) 
( -65.8025 54.0734 -11.2492 1 ) ( -65.8141 54.0596 -11.2624 1 ) ( -65.9192 53.9377 -11.3796 1 ) ( -66.0323 53.8394 -11.4645 1 ) ( -66.1666 53.7217 -11.5702 1 ) ( -66.2953 53.6103 -11.6774 1 ) ( -66.4298 53.5021 -11.7861 1 ) ( -66.5765 53.4021 -11.8881 1 ) ( -66.7307 53.3112 -11.9826 1 ) ( -66.8988 53.2237 -12.0753 1 ) ( -67.0423 53.1529 -12.1509 1 ) ( -67.212 53.081 -12.2308 1 ) ( -67.2314 53.0732 -12.2395 1 ) 
( -65.7553 54.2879 -11.4975 1 ) ( -65.7662 54.2737 -11.5109 1 ) ( -65.8642 54.15 -11.6283 1 ) ( -65.9692 54.0493 -11.7184 1 ) ( -66.0961 53.9298 -11.8287 1 ) ( -66.2204 53.8187 -11.9367 1 ) ( -66.3524 53.7121 -12.0443 1 ) ( -66.4977 53.6149 -12.1452 1 ) ( -66.6513 53.5276 -12.2386 1 ) ( -66.8197 53.445 -12.3297 1 ) ( -66.9635 53.3787 -12.404 1 ) ( -67.1344 53.3132 -12.4814 1 ) ( -67.154 53.3062 -12.4898 1 ) 
( -65.722 54.473 -11.7063 1 ) ( -65.7322 54.4584 -11.7199 1 ) ( -65.8233 54.3317 -11.8377 1 ) ( -65.9205 54.228 -11.9327 1 ) ( -66.04 54.1056 -12.0471 1 ) ( -66.1596 53.9932 -12.1562 1 ) ( -66.2884 53.8866 -12.2633 1 ) ( -66.4314 53.7904 -12.3637 1 ) ( -66.5835 53.7049 -12.4564 1 ) ( -66.751 53.6251 -12.5466 1 ) ( -66.8942 53.5614 -12.62 1 ) ( -67.0651 53.5001 -12.6957 1 ) ( -67.0847 53.4936 -12.7039 1 ) 
( -65.6713 54.6753 -11.9425 1 ) ( -65.6808 54.6604 -11.9563 1 ) ( -65.7658 54.5323 -12.0746 1 ) ( -65.8558 54.4268 -12.1749 1 ) ( -65.9688 54.303 -12.294 1 ) ( -66.0847 54.1913 -12.4042 1 ) ( -66.2117 54.0866 -12.5107 1 ) ( -66.3539 53.9934 -12.6104 1 ) ( -66.506 53.9117 -12.7024 1 ) ( -66.6742 53.8369 -12.7916 1 ) ( -66.8182 53.7778 -12.864 1 ) ( -66.9908 53.7231 -12.9376 1 ) ( -67.0106 53.7173 -12.9456 1 ) 
( -65.663 54.6978 -11.9718 1 ) ( -65.6724 54.6827 -11.9855 1 ) ( -65.7565 54.5534 -12.1041 1 ) ( -65.8453 54.4468 -12.2052 1 ) ( -65.9573 54.3218 -12.3251 1 ) ( -66.0726 54.2091 -12.4356 1 ) ( -66.1991 54.1037 -12.5421 1 ) ( -66.341 54.0098 -12.642 1 ) ( -66.4929 53.9276 -12.7341 1 ) ( -66.6609 53.8523 -12.8233 1 ) ( -66.8048 53.7929 -12.8957 1 ) ( -66.9774 53.7379 -12.9693 1 ) ( -66.9972 53.7321 -12.9773 1 ) 
