 Knots U 
0 0 0 0 0.100681 0.199527 0.299748 0.399435 0.497833 0.597074 0.697038 0.797471 0.898405 1 1 1 1 
 Knots V 
0 0 0 0 0.1 0.2 0.3 0.4 0.5 0.6 0.7 0.8 0.9 1 1 1 1 
 Poles & Weights 
( -77.899 46.9947 1.16724 1 ) ( -77.9236 46.9953 1.17316 1 ) ( -78.1545 46.9994 1.21174 1 ) ( -78.3542 47.0018 1.27776 1 ) ( -78.5696 47.0031 1.38823 1 ) ( -78.7601 47.0051 1.52649 1 ) ( -78.9366 47.0096 1.69059 1 ) ( -79.0846 47.0119 1.87487 1 ) ( -79.2039 47.0066 2.07864 1 ) ( -79.2851 46.9969 2.31085 1 ) ( -79.3138 46.9933 2.51404 1 ) ( -79.3038 46.9964 2.74955 1 ) ( -79.3045 46.9962 2.77596 1 ) 
( -77.8642 47.0616 1.15331 1 ) ( -77.8888 47.0623 1.1593 1 ) ( -78.1194 47.0675 1.19727 1 ) ( -78.3187 47.0709 1.26343 1 ) ( -78.5336 47.0733 1.37411 1 ) ( -78.7236 47.0769 1.51211 1 ) ( -78.8994 47.0828 1.67599 1 ) ( -79.0465 47.0863 1.86038 1 ) ( -79.1651 47.0822 2.06406 1 ) ( -79.2458 47.0732 2.29621 1 ) ( -79.2742 47.0698 2.49943 1 ) ( -79.2639 47.073 2.7347 1 ) ( -79.2645 47.0728 2.76116 1 ) 
( -77.5554 47.6547 1.02974 1 ) ( -77.5795 47.6561 1.03629 1 ) ( -77.8079 47.6721 1.06889 1 ) ( -78.0037 47.6836 1.13634 1 ) ( -78.214 47.6966 1.2489 1 ) ( -78.3996 47.7133 1.38447 1 ) ( -78.5695 47.7322 1.54649 1 ) ( -78.7085 47.7462 1.73183 1 ) ( -78.8211 47.7527 1.93475 1 ) ( -78.8973 47.7502 2.16637 1 ) ( -78.923 47.7485 2.36982 1 ) ( -78.9099 47.7529 2.6029 1 ) ( -78.9096 47.7521 2.62982 1 ) 
( -77.2845 48.1751 0.921314 1 ) ( -77.3081 48.177 0.928372 1 ) ( -77.5347 48.2025 0.956256 1 ) ( -77.7273 48.2212 1.02484 1 ) ( -77.9336 48.2435 1.13903 1 ) ( -78.1154 48.2717 1.27249 1 ) ( -78.28 48.302 1.43286 1 ) ( -78.4119 48.3253 1.61905 1 ) ( -78.5193 48.341 1.8213 1 ) ( -78.5915 48.3442 2.05245 1 ) ( -78.615 48.3439 2.2561 1 ) ( -78.5993 48.3493 2.48726 1 ) ( -78.5983 48.3481 2.51459 1 ) 
( -76.9621 48.7944 0.792283 1 ) ( -76.9851 48.797 0.799937 1 ) ( -77.2095 48.8338 0.822211 1 ) ( -77.3984 48.861 0.892138 1 ) ( -77.5999 48.8943 1.00829 1 ) ( -77.7772 48.9362 1.13922 1 ) ( -77.9355 48.9801 1.29764 1 ) ( -78.059 49.0144 1.48482 1 ) ( -78.1602 49.0411 1.68628 1 ) ( -78.2276 49.0511 1.91688 1 ) ( -78.2483 49.0525 2.12077 1 ) ( -78.2297 49.0592 2.34963 1 ) ( -78.2278 49.0574 2.37745 1 ) 
( -76.6534 49.3874 0.668747 1 ) ( -76.6759 49.3906 0.676972 1 ) ( -76.8981 49.4382 0.693875 1 ) ( -77.0834 49.4735 0.765089 1 ) ( -77.2804 49.5174 0.883109 1 ) ( -77.4533 49.5724 1.01163 1 ) ( -77.6057 49.6293 1.16818 1 ) ( -77.7211 49.6742 1.35632 1 ) ( -77.8163 49.7114 1.55702 1 ) ( -77.8792 49.7279 1.78708 1 ) ( -77.8973 49.7309 1.9912 1 ) ( -77.8759 49.7388 2.21787 1 ) ( -77.873 49.7365 2.24615 1 ) 
( -76.3412 49.9869 0.543838 1 ) ( -76.3633 49.9908 0.552639 1 ) ( -76.5833 50.0493 0.564112 1 ) ( -76.765 50.0929 0.636627 1 ) ( -76.9573 50.1474 0.756538 1 ) ( -77.1259 50.2157 0.882615 1 ) ( -77.2722 50.2858 1.03728 1 ) ( -77.3794 50.3413 1.22638 1 ) ( -77.4686 50.3891 1.42631 1 ) ( -77.527 50.4122 1.65584 1 ) ( -77.5423 50.4169 1.86019 1 ) ( -77.5181 50.426 2.08465 1 ) ( -77.5143 50.4231 2.1134 1 ) 
( -76.0291 50.5865 0.418929 1 ) ( -76.0506 50.591 0.428307 1 ) ( -76.2685 50.6604 0.434349 1 ) ( -76.4466 50.7122 0.508166 1 ) ( -76.6342 50.7774 0.629968 1 ) ( -76.7984 50.859 0.753602 1 ) ( -76.9387 50.9422 0.906376 1 ) ( -77.0378 51.0084 1.09644 1 ) ( -77.1209 51.0668 1.29561 1 ) ( -77.1747 51.0966 1.5246 1 ) ( -77.1874 51.1028 1.72918 1 ) ( -77.1603 51.1132 1.95143 1 ) ( -77.1556 51.1098 1.98064 1 ) 
( -75.7204 51.1794 0.295393 1 ) ( -75.7414 51.1846 0.305342 1 ) ( -75.9572 51.2648 0.306013 1 ) ( -76.1316 51.3247 0.381117 1 ) ( -76.3147 51.4005 0.50479 1 ) ( -76.4746 51.4952 0.626009 1 ) ( -76.6088 51.5914 0.776913 1 ) ( -76.6998 51.6681 0.967936 1 ) ( -76.7771 51.7371 1.16634 1 ) ( -76.8263 51.7734 1.3948 1 ) ( -76.8364 51.7813 1.59961 1 ) ( -76.8065 51.7928 1.81967 1 ) ( -76.8009 51.7889 1.84934 1 ) 
( -75.398 51.7988 0.166362 1 ) ( -75.4184 51.8046 0.176906 1 ) ( -75.632 51.8961 0.171968 1 ) ( -75.8027 51.9645 0.248416 1 ) ( -75.981 52.0514 0.374044 1 ) ( -76.1364 52.1597 0.49274 1 ) ( -76.2643 52.2695 0.641692 1 ) ( -76.3469 52.3572 0.833712 1 ) ( -76.4179 52.4372 1.03132 1 ) ( -76.4624 52.4803 1.25922 1 ) ( -76.4697 52.4899 1.46428 1 ) ( -76.4369 52.5027 1.68204 1 ) ( -76.4303 52.4982 1.71221 1 ) 
( -75.1271 52.3192 0.0579391 1 ) ( -75.1471 52.3256 0.0689841 1 ) ( -75.3587 52.4265 0.0593315 1 ) ( -75.5263 52.5021 0.13691 1 ) ( -75.7006 52.5982 0.264179 1 ) ( -75.8521 52.7181 0.380755 1 ) ( -75.9748 52.8393 0.528067 1 ) ( -76.0503 52.9363 0.720925 1 ) ( -76.1161 53.0255 0.917871 1 ) ( -76.1566 53.0743 1.1453 1 ) ( -76.1616 53.0853 1.35056 1 ) ( -76.1263 53.0992 1.5664 1 ) ( -76.119 53.0942 1.59697 1 ) 
( -74.8183 52.9123 -0.0656335 1 ) ( -74.8377 52.9194 -0.054018 1 ) ( -75.0473 53.0311 -0.069043 1 ) ( -75.2113 53.1149 0.00982279 1 ) ( -75.381 53.2215 0.138963 1 ) ( -75.5282 53.3545 0.253124 1 ) ( -75.6449 53.4887 0.398565 1 ) ( -75.7123 53.5962 0.592379 1 ) ( -75.7722 53.696 0.788566 1 ) ( -75.8081 53.7513 1.01546 1 ) ( -75.8105 53.7639 1.22095 1 ) ( -75.7724 53.779 1.4346 1 ) ( -75.7641 53.7735 1.46564 1 ) 
( -74.7835 52.9792 -0.0795639 1 ) ( -74.8029 52.9863 -0.067884 1 ) ( -75.0121 53.0993 -0.0835147 1 ) ( -75.1758 53.1839 -0.00450372 1 ) ( -75.345 53.2918 0.124848 1 ) ( -75.4917 53.4263 0.238736 1 ) ( -75.6077 53.5619 0.383967 1 ) ( -75.6742 53.6706 0.577888 1 ) ( -75.7334 53.7716 0.773989 1 ) ( -75.7688 53.8276 1.00083 1 ) ( -75.7709 53.8404 1.20634 1 ) ( -75.7325 53.8556 1.41975 1 ) ( -75.7241 53.8501 1.45083 1 ) 
