 Knots U 
0 0 0 0 0.0986253 0.198186 0.297203 0.396763 0.496397 0.596274 0.696582 0.797195 0.898396 1 1 1 1 
 Knots V 
0 0 0 0 0.0493251 0.0982883 0.148529 0.198403 0.248362 0.298444 0.348624 0.398794 0.449059 0.499195 0.549366 0.599531 0.649679 0.699773 0.749843 0.800011 0.85029 0.90026 0.95008 1 1 1 1 
 Poles & Weights 
( -67.6817 49.5589 -9.46922 1 ) ( -67.6985 49.5333 -9.47168 1 ) ( -67.8383 49.3184 -9.49216 1 ) ( -67.9612 49.1324 -9.51024 1 ) ( -68.112 48.9089 -9.53257 1 ) ( -68.2582 48.7003 -9.55447 1 ) ( -68.411 48.4918 -9.57768 1 ) ( -68.5694 48.2884 -9.60213 1 ) ( -68.732 48.0929 -9.62764 1 ) ( -68.911 47.8959 -9.65626 1 ) ( -69.0668 47.7352 -9.68173 1 ) ( -69.2515 47.5605 -9.71029 1 ) ( -69.2728 47.5406 -9.7135 1 ) 
( -67.6732 49.5743 -9.46837 1 ) ( -67.6902 49.5489 -9.47039 1 ) ( -67.8319 49.3358 -9.48714 1 ) ( -67.9566 49.1514 -9.50164 1 ) ( -68.1093 48.9296 -9.51993 1 ) ( -68.2572 48.7227 -9.53815 1 ) ( -68.4119 48.5159 -9.55754 1 ) ( -68.572 48.3141 -9.57813 1 ) ( -68.7363 48.1201 -9.59987 1 ) ( -68.9171 47.9248 -9.62443 1 ) ( -69.0745 47.7655 -9.64636 1 ) ( -69.2609 47.5924 -9.6708 1 ) ( -69.2824 47.5727 -9.67353 1 ) 
( -67.5882 49.7331 -9.46028 1 ) ( -67.606 49.7086 -9.46356 1 ) ( -67.7558 49.503 -9.49077 1 ) ( -67.8894 49.3259 -9.51086 1 ) ( -68.0508 49.1119 -9.53904 1 ) ( -68.2059 48.9114 -9.5681 1 ) ( -68.3682 48.7112 -9.59762 1 ) ( -68.5358 48.5159 -9.62803 1 ) ( -68.7069 48.3277 -9.65967 1 ) ( -68.8949 48.1385 -9.69357 1 ) ( -69.0589 47.9846 -9.7221 1 ) ( -69.2529 47.8181 -9.75279 1 ) ( -69.2753 47.7992 -9.75614 1 ) 
( -67.5184 49.8758 -9.45508 1 ) ( -67.5365 49.8519 -9.45939 1 ) ( -67.6897 49.6517 -9.49504 1 ) ( -67.8279 49.48 -9.51939 1 ) ( -67.993 49.2714 -9.55546 1 ) ( -68.1508 49.0754 -9.5933 1 ) ( -68.3158 48.8798 -9.63097 1 ) ( -68.4862 48.6888 -9.66924 1 ) ( -68.6595 48.5045 -9.70885 1 ) ( -68.8501 48.3194 -9.75017 1 ) ( -69.0165 48.1691 -9.78381 1 ) ( -69.2135 48.0072 -9.81924 1 ) ( -69.2362 47.9888 -9.82305 1 ) 
( -67.4423 50.0407 -9.4507 1 ) ( -67.4611 50.018 -9.45461 1 ) ( -67.6207 49.827 -9.48676 1 ) ( -67.7665 49.6641 -9.50454 1 ) ( -67.9386 49.4649 -9.53576 1 ) ( -68.1019 49.277 -9.57052 1 ) ( -68.2729 49.0897 -9.60417 1 ) ( -68.4489 48.9068 -9.63811 1 ) ( -68.6275 48.7299 -9.67365 1 ) ( -68.8236 48.5526 -9.70968 1 ) ( -68.9951 48.4092 -9.73761 1 ) ( -69.1981 48.2555 -9.76534 1 ) ( -69.2215 48.2381 -9.76817 1 ) 
( -67.3719 50.2054 -9.44847 1 ) ( -67.3912 50.1836 -9.45284 1 ) ( -67.5555 50 -9.48868 1 ) ( -67.7071 49.8445 -9.50617 1 ) ( -67.8842 49.6529 -9.54014 1 ) ( -68.0513 49.4714 -9.579 1 ) ( -68.2263 49.2907 -9.61591 1 ) ( -68.4063 49.1141 -9.65281 1 ) ( -68.5883 48.9431 -9.69149 1 ) ( -68.788 48.7718 -9.72979 1 ) ( -68.963 48.6338 -9.75836 1 ) ( -69.1701 48.4866 -9.78561 1 ) ( -69.1941 48.47 -9.7883 1 ) 
( -67.3049 50.3721 -9.44807 1 ) ( -67.3247 50.3513 -9.45239 1 ) ( -67.4936 50.1754 -9.48762 1 ) ( -67.6513 50.0273 -9.5011 1 ) ( -67.8335 49.8437 -9.53329 1 ) ( -68.0045 49.6688 -9.57195 1 ) ( -68.1837 49.495 -9.60778 1 ) ( -68.3677 49.325 -9.64329 1 ) ( -68.5531 49.16 -9.68081 1 ) ( -68.7566 48.995 -9.71686 1 ) ( -68.9352 48.8625 -9.74231 1 ) ( -69.1465 48.7221 -9.76479 1 ) ( -69.171 48.7063 -9.76683 1 ) 
( -67.2411 50.5399 -9.44954 1 ) ( -67.2613 50.5199 -9.45398 1 ) ( -67.4345 50.3516 -9.49005 1 ) ( -67.5977 50.2109 -9.50077 1 ) ( -67.7846 50.035 -9.53271 1 ) ( -67.9589 49.8665 -9.57262 1 ) ( -68.1418 49.6994 -9.60884 1 ) ( -68.3294 49.5357 -9.64442 1 ) ( -68.5178 49.3766 -9.68222 1 ) ( -68.7245 49.2178 -9.71756 1 ) ( -68.9063 49.0907 -9.74114 1 ) ( -69.1213 48.9568 -9.76031 1 ) ( -69.1463 48.9419 -9.76188 1 ) 
( -67.1798 50.7085 -9.45282 1 ) ( -67.2004 50.6895 -9.45735 1 ) ( -67.3778 50.5287 -9.49408 1 ) ( -67.5465 50.3953 -9.50189 1 ) ( -67.738 50.2271 -9.53338 1 ) ( -67.9157 50.0652 -9.57435 1 ) ( -68.1022 49.9047 -9.61077 1 ) ( -68.2931 49.7475 -9.64623 1 ) ( -68.4845 49.5942 -9.68414 1 ) ( -68.6944 49.4415 -9.71856 1 ) ( -68.8794 49.3199 -9.74012 1 ) ( -69.0981 49.1926 -9.75579 1 ) ( -69.1235 49.1784 -9.75686 1 ) 
( -67.1201 50.8785 -9.4579 1 ) ( -67.1411 50.8604 -9.46275 1 ) ( -67.322 50.7068 -9.50186 1 ) ( -67.4958 50.5806 -9.50825 1 ) ( -67.6911 50.4198 -9.54112 1 ) ( -67.8715 50.2641 -9.58487 1 ) ( -68.061 50.11 -9.62324 1 ) ( -68.2549 49.959 -9.66034 1 ) ( -68.4486 49.8112 -9.70008 1 ) ( -68.661 49.6644 -9.7354 1 ) ( -68.8485 49.5479 -9.75646 1 ) ( -69.0703 49.427 -9.77034 1 ) ( -69.0961 49.4136 -9.77111 1 ) 
( -67.0621 51.0481 -9.46471 1 ) ( -67.0832 51.0308 -9.47013 1 ) ( -67.2668 50.8842 -9.5139 1 ) ( -67.4447 50.7647 -9.52087 1 ) ( -67.643 50.611 -9.55751 1 ) ( -67.8252 50.4611 -9.60632 1 ) ( -68.0167 50.313 -9.64894 1 ) ( -68.2124 50.1678 -9.68999 1 ) ( -68.4075 50.0253 -9.73384 1 ) ( -68.6215 49.8839 -9.77244 1 ) ( -68.8108 49.7723 -9.79499 1 ) ( -69.0346 49.6572 -9.80937 1 ) ( -69.0608 49.6446 -9.81012 1 ) 
( -67.0044 51.2188 -9.47328 1 ) ( -67.0258 51.2024 -9.47921 1 ) ( -67.2126 51.0628 -9.52707 1 ) ( -67.3952 50.9502 -9.53411 1 ) ( -67.5971 50.8036 -9.57393 1 ) ( -67.7817 50.6597 -9.62724 1 ) ( -67.9759 50.5177 -9.67355 1 ) ( -68.1741 50.3783 -9.71797 1 ) ( -68.3712 50.241 -9.76536 1 ) ( -68.5873 50.1052 -9.80664 1 ) ( -68.7789 49.9985 -9.8302 1 ) ( -69.0055 49.8896 -9.8445 1 ) ( -69.032 49.8777 -9.84514 1 ) 
( -66.947 51.3889 -9.48352 1 ) ( -66.9684 51.3731 -9.49067 1 ) ( -67.1561 51.2386 -9.54858 1 ) ( -67.3414 51.1312 -9.56089 1 ) ( -67.5444 50.9898 -9.61016 1 ) ( -67.7291 50.8499 -9.67389 1 ) ( -67.9236 50.7121 -9.72993 1 ) ( -68.1219 50.5766 -9.78376 1 ) ( -68.3187 50.4428 -9.84065 1 ) ( -68.5346 50.3106 -9.89086 1 ) ( -68.7265 50.2072 -9.92066 1 ) ( -68.9535 50.1024 -9.94082 1 ) ( -68.9801 50.091 -9.94204 1 ) 
( -66.8891 51.5587 -9.49539 1 ) ( -66.9106 51.5437 -9.5034 1 ) ( -67.0993 51.415 -9.56834 1 ) ( -67.2875 51.3136 -9.58328 1 ) ( -67.4917 51.1781 -9.63883 1 ) ( -67.6766 51.043 -9.70999 1 ) ( -67.8716 50.9102 -9.77269 1 ) ( -68.0703 50.7794 -9.83287 1 ) ( -68.2669 50.6498 -9.89626 1 ) ( -68.4827 50.5219 -9.95223 1 ) ( -68.6749 50.4225 -9.98561 1 ) ( -68.9026 50.3226 -10.0086 1 ) ( -68.9292 50.3119 -10.0101 1 ) 
( -66.833 51.7288 -9.50725 1 ) ( -66.8545 51.7144 -9.5163 1 ) ( -67.0437 51.5911 -9.58974 1 ) ( -67.2341 51.4951 -9.6086 1 ) ( -67.439 51.365 -9.67197 1 ) ( -67.6235 51.2342 -9.75201 1 ) ( -67.8182 51.1058 -9.82287 1 ) ( -68.0165 50.9792 -9.89089 1 ) ( -68.2123 50.8532 -9.96223 1 ) ( -68.4274 50.7292 -10.0255 1 ) ( -68.6195 50.6332 -10.0638 1 ) ( -68.847 50.5377 -10.0911 1 ) ( -68.8737 50.5275 -10.093 1 ) 
( -66.781 51.9001 -9.51753 1 ) ( -66.8024 51.8864 -9.52762 1 ) ( -66.9912 51.7681 -9.60962 1 ) ( -67.1832 51.6774 -9.63242 1 ) ( -67.3879 51.5525 -9.70367 1 ) ( -67.5712 51.4257 -9.79266 1 ) ( -67.7649 51.3016 -9.87173 1 ) ( -67.9621 51.179 -9.94764 1 ) ( -68.1563 51.0564 -10.027 1 ) ( -68.3699 50.936 -10.0976 1 ) ( -68.561 50.8433 -10.1408 1 ) ( -68.7878 50.7519 -10.1725 1 ) ( -68.8144 50.7423 -10.1748 1 ) 
( -66.7351 52.0734 -9.52471 1 ) ( -66.7562 52.0602 -9.53585 1 ) ( -66.944 51.947 -9.62644 1 ) ( -67.137 51.8614 -9.65324 1 ) ( -67.3407 51.7415 -9.7324 1 ) ( -67.5221 51.6187 -9.83038 1 ) ( -67.7142 51.4986 -9.91769 1 ) ( -67.9095 51.3798 -10.0015 1 ) ( -68.1015 51.2606 -10.0889 1 ) ( -68.3127 51.1436 -10.167 1 ) ( -68.5024 51.0541 -10.2151 1 ) ( -68.7276 50.9668 -10.2512 1 ) ( -68.7541 50.9577 -10.2539 1 ) 
( -66.6979 52.2504 -9.52686 1 ) ( -66.7187 52.2379 -9.53906 1 ) ( -66.9047 52.1295 -9.63835 1 ) ( -67.098 52.049 -9.66923 1 ) ( -67.3001 51.9339 -9.75643 1 ) ( -67.4789 51.8149 -9.8635 1 ) ( -67.6686 51.6988 -9.95917 1 ) ( -67.8614 51.5837 -10.0511 1 ) ( -68.0504 51.4676 -10.1466 1 ) ( -68.2586 51.354 -10.2321 1 ) ( -68.4462 51.2675 -10.2853 1 ) ( -68.6691 51.1841 -10.326 1 ) ( -68.6954 51.1755 -10.3291 1 ) 
( -66.6696 52.4276 -9.52379 1 ) ( -66.69 52.4156 -9.53717 1 ) ( -66.8739 52.3117 -9.64626 1 ) ( -67.0672 52.2358 -9.68221 1 ) ( -67.2672 52.1252 -9.77861 1 ) ( -67.443 52.0097 -9.89584 1 ) ( -67.6299 51.8971 -10.001 1 ) ( -67.8197 51.7853 -10.102 1 ) ( -68.0052 51.6721 -10.2068 1 ) ( -68.21 51.5614 -10.301 1 ) ( -68.3951 51.4776 -10.3603 1 ) ( -68.6155 51.3978 -10.4066 1 ) ( -68.6415 51.3896 -10.4102 1 ) 
( -66.623 52.6066 -9.52794 1 ) ( -66.6434 52.5954 -9.54217 1 ) ( -66.8275 52.4977 -9.6582 1 ) ( -67.023 52.4281 -9.69658 1 ) ( -67.2234 52.3238 -9.79912 1 ) ( -67.3986 52.2134 -9.9237 1 ) ( -67.5851 52.1061 -10.0354 1 ) ( -67.7744 51.9994 -10.1427 1 ) ( -67.9589 51.8905 -10.2538 1 ) ( -68.1627 51.7845 -10.3537 1 ) ( -68.3475 51.705 -10.4163 1 ) ( -68.5676 51.6304 -10.4652 1 ) ( -68.5937 51.6229 -10.4691 1 ) 
( -66.5571 52.7459 -9.54411 1 ) ( -66.5779 52.7356 -9.55837 1 ) ( -66.7663 52.6454 -9.67448 1 ) ( -66.9672 52.583 -9.70989 1 ) ( -67.1722 52.4865 -9.81151 1 ) ( -67.3509 52.3826 -9.93653 1 ) ( -67.5412 52.2821 -10.0479 1 ) ( -67.7341 52.1819 -10.1546 1 ) ( -67.9218 52.0791 -10.2653 1 ) ( -68.129 51.9795 -10.3639 1 ) ( -68.3171 51.9055 -10.4243 1 ) ( -68.541 51.8375 -10.4697 1 ) ( -68.5675 51.8309 -10.473 1 ) 
( -66.457 52.8925 -9.57454 1 ) ( -66.4784 52.8832 -9.58915 1 ) ( -66.6733 52.8018 -9.70798 1 ) ( -66.8816 52.7478 -9.74232 1 ) ( -67.0936 52.6602 -9.84569 1 ) ( -67.278 52.5641 -9.97383 1 ) ( -67.4741 52.4714 -10.0875 1 ) ( -67.6728 52.3789 -10.1962 1 ) ( -67.8658 52.2832 -10.3091 1 ) ( -68.0785 52.1909 -10.4089 1 ) ( -68.2717 52.1234 -10.4692 1 ) ( -68.5016 52.0633 -10.5131 1 ) ( -68.5288 52.0575 -10.5163 1 ) 
( -66.4465 52.9096 -9.57758 1 ) ( -66.468 52.9005 -9.59227 1 ) ( -66.6634 52.8199 -9.7118 1 ) ( -66.8723 52.7667 -9.74635 1 ) ( -67.0847 52.6801 -9.85033 1 ) ( -67.2695 52.5847 -9.97921 1 ) ( -67.466 52.4928 -10.0935 1 ) ( -67.6651 52.401 -10.2028 1 ) ( -67.8583 52.306 -10.3164 1 ) ( -68.0715 52.2144 -10.4167 1 ) ( -68.265 52.1476 -10.4773 1 ) ( -68.4952 52.0882 -10.5215 1 ) ( -68.5225 52.0825 -10.5247 1 ) 
