 Knots U 
0 0 0 0 0.0481021 0.096737 0.145874 0.195461 0.24543 0.295725 0.346297 0.397053 0.447906 0.498834 0.549808 0.600736 0.651566 0.702322 0.752863 0.803015 0.852781 0.902244 0.951357 1 1 1 1 
 Knots V 
0 0 0 0 0.051455 0.10295 0.154533 0.206228 0.257991 0.309749 0.361417 0.412933 0.464268 0.51538 0.566215 0.616702 0.666761 0.716327 0.765339 0.813743 0.861476 0.908474 0.95467 1 1 1 1 
 Poles & Weights 
( -70.8934 55.8385 -11.938 1 ) ( -70.8653 55.8437 -11.9291 1 ) ( -70.6151 55.8901 -11.8492 1 ) ( -70.398 55.9304 -11.7799 1 ) ( -70.1384 55.9785 -11.697 1 ) ( -69.8904 56.0245 -11.6179 1 ) ( -69.6393 56.0711 -11.5377 1 ) ( -69.3889 56.1175 -11.4578 1 ) ( -69.1385 56.1639 -11.3778 1 ) ( -68.8881 56.2104 -11.2979 1 ) ( -68.6375 56.2568 -11.2179 1 ) ( -68.387 56.3033 -11.1379 1 ) ( -68.1366 56.3497 -11.058 1 ) ( -67.8861 56.3962 -10.978 1 ) ( -67.6354 56.4427 -10.898 1 ) ( -67.3851 56.4891 -10.8181 1 ) ( -67.1351 56.5355 -10.7383 1 ) ( -66.8838 56.5821 -10.6581 1 ) ( -66.6354 56.6282 -10.5788 1 ) ( -66.3758 56.6763 -10.4959 1 ) ( -66.1589 56.7165 -10.4267 1 ) ( -65.9088 56.7629 -10.3468 1 ) ( -65.8808 56.7681 -10.3379 1 ) 
( -70.8914 55.8275 -11.9466 1 ) ( -70.8634 55.8326 -11.9377 1 ) ( -70.6128 55.8782 -11.8584 1 ) ( -70.3954 55.9179 -11.7895 1 ) ( -70.1355 55.9653 -11.7072 1 ) ( -69.8871 56.0108 -11.6284 1 ) ( -69.6354 56.0569 -11.5485 1 ) ( -69.3846 56.1029 -11.4688 1 ) ( -69.1337 56.1491 -11.389 1 ) ( -68.8828 56.1953 -11.3091 1 ) ( -68.6318 56.2417 -11.2292 1 ) ( -68.3808 56.2881 -11.1491 1 ) ( -68.13 56.3346 -11.0691 1 ) ( -67.8791 56.3812 -10.9889 1 ) ( -67.6281 56.428 -10.9086 1 ) ( -67.3775 56.4747 -10.8284 1 ) ( -67.1273 56.5214 -10.7483 1 ) ( -66.8759 56.5685 -10.6677 1 ) ( -66.6275 56.6152 -10.5879 1 ) ( -66.368 56.6639 -10.5046 1 ) ( -66.1512 56.7047 -10.4349 1 ) ( -65.9013 56.7518 -10.3545 1 ) ( -65.8734 56.7571 -10.3455 1 ) 
( -70.8751 55.7296 -12.0228 1 ) ( -70.8468 55.7339 -12.0145 1 ) ( -70.5937 55.7722 -11.9407 1 ) ( -70.3735 55.8063 -11.8758 1 ) ( -70.1099 55.8477 -11.7977 1 ) ( -69.8576 55.8882 -11.7223 1 ) ( -69.6018 55.9301 -11.6451 1 ) ( -69.3467 55.9729 -11.5673 1 ) ( -69.0914 56.0166 -11.4887 1 ) ( -68.8362 56.061 -11.4096 1 ) ( -68.5809 56.1062 -11.3299 1 ) ( -68.3259 56.1523 -11.2494 1 ) ( -68.0713 56.1994 -11.1683 1 ) ( -67.8171 56.2474 -11.0864 1 ) ( -67.5633 56.2963 -11.0039 1 ) ( -67.3102 56.3458 -10.921 1 ) ( -67.0581 56.3959 -10.8379 1 ) ( -66.8056 56.4472 -10.7537 1 ) ( -66.5571 56.4988 -10.6699 1 ) ( -66.2985 56.5534 -10.5819 1 ) ( -66.0826 56.5992 -10.5084 1 ) ( -65.8349 56.6527 -10.4232 1 ) ( -65.8073 56.6587 -10.4137 1 ) 
( -70.859 55.644 -12.0891 1 ) ( -70.8304 55.6475 -12.0815 1 ) ( -70.5753 55.6795 -12.0124 1 ) ( -70.3528 55.7087 -11.9511 1 ) ( -70.0862 55.7448 -11.8768 1 ) ( -69.8307 55.7809 -11.8043 1 ) ( -69.5714 55.8191 -11.7295 1 ) ( -69.3127 55.859 -11.6535 1 ) ( -69.0538 55.9005 -11.5761 1 ) ( -68.7949 55.9433 -11.4977 1 ) ( -68.5361 55.9874 -11.4182 1 ) ( -68.2777 56.0332 -11.3374 1 ) ( -68.02 56.0807 -11.2554 1 ) ( -67.7631 56.1299 -11.1721 1 ) ( -67.5069 56.1807 -11.0876 1 ) ( -67.2518 56.2326 -11.0025 1 ) ( -66.9982 56.2856 -10.9167 1 ) ( -66.7449 56.3405 -10.8295 1 ) ( -66.4965 56.3965 -10.7422 1 ) ( -66.2387 56.4562 -10.6503 1 ) ( -66.0237 56.5063 -10.5734 1 ) ( -65.7782 56.5654 -10.4841 1 ) ( -65.7508 56.572 -10.4741 1 ) 
( -70.8369 55.5424 -12.1674 1 ) ( -70.8082 55.5451 -12.1604 1 ) ( -70.5509 55.5693 -12.0972 1 ) ( -70.3259 55.5927 -12.0402 1 ) ( -70.056 55.6223 -11.9705 1 ) ( -69.7969 55.6532 -11.9017 1 ) ( -69.5338 55.6869 -11.8299 1 ) ( -69.2711 55.7232 -11.756 1 ) ( -69.0081 55.762 -11.6801 1 ) ( -68.7452 55.8028 -11.6026 1 ) ( -68.4824 55.8456 -11.5235 1 ) ( -68.2202 55.8909 -11.4424 1 ) ( -67.9591 55.9389 -11.3595 1 ) ( -67.6992 55.9895 -11.2746 1 ) ( -67.4405 56.0425 -11.1879 1 ) ( -67.1834 56.0971 -11.1002 1 ) ( -66.9281 56.1535 -11.0115 1 ) ( -66.6742 56.2127 -10.9206 1 ) ( -66.4263 56.2738 -10.8293 1 ) ( -66.1698 56.3394 -10.7328 1 ) ( -65.9561 56.3947 -10.652 1 ) ( -65.7134 56.4603 -10.5579 1 ) ( -65.6864 56.4677 -10.5474 1 ) 
( -70.8109 55.4458 -12.241 1 ) ( -70.782 55.4476 -12.2346 1 ) ( -70.5232 55.4644 -12.1772 1 ) ( -70.2962 55.4821 -12.1244 1 ) ( -70.0236 55.5054 -12.0594 1 ) ( -69.7616 55.5311 -11.9942 1 ) ( -69.4953 55.5604 -11.9254 1 ) ( -69.2292 55.5932 -11.8538 1 ) ( -68.9628 55.6293 -11.7795 1 ) ( -68.6965 55.6681 -11.703 1 ) ( -68.4304 55.7096 -11.6245 1 ) ( -68.1651 55.7544 -11.5433 1 ) ( -67.9013 55.8027 -11.4596 1 ) ( -67.6389 55.8544 -11.3734 1 ) ( -67.3784 55.9094 -11.2848 1 ) ( -67.1197 55.9666 -11.1948 1 ) ( -66.8635 56.0261 -11.1033 1 ) ( -66.6095 56.0893 -11.0093 1 ) ( -66.3624 56.1551 -10.9142 1 ) ( -66.1076 56.2263 -10.8136 1 ) ( -65.8957 56.2864 -10.7292 1 ) ( -65.6562 56.3582 -10.6306 1 ) ( -65.6295 56.3662 -10.6196 1 ) 
( -70.7781 55.3488 -12.3137 1 ) ( -70.7491 55.3497 -12.3081 1 ) ( -70.4893 55.3588 -12.2567 1 ) ( -70.2608 55.3706 -12.2084 1 ) ( -69.9862 55.3875 -12.1482 1 ) ( -69.7218 55.4079 -12.0869 1 ) ( -69.4529 55.4326 -12.0214 1 ) ( -69.1841 55.4618 -11.9522 1 ) ( -68.9148 55.4951 -11.8797 1 ) ( -68.6457 55.5317 -11.8045 1 ) ( -68.3769 55.5717 -11.7267 1 ) ( -68.1091 55.6158 -11.6456 1 ) ( -67.8431 55.6644 -11.5614 1 ) ( -67.5789 55.7172 -11.4739 1 ) ( -67.317 55.774 -11.3836 1 ) ( -67.0575 55.8337 -11.2915 1 ) ( -66.8009 55.8963 -11.1975 1 ) ( -66.5474 55.9634 -11.1003 1 ) ( -66.3017 56.034 -11.0017 1 ) ( -66.0494 56.1107 -10.897 1 ) ( -65.8397 56.1756 -10.8091 1 ) ( -65.6041 56.2535 -10.7063 1 ) ( -65.5779 56.2622 -10.6948 1 ) 
( -70.7386 55.2529 -12.3844 1 ) ( -70.7096 55.2529 -12.3794 1 ) ( -70.4495 55.2543 -12.3343 1 ) ( -70.2202 55.2602 -12.2906 1 ) ( -69.9443 55.2705 -12.2355 1 ) ( -69.6783 55.2855 -12.1783 1 ) ( -69.4075 55.3056 -12.1161 1 ) ( -69.1366 55.3311 -12.0497 1 ) ( -68.8652 55.3614 -11.9792 1 ) ( -68.594 55.3958 -11.9054 1 ) ( -68.3232 55.4342 -11.8285 1 ) ( -68.0537 55.4775 -11.7478 1 ) ( -67.7861 55.5262 -11.6632 1 ) ( -67.5209 55.58 -11.5748 1 ) ( -67.2584 55.6387 -11.483 1 ) ( -66.9987 55.7007 -11.3889 1 ) ( -66.7423 55.7662 -11.2925 1 ) ( -66.49 55.8371 -11.1925 1 ) ( -66.2466 55.9123 -11.0906 1 ) ( -65.9974 55.9944 -10.9821 1 ) ( -65.7906 56.064 -10.8909 1 ) ( -65.5595 56.1478 -10.784 1 ) ( -65.5338 56.1572 -10.772 1 ) 
( -70.693 55.158 -12.4532 1 ) ( -70.6641 55.1571 -12.449 1 ) ( -70.4046 55.1506 -12.4103 1 ) ( -70.175 55.1505 -12.3714 1 ) ( -69.8986 55.1542 -12.3216 1 ) ( -69.6317 55.1637 -12.2687 1 ) ( -69.3597 55.179 -12.2102 1 ) ( -69.0875 55.2006 -12.1466 1 ) ( -68.8147 55.2279 -12.0784 1 ) ( -68.5422 55.2599 -12.0063 1 ) ( -68.2701 55.2966 -11.9306 1 ) ( -67.9995 55.3391 -11.8504 1 ) ( -67.7312 55.3878 -11.7656 1 ) ( -67.4656 55.4424 -11.6765 1 ) ( -67.2034 55.5028 -11.5833 1 ) ( -66.9441 55.567 -11.4875 1 ) ( -66.6889 55.6354 -11.389 1 ) ( -66.4385 55.71 -11.2864 1 ) ( -66.198 55.7897 -11.1813 1 ) ( -65.9527 55.8771 -11.0692 1 ) ( -65.7495 55.9512 -10.9749 1 ) ( -65.5236 56.041 -10.8641 1 ) ( -65.4986 56.0511 -10.8518 1 ) 
( -70.6419 55.0644 -12.5201 1 ) ( -70.6132 55.0626 -12.5167 1 ) ( -70.3549 55.0481 -12.4846 1 ) ( -70.1258 55.0419 -12.4508 1 ) ( -69.8497 55.0388 -12.4065 1 ) ( -69.5826 55.0426 -12.3581 1 ) ( -69.3103 55.053 -12.3035 1 ) ( -69.0376 55.0707 -12.243 1 ) ( -68.7642 55.0948 -12.1772 1 ) ( -68.4911 55.1244 -12.107 1 ) ( -68.2186 55.1593 -12.0327 1 ) ( -67.9477 55.2008 -11.9532 1 ) ( -67.6795 55.2494 -11.8685 1 ) ( -67.4144 55.3048 -11.7789 1 ) ( -67.153 55.3667 -11.6846 1 ) ( -66.8951 55.433 -11.5873 1 ) ( -66.6417 55.5041 -11.487 1 ) ( -66.3942 55.5823 -11.3819 1 ) ( -66.1574 55.6664 -11.2739 1 ) ( -65.9168 55.759 -11.1584 1 ) ( -65.7178 55.8376 -11.0612 1 ) ( -65.498 55.9331 -10.9468 1 ) ( -65.4736 55.9439 -10.934 1 ) 
( -70.5858 54.9722 -12.585 1 ) ( -70.5573 54.9695 -12.5824 1 ) ( -70.3009 54.9469 -12.5571 1 ) ( -70.073 54.9345 -12.5285 1 ) ( -69.7978 54.9245 -12.4899 1 ) ( -69.5313 54.9226 -12.4462 1 ) ( -69.2592 54.928 -12.3957 1 ) ( -68.9867 54.9416 -12.3385 1 ) ( -68.7134 54.9625 -12.2754 1 ) ( -68.4404 54.9895 -12.2073 1 ) ( -68.1682 55.0225 -12.1345 1 ) ( -67.8977 55.0629 -12.056 1 ) ( -67.6301 55.1113 -11.9716 1 ) ( -67.3661 55.1673 -11.8816 1 ) ( -67.1064 55.2307 -11.7865 1 ) ( -66.8505 55.2991 -11.6879 1 ) ( -66.5997 55.3728 -11.5858 1 ) ( -66.3555 55.4545 -11.4785 1 ) ( -66.1231 55.5428 -11.3678 1 ) ( -65.888 55.6405 -11.2491 1 ) ( -65.6937 55.7235 -11.1492 1 ) ( -65.4806 55.8247 -11.0314 1 ) ( -65.4571 55.8361 -11.0182 1 ) 
( -70.5252 54.8817 -12.6478 1 ) ( -70.497 54.878 -12.646 1 ) ( -70.2431 54.8473 -12.6277 1 ) ( -70.0167 54.8285 -12.6045 1 ) ( -69.7431 54.8115 -12.5718 1 ) ( -69.4776 54.8039 -12.533 1 ) ( -69.2064 54.8042 -12.4867 1 ) ( -68.9346 54.8136 -12.433 1 ) ( -68.662 54.8312 -12.3726 1 ) ( -68.3896 54.8555 -12.3068 1 ) ( -68.1181 54.8864 -12.2358 1 ) ( -67.8486 54.9257 -12.1585 1 ) ( -67.5823 54.9738 -12.0745 1 ) ( -67.32 55.0304 -11.9843 1 ) ( -67.0625 55.0951 -11.8884 1 ) ( -66.8092 55.1654 -11.7887 1 ) ( -66.5613 55.2417 -11.6851 1 ) ( -66.3211 55.3268 -11.5758 1 ) ( -66.0937 55.4193 -11.4625 1 ) ( -65.8645 55.522 -11.3408 1 ) ( -65.6755 55.6093 -11.2383 1 ) ( -65.4698 55.7161 -11.1172 1 ) ( -65.4471 55.7281 -11.1037 1 ) 
( -70.4598 54.793 -12.7083 1 ) ( -70.432 54.7884 -12.7073 1 ) ( -70.181 54.7494 -12.6962 1 ) ( -69.9565 54.7243 -12.6784 1 ) ( -69.685 54.7002 -12.6518 1 ) ( -69.421 54.6866 -12.618 1 ) ( -69.1512 54.6818 -12.5761 1 ) ( -68.8805 54.687 -12.526 1 ) ( -68.609 54.7011 -12.4686 1 ) ( -68.3377 54.7227 -12.4052 1 ) ( -68.0674 54.7515 -12.3361 1 ) ( -67.7993 54.7895 -12.26 1 ) ( -67.5347 54.8372 -12.1766 1 ) ( -67.2746 54.8943 -12.0864 1 ) ( -67.0197 54.9603 -11.99 1 ) ( -66.7693 55.0324 -11.8893 1 ) ( -66.525 55.1112 -11.7843 1 ) ( -66.2893 55.1995 -11.6731 1 ) ( -66.0672 55.2962 -11.5574 1 ) ( -65.8445 55.4037 -11.4329 1 ) ( -65.6612 55.4952 -11.3279 1 ) ( -65.4631 55.6075 -11.2037 1 ) ( -65.4413 55.6202 -11.1898 1 ) 
( -70.3896 54.7065 -12.7662 1 ) ( -70.3621 54.7009 -12.766 1 ) ( -70.1146 54.6536 -12.7622 1 ) ( -69.8924 54.6221 -12.75 1 ) ( -69.6233 54.5908 -12.7296 1 ) ( -69.3613 54.5712 -12.701 1 ) ( -69.0932 54.5611 -12.6637 1 ) ( -68.8241 54.562 -12.6173 1 ) ( -68.5541 54.5726 -12.563 1 ) ( -68.2844 54.5913 -12.5022 1 ) ( -68.0157 54.618 -12.4351 1 ) ( -67.7495 54.6546 -12.3604 1 ) ( -67.487 54.7019 -12.2778 1 ) ( -67.2294 54.7593 -12.1877 1 ) ( -66.9776 54.8265 -12.0908 1 ) ( -66.7307 54.9004 -11.9893 1 ) ( -66.4903 54.9815 -11.8831 1 ) ( -66.2594 55.073 -11.7701 1 ) ( -66.0432 55.1737 -11.6522 1 ) ( -65.8274 55.286 -11.5249 1 ) ( -65.6501 55.3817 -11.4176 1 ) ( -65.4602 55.4994 -11.2905 1 ) ( -65.4393 55.5126 -11.2762 1 ) 
( -70.3143 54.6224 -12.8213 1 ) ( -70.2873 54.6158 -12.822 1 ) ( -70.0436 54.5601 -12.8257 1 ) ( -69.8242 54.522 -12.8192 1 ) ( -69.5581 54.4835 -12.8052 1 ) ( -69.2986 54.4579 -12.7819 1 ) ( -69.0327 54.4424 -12.7493 1 ) ( -68.7657 54.4389 -12.7068 1 ) ( -68.4977 54.4458 -12.6558 1 ) ( -68.2301 54.4616 -12.5977 1 ) ( -67.9636 54.486 -12.5328 1 ) ( -67.6997 54.5212 -12.4597 1 ) ( -67.4399 54.5679 -12.3779 1 ) ( -67.1854 54.6257 -12.2881 1 ) ( -66.9371 54.6939 -12.191 1 ) ( -66.6941 54.7695 -12.0888 1 ) ( -66.4582 54.8528 -11.9815 1 ) ( -66.2327 54.9475 -11.8669 1 ) ( -66.0227 55.0521 -11.7468 1 ) ( -65.8144 55.1691 -11.6171 1 ) ( -65.6435 55.2689 -11.5076 1 ) ( -65.4623 55.3919 -11.3776 1 ) ( -65.4425 55.4058 -11.363 1 ) 
( -70.2344 54.5407 -12.8737 1 ) ( -70.2079 54.5332 -12.8753 1 ) ( -69.9687 54.4689 -12.8866 1 ) ( -69.7524 54.4242 -12.8859 1 ) ( -69.4899 54.3784 -12.8784 1 ) ( -69.2334 54.3466 -12.8606 1 ) ( -68.9703 54.3257 -12.8329 1 ) ( -68.7059 54.3177 -12.7945 1 ) ( -68.4405 54.3209 -12.7469 1 ) ( -68.1754 54.3337 -12.6916 1 ) ( -67.9116 54.3557 -12.6291 1 ) ( -67.6506 54.3894 -12.5577 1 ) ( -67.394 54.4355 -12.477 1 ) ( -67.143 54.4935 -12.3876 1 ) ( -66.8989 54.5627 -12.2904 1 ) ( -66.6604 54.6399 -12.1876 1 ) ( -66.4294 54.7254 -12.0794 1 ) ( -66.2098 54.8231 -11.9633 1 ) ( -66.0067 54.9316 -11.8414 1 ) ( -65.8064 55.0533 -11.7092 1 ) ( -65.6424 55.157 -11.5977 1 ) ( -65.4705 55.2853 -11.465 1 ) ( -65.4516 55.2997 -11.4502 1 ) 
( -70.1503 54.4616 -12.9233 1 ) ( -70.1244 54.4531 -12.9258 1 ) ( -69.8902 54.3802 -12.9448 1 ) ( -69.6776 54.3289 -12.9502 1 ) ( -69.4192 54.2756 -12.9494 1 ) ( -69.1662 54.2376 -12.9371 1 ) ( -68.9065 54.2112 -12.9144 1 ) ( -68.6453 54.1987 -12.8803 1 ) ( -68.383 54.1982 -12.8362 1 ) ( -68.1211 54.2078 -12.784 1 ) ( -67.8605 54.2275 -12.724 1 ) ( -67.603 54.2595 -12.6544 1 ) ( -67.3501 54.3049 -12.5749 1 ) ( -67.1033 54.363 -12.4862 1 ) ( -66.8639 54.4332 -12.3889 1 ) ( -66.6304 54.5119 -12.2858 1 ) ( -66.405 54.5996 -12.1768 1 ) ( -66.1919 54.7003 -12.0595 1 ) ( -65.9961 54.8125 -11.9357 1 ) ( -65.8044 54.9387 -11.8013 1 ) ( -65.6478 55.0464 -11.6878 1 ) ( -65.4856 55.1798 -11.5527 1 ) ( -65.4679 55.1949 -11.5375 1 ) 
( -70.062 54.3848 -12.9703 1 ) ( -70.0368 54.3753 -12.9736 1 ) ( -69.8081 54.2938 -13.0007 1 ) ( -69.5998 54.2358 -13.0122 1 ) ( -69.3461 54.175 -13.0182 1 ) ( -69.0973 54.1307 -13.0118 1 ) ( -68.8415 54.0987 -12.9942 1 ) ( -68.5841 54.0815 -12.9644 1 ) ( -68.3256 54.0772 -12.9241 1 ) ( -68.0674 54.0837 -12.875 1 ) ( -67.8107 54.1009 -12.8177 1 ) ( -67.5572 54.1312 -12.7502 1 ) ( -67.3087 54.1759 -12.672 1 ) ( -67.0667 54.2341 -12.584 1 ) ( -66.8325 54.3052 -12.4869 1 ) ( -66.6046 54.3853 -12.3836 1 ) ( -66.3854 54.4751 -12.274 1 ) ( -66.1794 54.5787 -12.1555 1 ) ( -65.9916 54.6946 -12.0301 1 ) ( -65.8091 54.8253 -11.8936 1 ) ( -65.6605 54.937 -11.7783 1 ) ( -65.5087 55.0755 -11.6408 1 ) ( -65.4922 55.0911 -11.6254 1 ) 
( -69.9715 54.3116 -13.014 1 ) ( -69.9469 54.3011 -13.0183 1 ) ( -69.7243 54.2109 -13.0533 1 ) ( -69.5206 54.1463 -13.071 1 ) ( -69.2722 54.078 -13.0839 1 ) ( -69.0279 54.0275 -13.0833 1 ) ( -68.7766 53.99 -13.071 1 ) ( -68.5234 53.9681 -13.0457 1 ) ( -68.2691 53.96 -13.0091 1 ) ( -68.0151 53.9633 -12.9633 1 ) ( -67.7628 53.978 -12.9087 1 ) ( -67.5138 54.0067 -12.8433 1 ) ( -67.2701 54.0505 -12.7666 1 ) ( -67.0333 54.1088 -12.6795 1 ) ( -66.8049 54.1807 -12.5827 1 ) ( -66.5831 54.2623 -12.4793 1 ) ( -66.3705 54.354 -12.3692 1 ) ( -66.1719 54.4604 -12.2497 1 ) ( -65.9926 54.58 -12.1227 1 ) ( -65.8197 54.7151 -11.9844 1 ) ( -65.6794 54.8306 -11.8674 1 ) ( -65.5384 54.9741 -11.7277 1 ) ( -65.5231 54.9903 -11.712 1 ) 
( -69.8725 54.2381 -13.0565 1 ) ( -69.8488 54.2266 -13.0618 1 ) ( -69.6331 54.1274 -13.1052 1 ) ( -69.4348 54.0557 -13.1295 1 ) ( -69.1925 53.9796 -13.1498 1 ) ( -68.9537 53.9225 -13.1554 1 ) ( -68.7076 53.8791 -13.1487 1 ) ( -68.4596 53.8524 -13.1282 1 ) ( -68.2103 53.8402 -13.0958 1 ) ( -67.9614 53.8402 -13.0536 1 ) ( -67.7142 53.8522 -13.002 1 ) ( -67.4706 53.8791 -12.939 1 ) ( -67.2325 53.9221 -12.8639 1 ) ( -67.0019 53.9803 -12.7778 1 ) ( -66.78 54.0531 -12.6815 1 ) ( -66.5653 54.1361 -12.5781 1 ) ( -66.3602 54.2298 -12.4677 1 ) ( -66.1701 54.3392 -12.3472 1 ) ( -66.0003 54.4626 -12.2188 1 ) ( -65.8381 54.6022 -12.0786 1 ) ( -65.7071 54.7217 -11.96 1 ) ( -65.578 54.8704 -11.8181 1 ) ( -65.564 54.8872 -11.8022 1 ) 
( -69.7881 54.1786 -13.0902 1 ) ( -69.765 54.1663 -13.0963 1 ) ( -69.5554 54.0595 -13.1469 1 ) ( -69.3619 53.9819 -13.1767 1 ) ( -69.125 53.8993 -13.2032 1 ) ( -68.8911 53.8366 -13.2141 1 ) ( -68.6497 53.7884 -13.2122 1 ) ( -68.4062 53.7575 -13.1957 1 ) ( -68.1614 53.742 -13.1668 1 ) ( -67.917 53.7392 -13.1276 1 ) ( -67.6744 53.7489 -13.0786 1 ) ( -67.4356 53.7743 -13.0177 1 ) ( -67.2026 53.8165 -12.9441 1 ) ( -66.9774 53.8747 -12.8589 1 ) ( -66.7614 53.9481 -12.763 1 ) ( -66.5528 54.0323 -12.6597 1 ) ( -66.3543 54.1278 -12.549 1 ) ( -66.1716 54.2396 -12.4278 1 ) ( -66.0099 54.3661 -12.2983 1 ) ( -65.857 54.5095 -12.1566 1 ) ( -65.734 54.6322 -12.0367 1 ) ( -65.6151 54.7853 -11.8931 1 ) ( -65.6024 54.8025 -11.877 1 ) 
( -69.6855 54.114 -13.1249 1 ) ( -69.6633 54.1006 -13.132 1 ) ( -69.4615 53.9851 -13.191 1 ) ( -69.2741 53.9006 -13.2274 1 ) ( -69.0443 53.8104 -13.2613 1 ) ( -68.8167 53.7412 -13.2785 1 ) ( -68.5815 53.6873 -13.2822 1 ) ( -68.344 53.6517 -13.2706 1 ) ( -68.1052 53.6321 -13.2459 1 ) ( -67.8667 53.6261 -13.2104 1 ) ( -67.6302 53.6332 -13.1645 1 ) ( -67.3977 53.6568 -13.1061 1 ) ( -67.1712 53.6981 -13.0343 1 ) ( -66.9529 53.7563 -12.9504 1 ) ( -66.7445 53.8304 -12.8551 1 ) ( -66.5437 53.9159 -12.7521 1 ) ( -66.3536 54.0133 -12.6413 1 ) ( -66.1803 54.1279 -12.5194 1 ) ( -66.0288 54.258 -12.3887 1 ) ( -65.8874 54.4058 -12.2455 1 ) ( -65.7742 54.5324 -12.1241 1 ) ( -65.6679 54.6904 -11.9786 1 ) ( -65.6566 54.7082 -11.9623 1 ) 
( -69.6739 54.1069 -13.1287 1 ) ( -69.6518 54.0934 -13.1359 1 ) ( -69.4509 53.9769 -13.1958 1 ) ( -69.2642 53.8917 -13.233 1 ) ( -69.0352 53.8005 -13.2677 1 ) ( -68.8083 53.7307 -13.2856 1 ) ( -68.5739 53.6761 -13.2899 1 ) ( -68.3371 53.64 -13.2789 1 ) ( -68.0989 53.62 -13.2546 1 ) ( -67.8611 53.6135 -13.2195 1 ) ( -67.6253 53.6204 -13.174 1 ) ( -67.3935 53.6437 -13.1159 1 ) ( -67.1678 53.685 -13.0443 1 ) ( -66.9503 53.7431 -12.9605 1 ) ( -66.7427 53.8174 -12.8654 1 ) ( -66.5429 53.9031 -12.7624 1 ) ( -66.3537 54.0007 -12.6515 1 ) ( -66.1814 54.1155 -12.5296 1 ) ( -66.0311 54.2461 -12.3988 1 ) ( -65.891 54.3944 -12.2553 1 ) ( -65.7789 54.5213 -12.1339 1 ) ( -65.6741 54.6799 -11.9881 1 ) ( -65.663 54.6978 -11.9718 1 ) 
