 Knots U 
0 0 0 0 0.100762 0.200758 0.300886 0.400956 0.501242 0.60322 0.702049 0.799457 0.900193 1 1 1 1 
 Knots V 
0 0 0 0 0.2 0.4 0.6 0.8 1 1 1 1 
 Poles & Weights 
( -81.3799 43.7684 27.9858 1 ) ( -81.3804 43.7915 27.9819 1 ) ( -81.3511 44.016 27.973 1 ) ( -81.3485 44.2125 27.9733 1 ) ( -81.3716 44.446 27.9959 1 ) ( -81.4184 44.6639 28.0015 1 ) ( -81.4804 44.8787 27.9728 1 ) ( -81.5376 45.1009 27.9766 1 ) ( -81.6164 45.3215 28.0083 1 ) ( -81.833 45.4203 27.9773 1 ) ( -82.0384 45.4524 27.944 1 ) ( -82.2196 45.5373 27.9673 1 ) ( -82.2668 45.522 27.9493 1 ) 
( -81.3755 43.7694 27.9674 1 ) ( -81.3759 43.7925 27.9636 1 ) ( -81.3467 44.0159 27.9549 1 ) ( -81.3439 44.2116 27.9552 1 ) ( -81.3671 44.444 27.9775 1 ) ( -81.414 44.6609 27.9832 1 ) ( -81.4763 44.8747 27.9552 1 ) ( -81.5341 45.0955 27.9588 1 ) ( -81.6136 45.3144 27.9898 1 ) ( -81.8285 45.4138 27.9595 1 ) ( -82.0321 45.4471 27.927 1 ) ( -82.2127 45.5324 27.9498 1 ) ( -82.2593 45.5176 27.9323 1 ) 
( -81.3362 43.7781 27.8024 1 ) ( -81.3361 43.8007 27.7994 1 ) ( -81.3071 44.015 27.793 1 ) ( -81.3035 44.2032 27.7938 1 ) ( -81.3266 44.4259 27.8129 1 ) ( -81.3746 44.6341 27.8188 1 ) ( -81.4389 44.8395 27.7971 1 ) ( -81.5026 45.0469 27.8 1 ) ( -81.5881 45.2507 27.8245 1 ) ( -81.7883 45.3558 27.8006 1 ) ( -81.9761 45.4002 27.7749 1 ) ( -82.1513 45.4882 27.7936 1 ) ( -82.1924 45.4785 27.7797 1 ) 
( -81.3022 43.7857 27.6598 1 ) ( -81.3016 43.8079 27.6575 1 ) ( -81.2729 44.0143 27.6529 1 ) ( -81.2685 44.1959 27.6543 1 ) ( -81.2915 44.4103 27.6706 1 ) ( -81.3406 44.6109 27.6767 1 ) ( -81.4066 44.809 27.6605 1 ) ( -81.4753 45.005 27.6627 1 ) ( -81.566 45.1956 27.6816 1 ) ( -81.7536 45.3056 27.6631 1 ) ( -81.9276 45.3596 27.6434 1 ) ( -82.0981 45.45 27.6584 1 ) ( -82.1345 45.4446 27.6477 1 ) 
( -81.2599 43.7952 27.4822 1 ) ( -81.2588 43.8168 27.4808 1 ) ( -81.2302 44.0133 27.4786 1 ) ( -81.225 44.1869 27.4806 1 ) ( -81.2479 44.3909 27.4934 1 ) ( -81.2981 44.582 27.4997 1 ) ( -81.3663 44.7711 27.4903 1 ) ( -81.4414 44.9527 27.4917 1 ) ( -81.5386 45.127 27.5036 1 ) ( -81.7104 45.2431 27.4919 1 ) ( -81.8673 45.3091 27.4798 1 ) ( -82.032 45.4025 27.4902 1 ) ( -82.0624 45.4025 27.4834 1 ) 
( -81.226 43.8027 27.3396 1 ) ( -81.2243 43.824 27.3388 1 ) ( -81.196 44.0126 27.3385 1 ) ( -81.1901 44.1796 27.341 1 ) ( -81.2128 44.3753 27.3511 1 ) ( -81.2641 44.5588 27.3576 1 ) ( -81.334 44.7407 27.3537 1 ) ( -81.4141 44.9108 27.3543 1 ) ( -81.5165 45.072 27.3607 1 ) ( -81.6757 45.1929 27.3545 1 ) ( -81.8188 45.2686 27.3483 1 ) ( -81.9789 45.3643 27.3551 1 ) ( -82.0045 45.3686 27.3514 1 ) 
( -81.1867 43.8115 27.1746 1 ) ( -81.1845 43.8322 27.1746 1 ) ( -81.1564 44.0117 27.1766 1 ) ( -81.1496 44.1712 27.1796 1 ) ( -81.1723 44.3573 27.1865 1 ) ( -81.2247 44.532 27.1932 1 ) ( -81.2966 44.7054 27.1956 1 ) ( -81.3826 44.8622 27.1955 1 ) ( -81.491 45.0083 27.1954 1 ) ( -81.6356 45.1349 27.1955 1 ) ( -81.7627 45.2217 27.1962 1 ) ( -81.9174 45.3202 27.1988 1 ) ( -81.9376 45.3294 27.1988 1 ) 
( -81.1823 43.8125 27.1562 1 ) ( -81.18 43.8332 27.1563 1 ) ( -81.152 44.0116 27.1585 1 ) ( -81.1451 44.1702 27.1616 1 ) ( -81.1678 44.3552 27.1681 1 ) ( -81.2203 44.529 27.1748 1 ) ( -81.2925 44.7015 27.178 1 ) ( -81.379 44.8568 27.1778 1 ) ( -81.4882 45.0011 27.1769 1 ) ( -81.6311 45.1284 27.1777 1 ) ( -81.7565 45.2164 27.1792 1 ) ( -81.9105 45.3152 27.1813 1 ) ( -81.9301 45.3251 27.1817 1 ) 
