 Knots U 
0 0 0 0 0.0996504 0.199031 0.298786 0.398882 0.498925 0.598973 0.699326 0.799464 0.89977 1 1 1 1 
 Knots V 
0 0 0 0 0.101446 0.202184 0.302223 0.402828 0.5047 0.607787 0.709559 0.806152 0.900897 1 1 1 1 
 Poles & Weights 
( -72.9798 51.5267 -10.528 1 ) ( -72.9639 51.5264 -10.5183 1 ) ( -72.8274 51.5312 -10.4259 1 ) ( -72.7197 51.5626 -10.3283 1 ) ( -72.5958 51.6118 -10.2111 1 ) ( -72.482 51.676 -10.0984 1 ) ( -72.3667 51.752 -9.99131 1 ) ( -72.2482 51.8369 -9.89737 1 ) ( -72.1258 51.925 -9.82379 1 ) ( -71.9876 52.0202 -9.77359 1 ) ( -71.8672 52.1013 -9.74428 1 ) ( -71.7339 52.2029 -9.70869 1 ) ( -71.718 52.2146 -9.70534 1 ) 
( -72.9736 51.5322 -10.5386 1 ) ( -72.9577 51.5318 -10.529 1 ) ( -72.821 51.5359 -10.4376 1 ) ( -72.7129 51.5667 -10.341 1 ) ( -72.5886 51.6149 -10.2249 1 ) ( -72.4743 51.6782 -10.1134 1 ) ( -72.3585 51.7532 -10.0074 1 ) ( -72.2398 51.8373 -9.91433 1 ) ( -72.1172 51.9248 -9.84134 1 ) ( -71.979 52.0192 -9.79116 1 ) ( -71.8587 52.0993 -9.76145 1 ) ( -71.7253 52.1999 -9.72584 1 ) ( -71.7094 52.2114 -9.7225 1 ) 
( -72.921 51.575 -10.6368 1 ) ( -72.905 51.5741 -10.628 1 ) ( -72.7662 51.5732 -10.5439 1 ) ( -72.655 51.5983 -10.4553 1 ) ( -72.5267 51.639 -10.349 1 ) ( -72.4081 51.694 -10.247 1 ) ( -72.2882 51.7608 -10.1498 1 ) ( -72.1664 51.8383 -10.064 1 ) ( -72.0423 51.9211 -9.99545 1 ) ( -71.9039 52.0088 -9.94493 1 ) ( -71.7839 52.0808 -9.9112 1 ) ( -71.65 52.1727 -9.8749 1 ) ( -71.634 52.1831 -9.87151 1 ) 
( -72.8759 51.6053 -10.7249 1 ) ( -72.8597 51.604 -10.7166 1 ) ( -72.7189 51.599 -10.6387 1 ) ( -72.6049 51.6192 -10.5569 1 ) ( -72.4727 51.6536 -10.4588 1 ) ( -72.35 51.7016 -10.3648 1 ) ( -72.2263 51.7614 -10.2751 1 ) ( -72.1016 51.8332 -10.1952 1 ) ( -71.9761 51.9121 -10.1303 1 ) ( -71.8372 51.9942 -10.0791 1 ) ( -71.7175 52.0594 -10.0415 1 ) ( -71.5828 52.1438 -10.0042 1 ) ( -71.5667 52.1531 -10.0007 1 ) 
( -72.8253 51.625 -10.8348 1 ) ( -72.8088 51.6233 -10.8271 1 ) ( -72.6652 51.6139 -10.7555 1 ) ( -72.5473 51.6289 -10.6809 1 ) ( -72.4103 51.6564 -10.5916 1 ) ( -72.2823 51.6965 -10.5062 1 ) ( -72.1536 51.7486 -10.4242 1 ) ( -72.0251 51.8144 -10.3506 1 ) ( -71.8974 51.8891 -10.2889 1 ) ( -71.7576 51.9651 -10.2358 1 ) ( -71.6377 52.0226 -10.1926 1 ) ( -71.5017 52.0986 -10.1531 1 ) ( -71.4854 52.107 -10.1494 1 ) 
( -72.782 51.6175 -10.9458 1 ) ( -72.7652 51.6155 -10.9386 1 ) ( -72.6182 51.6033 -10.8717 1 ) ( -72.496 51.6144 -10.8027 1 ) ( -72.3534 51.6366 -10.7204 1 ) ( -72.2196 51.6707 -10.6419 1 ) ( -72.0853 51.7166 -10.566 1 ) ( -71.9523 51.778 -10.4968 1 ) ( -71.8217 51.8501 -10.437 1 ) ( -71.6803 51.9216 -10.3806 1 ) ( -71.5595 51.9729 -10.3309 1 ) ( -71.4216 52.0423 -10.2879 1 ) ( -71.405 52.0497 -10.2839 1 ) 
( -72.7426 51.5878 -11.0567 1 ) ( -72.7254 51.5857 -11.0498 1 ) ( -72.5738 51.5727 -10.9875 1 ) ( -72.4461 51.5816 -10.9242 1 ) ( -72.2968 51.6006 -10.8488 1 ) ( -72.1561 51.6305 -10.777 1 ) ( -72.015 51.6723 -10.7072 1 ) ( -71.8763 51.7311 -10.6424 1 ) ( -71.7417 51.8025 -10.5842 1 ) ( -71.5974 51.8717 -10.5244 1 ) ( -71.4747 51.9184 -10.4681 1 ) ( -71.3337 51.9832 -10.4215 1 ) ( -71.3167 51.9899 -10.4171 1 ) 
( -72.7078 51.5367 -11.1588 1 ) ( -72.6898 51.535 -11.1525 1 ) ( -72.5319 51.524 -11.0957 1 ) ( -72.3975 51.5334 -11.0388 1 ) ( -72.2397 51.5523 -10.9712 1 ) ( -72.0903 51.5809 -10.9071 1 ) ( -71.9408 51.6216 -10.8442 1 ) ( -71.7948 51.681 -10.7848 1 ) ( -71.6545 51.7547 -10.7292 1 ) ( -71.5055 51.8246 -10.6671 1 ) ( -71.3796 51.8695 -10.605 1 ) ( -71.2337 51.9325 -10.5559 1 ) ( -71.2161 51.9389 -10.5512 1 ) 
( -72.677 51.4687 -11.2463 1 ) ( -72.6583 51.4675 -11.2406 1 ) ( -72.4929 51.461 -11.1905 1 ) ( -72.3506 51.4731 -11.1409 1 ) ( -72.183 51.4944 -11.0823 1 ) ( -72.0239 51.5243 -11.0269 1 ) ( -71.8648 51.5664 -10.9721 1 ) ( -71.7103 51.6288 -10.9191 1 ) ( -71.563 51.7072 -10.8674 1 ) ( -71.4081 51.7804 -10.8043 1 ) ( -71.2777 51.8255 -10.7377 1 ) ( -71.1258 51.8893 -10.6873 1 ) ( -71.1074 51.8957 -10.6825 1 ) 
( -72.6471 51.3747 -11.3197 1 ) ( -72.6276 51.374 -11.3147 1 ) ( -72.455 51.3715 -11.2715 1 ) ( -72.3049 51.3857 -11.2295 1 ) ( -72.1277 51.4088 -11.1802 1 ) ( -71.9589 51.4393 -11.1339 1 ) ( -71.7902 51.4821 -11.0876 1 ) ( -71.6273 51.5469 -11.0413 1 ) ( -71.4734 51.6295 -10.9933 1 ) ( -71.3129 51.7053 -10.9287 1 ) ( -71.1784 51.7501 -10.857 1 ) ( -71.0207 51.8139 -10.8048 1 ) ( -71.0017 51.8202 -10.7999 1 ) 
( -72.6227 51.2821 -11.3725 1 ) ( -72.6028 51.2815 -11.3678 1 ) ( -72.4261 51.2793 -11.3284 1 ) ( -72.2711 51.2925 -11.2912 1 ) ( -72.0878 51.3138 -11.2477 1 ) ( -71.9127 51.3415 -11.2071 1 ) ( -71.7379 51.3816 -11.1658 1 ) ( -71.5699 51.4452 -11.123 1 ) ( -71.4124 51.5282 -11.0762 1 ) ( -71.2493 51.6031 -11.008 1 ) ( -71.1132 51.6446 -10.9297 1 ) ( -70.9528 51.7052 -10.8737 1 ) ( -70.9334 51.711 -10.8684 1 ) 
( -72.5986 51.1794 -11.4212 1 ) ( -72.5787 51.1783 -11.4164 1 ) ( -72.4006 51.1717 -11.3774 1 ) ( -72.2433 51.1798 -11.3419 1 ) ( -72.0568 51.1943 -11.3008 1 ) ( -71.8782 51.2144 -11.2626 1 ) ( -71.7001 51.247 -11.2229 1 ) ( -71.5299 51.3046 -11.1802 1 ) ( -71.3716 51.3835 -11.1309 1 ) ( -71.2091 51.4523 -11.0552 1 ) ( -71.074 51.4865 -10.9671 1 ) ( -70.9137 51.539 -10.9037 1 ) ( -70.8942 51.5438 -10.8975 1 ) 
( -72.5957 51.1672 -11.4266 1 ) ( -72.5757 51.1661 -11.4218 1 ) ( -72.3973 51.1593 -11.3831 1 ) ( -72.2395 51.167 -11.3481 1 ) ( -72.0525 51.181 -11.3076 1 ) ( -71.8732 51.2006 -11.27 1 ) ( -71.6946 51.2326 -11.2309 1 ) ( -71.5239 51.2898 -11.1885 1 ) ( -71.3654 51.3686 -11.1393 1 ) ( -71.2027 51.437 -11.063 1 ) ( -71.0675 51.4705 -10.974 1 ) ( -70.9071 51.5224 -10.9099 1 ) ( -70.8876 51.5271 -10.9037 1 ) 
