 Knots U 
0 0 0 0 0.101882 0.203464 0.304852 0.406153 0.507312 0.607923 0.707614 0.806146 0.90346 1 1 1 1 
 Knots V 
0 0 0 0 0.0500476 0.0996298 0.150045 0.200159 0.250298 0.300466 0.350693 0.400786 0.450964 0.501095 0.551336 0.601518 0.651738 0.701969 0.75218 0.802409 0.852695 0.902271 0.951794 1 1 1 1 
 Poles & Weights 
( -69.2728 47.5406 -9.7135 1 ) ( -69.2865 47.5279 -9.71556 1 ) ( -69.4086 47.4154 -9.73371 1 ) ( -69.5182 47.3188 -9.74879 1 ) ( -69.6499 47.2054 -9.766 1 ) ( -69.778 47.0992 -9.78127 1 ) ( -69.9088 46.994 -9.79547 1 ) ( -70.0416 46.8909 -9.80819 1 ) ( -70.1746 46.7911 -9.81927 1 ) ( -70.3158 46.6893 -9.82877 1 ) ( -70.4355 46.605 -9.83565 1 ) ( -70.5749 46.5118 -9.84052 1 ) ( -70.5906 46.5015 -9.84099 1 ) 
( -69.2825 47.5736 -9.67237 1 ) ( -69.2961 47.5609 -9.67499 1 ) ( -69.4171 47.448 -9.69814 1 ) ( -69.5258 47.351 -9.7176 1 ) ( -69.6564 47.2372 -9.74 1 ) ( -69.7834 47.1306 -9.76023 1 ) ( -69.9132 47.025 -9.77941 1 ) ( -70.0449 46.9216 -9.79711 1 ) ( -70.1768 46.8214 -9.81311 1 ) ( -70.3168 46.7192 -9.82776 1 ) ( -70.4355 46.6348 -9.83896 1 ) ( -70.5738 46.5414 -9.84878 1 ) ( -70.5894 46.5311 -9.8498 1 ) 
( -69.2753 47.7986 -9.75651 1 ) ( -69.2887 47.7864 -9.75926 1 ) ( -69.4077 47.6779 -9.78358 1 ) ( -69.5147 47.5848 -9.80389 1 ) ( -69.6431 47.4757 -9.82721 1 ) ( -69.768 47.3736 -9.84816 1 ) ( -69.8957 47.2726 -9.86793 1 ) ( -70.0252 47.174 -9.88611 1 ) ( -70.1547 47.0789 -9.90252 1 ) ( -70.2922 46.9826 -9.91755 1 ) ( -70.4086 46.9034 -9.92905 1 ) ( -70.544 46.8169 -9.93927 1 ) ( -70.5592 46.8073 -9.94034 1 ) 
( -69.2364 47.9877 -9.82289 1 ) ( -69.2498 47.9761 -9.82561 1 ) ( -69.3693 47.8732 -9.8496 1 ) ( -69.4766 47.7852 -9.86947 1 ) ( -69.6055 47.6821 -9.89217 1 ) ( -69.7307 47.5858 -9.9124 1 ) ( -69.8587 47.4907 -9.93132 1 ) ( -69.9885 47.3982 -9.94856 1 ) ( -70.1183 47.3093 -9.96397 1 ) ( -70.2558 47.22 -9.97791 1 ) ( -70.3721 47.147 -9.98849 1 ) ( -70.5071 47.0683 -9.99769 1 ) ( -70.5222 47.0596 -9.99865 1 ) 
( -69.2215 48.2384 -9.76824 1 ) ( -69.2348 48.2272 -9.77166 1 ) ( -69.3535 48.1285 -9.80175 1 ) ( -69.4601 48.0442 -9.82681 1 ) ( -69.588 47.9455 -9.85559 1 ) ( -69.7124 47.8535 -9.88146 1 ) ( -69.8394 47.7627 -9.90594 1 ) ( -69.9682 47.6747 -9.92864 1 ) ( -70.0969 47.5907 -9.94937 1 ) ( -70.233 47.5069 -9.96885 1 ) ( -70.348 47.439 -9.98407 1 ) ( -70.4813 47.3669 -9.99862 1 ) ( -70.4962 47.359 -10.0002 1 ) 
( -69.1941 48.4698 -9.78828 1 ) ( -69.2075 48.4592 -9.79117 1 ) ( -69.3271 48.3657 -9.81659 1 ) ( -69.4344 48.2861 -9.83737 1 ) ( -69.5632 48.193 -9.86095 1 ) ( -69.6883 48.1064 -9.88169 1 ) ( -69.8162 48.0211 -9.90087 1 ) ( -69.9457 47.9388 -9.91815 1 ) ( -70.0749 47.8607 -9.93345 1 ) ( -70.2115 47.7836 -9.94721 1 ) ( -70.3267 47.7218 -9.95759 1 ) ( -70.4599 47.6574 -9.96666 1 ) ( -70.4748 47.6503 -9.96761 1 ) 
( -69.171 48.7061 -9.76685 1 ) ( -69.1845 48.696 -9.76983 1 ) ( -69.3042 48.6075 -9.79602 1 ) ( -69.4116 48.5322 -9.81731 1 ) ( -69.5404 48.4444 -9.84138 1 ) ( -69.6655 48.3628 -9.86244 1 ) ( -69.7934 48.2827 -9.8818 1 ) ( -69.9228 48.2057 -9.89916 1 ) ( -70.0519 48.1331 -9.91447 1 ) ( -70.1881 48.0624 -9.92819 1 ) ( -70.3028 48.0063 -9.93853 1 ) ( -70.4352 47.9493 -9.94758 1 ) ( -70.45 47.943 -9.94853 1 ) 
( -69.1463 48.9418 -9.76188 1 ) ( -69.1598 48.9323 -9.76462 1 ) ( -69.28 48.8485 -9.78863 1 ) ( -69.3876 48.7776 -9.80784 1 ) ( -69.5168 48.6949 -9.82934 1 ) ( -69.6422 48.6183 -9.84777 1 ) ( -69.7704 48.5432 -9.86435 1 ) ( -69.8999 48.4715 -9.87881 1 ) ( -70.0291 48.4044 -9.8912 1 ) ( -70.1652 48.34 -9.90181 1 ) ( -70.2797 48.2896 -9.90952 1 ) ( -70.4115 48.2398 -9.91561 1 ) ( -70.4263 48.2344 -9.91623 1 ) 
( -69.1236 49.1781 -9.75686 1 ) ( -69.1371 49.1691 -9.75942 1 ) ( -69.2574 49.0902 -9.78183 1 ) ( -69.3652 49.0235 -9.79945 1 ) ( -69.4944 48.946 -9.81896 1 ) ( -69.62 48.8743 -9.83534 1 ) ( -69.7482 48.8043 -9.84971 1 ) ( -69.8778 48.7378 -9.86186 1 ) ( -70.0068 48.6762 -9.87188 1 ) ( -70.1426 48.618 -9.87998 1 ) ( -70.2567 48.5733 -9.88555 1 ) ( -70.3878 48.5308 -9.88925 1 ) ( -70.4025 48.5261 -9.8896 1 ) 
( -69.0961 49.4136 -9.77111 1 ) ( -69.1097 49.4052 -9.77354 1 ) ( -69.2304 49.3314 -9.79476 1 ) ( -69.3385 49.2693 -9.81115 1 ) ( -69.4681 49.1972 -9.82911 1 ) ( -69.5939 49.1308 -9.84383 1 ) ( -69.7224 49.0661 -9.8564 1 ) ( -69.8522 49.0052 -9.86665 1 ) ( -69.9813 48.9493 -9.87471 1 ) ( -70.117 48.8977 -9.88072 1 ) ( -70.2309 48.8589 -9.88452 1 ) ( -70.3614 48.824 -9.88623 1 ) ( -70.376 48.8201 -9.88637 1 ) 
( -69.0607 49.6448 -9.81014 1 ) ( -69.0744 49.637 -9.81269 1 ) ( -69.1956 49.5682 -9.83494 1 ) ( -69.3041 49.5106 -9.85207 1 ) ( -69.4342 49.4438 -9.87081 1 ) ( -69.5604 49.3826 -9.88611 1 ) ( -69.6893 49.3231 -9.89914 1 ) ( -69.8194 49.2677 -9.90973 1 ) ( -69.9487 49.2175 -9.91807 1 ) ( -70.0844 49.1724 -9.92433 1 ) ( -70.1982 49.1394 -9.92832 1 ) ( -70.3283 49.1119 -9.93029 1 ) ( -70.3429 49.1089 -9.93046 1 ) 
( -69.0319 49.8779 -9.8452 1 ) ( -69.0455 49.8705 -9.84827 1 ) ( -69.1657 49.806 -9.87508 1 ) ( -69.2733 49.7522 -9.89605 1 ) ( -69.4023 49.69 -9.91925 1 ) ( -69.5274 49.6332 -9.93866 1 ) ( -69.6552 49.5783 -9.95571 1 ) ( -69.7841 49.5275 -9.97021 1 ) ( -69.9122 49.4823 -9.98234 1 ) ( -70.0463 49.4429 -9.99253 1 ) ( -70.1587 49.415 -9.99981 1 ) ( -70.2869 49.3943 -10.0056 1 ) ( -70.3012 49.3921 -10.0062 1 ) 
( -68.9801 50.0909 -9.94198 1 ) ( -68.9936 50.084 -9.94523 1 ) ( -69.1138 50.0242 -9.97361 1 ) ( -69.2213 49.9746 -9.99578 1 ) ( -69.3501 49.9174 -10.0203 1 ) ( -69.4751 49.8654 -10.0408 1 ) ( -69.6027 49.8154 -10.0589 1 ) ( -69.7313 49.7698 -10.0743 1 ) ( -69.859 49.7299 -10.0872 1 ) ( -69.9925 49.6966 -10.0982 1 ) ( -70.1043 49.6743 -10.1061 1 ) ( -70.2314 49.6607 -10.1127 1 ) ( -70.2457 49.6593 -10.1134 1 ) 
( -68.9292 50.312 -10.0101 1 ) ( -68.9425 50.3054 -10.0142 1 ) ( -69.061 50.248 -10.0498 1 ) ( -69.1669 50.2005 -10.0782 1 ) ( -69.2938 50.146 -10.11 1 ) ( -69.417 50.0965 -10.1373 1 ) ( -69.5427 50.0491 -10.162 1 ) ( -69.6694 50.0062 -10.184 1 ) ( -69.7951 49.9695 -10.2035 1 ) ( -69.9263 49.9399 -10.2212 1 ) ( -70.036 49.9211 -10.2347 1 ) ( -70.1604 49.9124 -10.2478 1 ) ( -70.1744 49.9115 -10.2493 1 ) 
( -68.8737 50.5276 -10.093 1 ) ( -68.8869 50.5213 -10.0977 1 ) ( -69.0038 50.4666 -10.1391 1 ) ( -69.1084 50.4217 -10.1723 1 ) ( -69.2336 50.3701 -10.2098 1 ) ( -69.3552 50.3235 -10.2424 1 ) ( -69.4792 50.279 -10.2724 1 ) ( -69.6042 50.2393 -10.2995 1 ) ( -69.728 50.206 -10.3238 1 ) ( -69.8572 50.1805 -10.3467 1 ) ( -69.965 50.1656 -10.3646 1 ) ( -70.0869 50.162 -10.3827 1 ) ( -70.1006 50.1617 -10.3847 1 ) 
( -68.8144 50.7423 -10.1748 1 ) ( -68.8274 50.7364 -10.1801 1 ) ( -68.9433 50.6848 -10.2268 1 ) ( -69.0467 50.6426 -10.2646 1 ) ( -69.1707 50.5944 -10.3074 1 ) ( -69.291 50.551 -10.345 1 ) ( -69.4137 50.5099 -10.3798 1 ) ( -69.5373 50.4737 -10.4116 1 ) ( -69.6597 50.444 -10.4406 1 ) ( -69.7871 50.4231 -10.4683 1 ) ( -69.8933 50.4123 -10.4902 1 ) ( -70.0132 50.4142 -10.5129 1 ) ( -70.0266 50.4145 -10.5154 1 ) 
( -68.7541 50.9574 -10.2538 1 ) ( -68.7671 50.9519 -10.2597 1 ) ( -68.8822 50.9039 -10.3111 1 ) ( -68.9849 50.865 -10.3529 1 ) ( -69.108 50.8207 -10.4003 1 ) ( -69.2274 50.7811 -10.4421 1 ) ( -69.3493 50.7438 -10.481 1 ) ( -69.4719 50.7116 -10.5169 1 ) ( -69.5932 50.6863 -10.5498 1 ) ( -69.7193 50.6704 -10.5816 1 ) ( -69.8243 50.6642 -10.6069 1 ) ( -69.9425 50.6722 -10.6336 1 ) ( -69.9557 50.6732 -10.6365 1 ) 
( -68.6954 51.1756 -10.3291 1 ) ( -68.7084 51.1705 -10.3353 1 ) ( -68.8233 51.1269 -10.3897 1 ) ( -68.9258 51.0919 -10.4339 1 ) ( -69.0487 51.0523 -10.4841 1 ) ( -69.1678 51.0173 -10.5285 1 ) ( -69.2894 50.9846 -10.5698 1 ) ( -69.4117 50.9573 -10.6081 1 ) ( -69.5325 50.937 -10.6432 1 ) ( -69.658 50.9269 -10.6773 1 ) ( -69.7623 50.926 -10.7045 1 ) ( -69.8793 50.9409 -10.7334 1 ) ( -69.8924 50.9427 -10.7366 1 ) 
( -68.6418 51.3883 -10.4098 1 ) ( -68.6548 51.3839 -10.4161 1 ) ( -68.7709 51.3461 -10.4711 1 ) ( -68.8743 51.3163 -10.5156 1 ) ( -68.9982 51.2828 -10.5661 1 ) ( -69.1184 51.2537 -10.6106 1 ) ( -69.2409 51.227 -10.652 1 ) ( -69.3641 51.2059 -10.6901 1 ) ( -69.4857 51.1921 -10.725 1 ) ( -69.6118 51.1893 -10.7589 1 ) ( -69.7164 51.1949 -10.7859 1 ) ( -69.8336 51.2179 -10.8145 1 ) ( -69.8467 51.2206 -10.8177 1 ) 
( -68.5935 51.6239 -10.4693 1 ) ( -68.6067 51.6201 -10.4748 1 ) ( -68.724 51.5884 -10.5233 1 ) ( -68.8286 51.564 -10.5619 1 ) ( -68.9538 51.537 -10.6053 1 ) ( -69.0752 51.5141 -10.6428 1 ) ( -69.199 51.4937 -10.677 1 ) ( -69.3233 51.4791 -10.7078 1 ) ( -69.4459 51.472 -10.7355 1 ) ( -69.5728 51.4768 -10.7616 1 ) ( -69.6781 51.4892 -10.7822 1 ) ( -69.7956 51.5209 -10.8035 1 ) ( -69.8088 51.5246 -10.8059 1 ) 
( -68.5682 51.8266 -10.4726 1 ) ( -68.5815 51.8233 -10.4773 1 ) ( -68.6997 51.7952 -10.5182 1 ) ( -68.805 51.774 -10.55 1 ) ( -68.931 51.7508 -10.5852 1 ) ( -69.0532 51.7317 -10.6147 1 ) ( -69.1777 51.7151 -10.6407 1 ) ( -69.3027 51.7045 -10.6632 1 ) ( -69.4259 51.7016 -10.6827 1 ) ( -69.5533 51.7112 -10.7001 1 ) ( -69.6588 51.728 -10.7134 1 ) ( -69.7764 51.7654 -10.7264 1 ) ( -69.7896 51.7697 -10.7279 1 ) 
( -68.5291 52.0556 -10.5158 1 ) ( -68.5427 52.0524 -10.5184 1 ) ( -68.663 52.0251 -10.54 1 ) ( -68.7701 52.0048 -10.5548 1 ) ( -68.8983 51.9827 -10.5695 1 ) ( -69.0225 51.9645 -10.5793 1 ) ( -69.149 51.9491 -10.5854 1 ) ( -69.276 51.9397 -10.5878 1 ) ( -69.401 51.9384 -10.5873 1 ) ( -69.5301 51.9502 -10.5838 1 ) ( -69.637 51.9692 -10.5794 1 ) ( -69.7557 52.0099 -10.5723 1 ) ( -69.769 52.0145 -10.5715 1 ) 
( -68.5225 52.0825 -10.5247 1 ) ( -68.5361 52.0793 -10.5269 1 ) ( -68.6566 52.0522 -10.5455 1 ) ( -68.7639 52.032 -10.5576 1 ) ( -68.8923 52.0101 -10.5692 1 ) ( -69.0166 51.9921 -10.5759 1 ) ( -69.1434 51.9769 -10.5789 1 ) ( -69.2705 51.9677 -10.5782 1 ) ( -69.3957 51.9667 -10.5746 1 ) ( -69.5249 51.9788 -10.5679 1 ) ( -69.6318 51.9981 -10.5608 1 ) ( -69.7507 52.0392 -10.5506 1 ) ( -69.764 52.0439 -10.5494 1 ) 
