 Knots U 
0 0 0 0 0.100525 0.199796 0.300162 0.400521 0.500721 0.600968 0.701314 0.801118 0.900506 1 1 1 1 
 Knots V 
0 0 0 0 0.10074 0.201065 0.301124 0.401019 0.50082 0.600576 0.700325 0.800105 0.899971 1 1 1 1 
 Poles & Weights 
( -72.1059 46.3566 -7.70901 1 ) ( -72.1321 46.3487 -7.74939 1 ) ( -71.9623 46.2116 -7.88133 1 ) ( -71.8691 46.1199 -8.04111 1 ) ( -71.7961 46.0364 -8.2659 1 ) ( -71.6667 45.9745 -8.45745 1 ) ( -71.609 45.9475 -8.69271 1 ) ( -71.5284 45.9354 -8.91833 1 ) ( -71.4469 45.9277 -9.14245 1 ) ( -71.3971 45.9481 -9.38499 1 ) ( -71.3955 46.0066 -9.58936 1 ) ( -71.35 46.0543 -9.81632 1 ) ( -71.3436 46.0573 -9.84332 1 ) 
( -72.1008 46.3587 -7.70671 1 ) ( -72.1266 46.3507 -7.74689 1 ) ( -71.9579 46.2131 -7.87958 1 ) ( -71.8646 46.1211 -8.03969 1 ) ( -71.7909 46.0377 -8.26461 1 ) ( -71.6615 45.9759 -8.4567 1 ) ( -71.6031 45.9491 -8.69214 1 ) ( -71.5222 45.9373 -8.91807 1 ) ( -71.4404 45.9301 -9.14247 1 ) ( -71.3898 45.9511 -9.38513 1 ) ( -71.3872 46.0099 -9.58952 1 ) ( -71.3414 46.0587 -9.8164 1 ) ( -71.3349 46.0618 -9.84337 1 ) 
( -72.0567 46.3775 -7.68577 1 ) ( -72.0787 46.3687 -7.72413 1 ) ( -71.919 46.2272 -7.86356 1 ) ( -71.8253 46.1327 -8.02671 1 ) ( -71.7451 46.0489 -8.25272 1 ) ( -71.6157 45.9891 -8.44973 1 ) ( -71.5514 45.9636 -8.68682 1 ) ( -71.4675 45.9545 -8.91563 1 ) ( -71.383 45.9518 -9.14248 1 ) ( -71.3254 45.9776 -9.3862 1 ) ( -71.3134 46.0387 -9.59086 1 ) ( -71.265 46.0976 -9.8171 1 ) ( -71.2582 46.1019 -9.84389 1 ) 
( -72.0194 46.396 -7.66554 1 ) ( -72.0382 46.3865 -7.70232 1 ) ( -71.8862 46.2415 -7.84787 1 ) ( -71.7921 46.1446 -8.01385 1 ) ( -71.7062 46.0605 -8.24102 1 ) ( -71.5766 46.0024 -8.44254 1 ) ( -71.507 45.9779 -8.68125 1 ) ( -71.4204 45.9711 -8.91279 1 ) ( -71.3333 45.9722 -9.14199 1 ) ( -71.2694 46.0021 -9.38683 1 ) ( -71.2491 46.0653 -9.59188 1 ) ( -71.1984 46.1329 -9.81774 1 ) ( -71.1912 46.1384 -9.84438 1 ) 
( -71.9758 46.4188 -7.64091 1 ) ( -71.9906 46.4084 -7.67581 1 ) ( -71.8479 46.2593 -7.82869 1 ) ( -71.7532 46.1596 -7.99808 1 ) ( -71.6605 46.075 -8.22668 1 ) ( -71.5307 46.0188 -8.43361 1 ) ( -71.4547 45.9956 -8.67432 1 ) ( -71.3649 45.9914 -8.90914 1 ) ( -71.2747 45.9972 -9.14117 1 ) ( -71.2034 46.032 -9.38741 1 ) ( -71.1732 46.0975 -9.59298 1 ) ( -71.1195 46.1755 -9.81843 1 ) ( -71.112 46.1823 -9.84491 1 ) 
( -71.9348 46.4418 -7.61652 1 ) ( -71.9459 46.4305 -7.64963 1 ) ( -71.812 46.2773 -7.8096 1 ) ( -71.7168 46.175 -7.98231 1 ) ( -71.6174 46.0899 -8.21235 1 ) ( -71.4874 46.0356 -8.42453 1 ) ( -71.4053 46.0136 -8.66721 1 ) ( -71.3124 46.0119 -8.90525 1 ) ( -71.2193 46.022 -9.14007 1 ) ( -71.1407 46.0615 -9.38772 1 ) ( -71.101 46.1294 -9.59383 1 ) ( -71.0446 46.2172 -9.81896 1 ) ( -71.0366 46.2253 -9.84529 1 ) 
( -71.8937 46.4655 -7.59162 1 ) ( -71.901 46.4534 -7.62292 1 ) ( -71.776 46.2962 -7.79005 1 ) ( -71.6803 46.1911 -7.96613 1 ) ( -71.5742 46.1056 -8.19763 1 ) ( -71.444 46.0531 -8.41513 1 ) ( -71.3558 46.0324 -8.65981 1 ) ( -71.2597 46.0334 -8.9011 1 ) ( -71.1637 46.0479 -9.13875 1 ) ( -71.0778 46.0921 -9.38782 1 ) ( -71.0285 46.1622 -9.5945 1 ) ( -70.9693 46.2602 -9.81931 1 ) ( -70.961 46.2695 -9.84548 1 ) 
( -71.8527 46.4895 -7.56681 1 ) ( -71.8562 46.4765 -7.59629 1 ) ( -71.7402 46.3154 -7.77056 1 ) ( -71.644 46.2076 -7.94997 1 ) ( -71.5313 46.1217 -8.18289 1 ) ( -71.4009 46.0712 -8.40567 1 ) ( -71.3066 46.0518 -8.65232 1 ) ( -71.2074 46.0554 -8.89683 1 ) ( -71.1084 46.0744 -9.13726 1 ) ( -71.0154 46.1234 -9.38772 1 ) ( -70.9565 46.1959 -9.59493 1 ) ( -70.8945 46.3039 -9.81939 1 ) ( -70.8858 46.3145 -9.84541 1 ) 
( -71.812 46.5132 -7.54266 1 ) ( -71.8117 46.4994 -7.57035 1 ) ( -71.7046 46.3344 -7.75159 1 ) ( -71.608 46.2241 -7.93424 1 ) ( -71.4888 46.1379 -8.1685 1 ) ( -71.3584 46.0894 -8.39644 1 ) ( -71.258 46.0712 -8.64495 1 ) ( -71.1558 46.0776 -8.89258 1 ) ( -71.054 46.101 -9.1357 1 ) ( -70.9539 46.1549 -9.38746 1 ) ( -70.8856 46.2298 -9.59513 1 ) ( -70.821 46.3479 -9.81917 1 ) ( -70.8119 46.3598 -9.84503 1 ) 
( -71.7687 46.5375 -7.51847 1 ) ( -71.7645 46.5229 -7.54426 1 ) ( -71.6669 46.3539 -7.73265 1 ) ( -71.5699 46.241 -7.91855 1 ) ( -71.4441 46.1547 -8.15404 1 ) ( -71.3137 46.1083 -8.38721 1 ) ( -71.2072 46.0918 -8.63753 1 ) ( -71.1019 46.101 -8.88826 1 ) ( -70.9973 46.1294 -9.13404 1 ) ( -70.89 46.1884 -9.387 1 ) ( -70.812 46.2659 -9.59502 1 ) ( -70.7448 46.3946 -9.81847 1 ) ( -70.7353 46.4078 -9.84415 1 ) 
( -71.7318 46.5576 -7.49873 1 ) ( -71.7243 46.5423 -7.52292 1 ) ( -71.6348 46.3701 -7.71723 1 ) ( -71.5376 46.2551 -7.90578 1 ) ( -71.4063 46.1687 -8.14223 1 ) ( -71.2759 46.1243 -8.37971 1 ) ( -71.1644 46.1091 -8.63146 1 ) ( -71.0567 46.1209 -8.88471 1 ) ( -70.9498 46.1534 -9.13264 1 ) ( -70.8364 46.2169 -9.38652 1 ) ( -70.7503 46.2966 -9.59476 1 ) ( -70.6809 46.4343 -9.81764 1 ) ( -70.6711 46.4487 -9.84314 1 ) 
( -71.6882 46.579 -7.47853 1 ) ( -71.677 46.5629 -7.50085 1 ) ( -71.5969 46.3872 -7.70161 1 ) ( -71.4996 46.2702 -7.89291 1 ) ( -71.3622 46.1839 -8.13013 1 ) ( -71.2322 46.1419 -8.37222 1 ) ( -71.1152 46.1285 -8.62529 1 ) ( -71.0049 46.1435 -8.88111 1 ) ( -70.8956 46.1809 -9.13118 1 ) ( -70.7756 46.2497 -9.3858 1 ) ( -70.6805 46.3322 -9.59403 1 ) ( -70.6089 46.4804 -9.81594 1 ) ( -70.5987 46.4961 -9.84123 1 ) 
( -71.6832 46.5813 -7.47632 1 ) ( -71.6716 46.5651 -7.49844 1 ) ( -71.5925 46.3891 -7.69991 1 ) ( -71.4953 46.2718 -7.89151 1 ) ( -71.3572 46.1856 -8.12881 1 ) ( -71.2273 46.1439 -8.37141 1 ) ( -71.1096 46.1307 -8.62462 1 ) ( -70.999 46.146 -8.88071 1 ) ( -70.8895 46.184 -9.13102 1 ) ( -70.7688 46.2534 -9.38572 1 ) ( -70.6726 46.3362 -9.59394 1 ) ( -70.6008 46.4856 -9.81573 1 ) ( -70.5906 46.5015 -9.84099 1 ) 
