 Knots U 
0 0 0 0 0.101024 0.201409 0.30223 0.402236 0.50353 0.604511 0.702393 0.801196 0.900679 1 1 1 1 
 Knots V 
0 0 0 0 0.0974589 0.19547 0.294168 0.394873 0.495762 0.596572 0.697412 0.798276 0.899153 1 1 1 1 
 Poles & Weights 
( -66.4642 54.0398 -7.21251 1 ) ( -66.4523 54.0289 -7.23745 1 ) ( -66.2928 53.9256 -7.44668 1 ) ( -66.2211 53.8284 -7.65882 1 ) ( -66.1258 53.702 -7.90181 1 ) ( -66.0565 53.5746 -8.1373 1 ) ( -66.0366 53.4483 -8.39162 1 ) ( -65.9936 53.3177 -8.64371 1 ) ( -66.0878 53.2112 -8.88287 1 ) ( -66.2401 53.1134 -9.11414 1 ) ( -66.282 53.0268 -9.33957 1 ) ( -66.4278 52.9223 -9.56305 1 ) ( -66.4465 52.9096 -9.57758 1 ) 
( -66.472 54.0733 -7.25204 1 ) ( -66.4603 54.0627 -7.27681 1 ) ( -66.3029 53.9634 -7.48487 1 ) ( -66.2325 53.8696 -7.69569 1 ) ( -66.1391 53.7474 -7.93731 1 ) ( -66.0718 53.624 -8.17161 1 ) ( -66.0537 53.5017 -8.4246 1 ) ( -66.013 53.3751 -8.67538 1 ) ( -66.1081 53.2725 -8.91347 1 ) ( -66.2611 53.1785 -9.1438 1 ) ( -66.3047 53.0952 -9.36807 1 ) ( -66.4519 52.9948 -9.59062 1 ) ( -66.4708 52.9825 -9.60514 1 ) 
( -66.3535 54.328 -7.55809 1 ) ( -66.3417 54.316 -7.58175 1 ) ( -66.1884 54.2019 -7.78274 1 ) ( -66.1161 54.0955 -7.98505 1 ) ( -66.0236 53.9591 -8.21804 1 ) ( -65.9587 53.8218 -8.44521 1 ) ( -65.9418 53.6854 -8.6898 1 ) ( -65.906 53.5455 -8.93247 1 ) ( -65.9943 53.4264 -9.16441 1 ) ( -66.1382 53.3154 -9.38975 1 ) ( -66.1845 53.2188 -9.60664 1 ) ( -66.3289 53.1042 -9.8242 1 ) ( -66.3473 53.0909 -9.83892 1 ) 
( -66.258 54.5522 -7.83138 1 ) ( -66.2444 54.5375 -7.85403 1 ) ( -66.0766 54.3952 -8.0486 1 ) ( -65.9867 54.2644 -8.24323 1 ) ( -65.8764 54.1 -8.46841 1 ) ( -65.7955 53.935 -8.68909 1 ) ( -65.7614 53.7712 -8.92608 1 ) ( -65.7122 53.6046 -9.16139 1 ) ( -65.776 53.4557 -9.38772 1 ) ( -65.8931 53.314 -9.60847 1 ) ( -65.9262 53.1927 -9.81868 1 ) ( -66.0497 53.0502 -10.0317 1 ) ( -66.066 53.0345 -10.0465 1 ) 
( -66.2123 54.8418 -8.15729 1 ) ( -66.1984 54.8265 -8.17874 1 ) ( -66.0319 54.6767 -8.36568 1 ) ( -65.9376 54.5398 -8.55116 1 ) ( -65.8254 54.3688 -8.76705 1 ) ( -65.7441 54.1973 -8.98001 1 ) ( -65.7084 54.0267 -9.20797 1 ) ( -65.6615 53.8542 -9.43452 1 ) ( -65.7153 53.6963 -9.65419 1 ) ( -65.8198 53.545 -9.86951 1 ) ( -65.8533 53.4166 -10.0718 1 ) ( -65.9709 53.2675 -10.2793 1 ) ( -65.9865 53.2516 -10.2944 1 ) 
( -66.1529 55.1157 -8.45737 1 ) ( -66.1393 55.0996 -8.47778 1 ) ( -65.9802 54.9427 -8.6583 1 ) ( -65.8869 54.7997 -8.83584 1 ) ( -65.7789 54.6223 -9.04378 1 ) ( -65.7033 54.4443 -9.25027 1 ) ( -65.672 54.2673 -9.47048 1 ) ( -65.6332 54.0888 -9.68955 1 ) ( -65.6835 53.9223 -9.90373 1 ) ( -65.7824 53.7617 -10.1147 1 ) ( -65.8214 53.6265 -10.3102 1 ) ( -65.9395 53.4709 -10.5134 1 ) ( -65.9551 53.4547 -10.5287 1 ) 
( -66.1096 55.3909 -8.77217 1 ) ( -66.096 55.3743 -8.79143 1 ) ( -65.941 55.2106 -8.96471 1 ) ( -65.8458 55.062 -9.13353 1 ) ( -65.7387 54.8788 -9.33262 1 ) ( -65.6657 54.695 -9.53178 1 ) ( -65.6355 54.5118 -9.74339 1 ) ( -65.6016 54.328 -9.95413 1 ) ( -65.6451 54.1533 -10.162 1 ) ( -65.7347 53.984 -10.3678 1 ) ( -65.7764 53.8424 -10.5557 1 ) ( -65.8917 53.6808 -10.7538 1 ) ( -65.9068 53.6643 -10.7693 1 ) 
( -66.0705 55.6644 -9.08919 1 ) ( -66.0567 55.6471 -9.1073 1 ) ( -65.9049 55.4764 -9.27323 1 ) ( -65.8069 55.3219 -9.43325 1 ) ( -65.6997 55.1324 -9.6234 1 ) ( -65.6282 54.9423 -9.81513 1 ) ( -65.5981 54.7528 -10.018 1 ) ( -65.5683 54.5633 -10.2204 1 ) ( -65.6038 54.38 -10.4218 1 ) ( -65.6832 54.2016 -10.6224 1 ) ( -65.7267 54.0532 -10.8026 1 ) ( -65.8381 53.8853 -10.9955 1 ) ( -65.8528 53.8685 -11.0112 1 ) 
( -66.0177 55.9402 -9.39582 1 ) ( -66.004 55.9223 -9.41285 1 ) ( -65.857 55.7443 -9.57208 1 ) ( -65.7578 55.5838 -9.72389 1 ) ( -65.6523 55.3879 -9.90578 1 ) ( -65.5839 55.1913 -10.0908 1 ) ( -65.5557 54.9953 -10.2856 1 ) ( -65.5316 54.7999 -10.4802 1 ) ( -65.5611 54.6079 -10.6758 1 ) ( -65.632 54.4201 -10.8718 1 ) ( -65.6789 54.2649 -11.045 1 ) ( -65.7882 54.0904 -11.2332 1 ) ( -65.8026 54.0734 -11.2492 1 ) 
( -65.9742 56.2238 -9.72166 1 ) ( -65.9605 56.2053 -9.73751 1 ) ( -65.8179 56.0203 -9.88921 1 ) ( -65.7168 55.8539 -10.032 1 ) ( -65.6124 55.6518 -10.2047 1 ) ( -65.5468 55.4491 -10.3821 1 ) ( -65.5198 55.2467 -10.568 1 ) ( -65.501 55.0457 -10.7539 1 ) ( -65.5235 54.8451 -10.943 1 ) ( -65.585 54.6482 -11.1336 1 ) ( -65.6348 54.4863 -11.299 1 ) ( -65.7413 54.3055 -11.4818 1 ) ( -65.7552 54.2883 -11.498 1 ) 
( -65.9418 56.4603 -9.99763 1 ) ( -65.9281 56.4413 -10.0124 1 ) ( -65.7895 56.2509 -10.1574 1 ) ( -65.6871 56.0801 -10.2923 1 ) ( -65.5839 55.8733 -10.4569 1 ) ( -65.5208 55.6659 -10.6274 1 ) ( -65.4952 55.4587 -10.8055 1 ) ( -65.481 55.2535 -10.9838 1 ) ( -65.4979 55.0462 -11.167 1 ) ( -65.5518 54.8421 -11.3527 1 ) ( -65.6042 54.675 -11.5111 1 ) ( -65.7086 54.4895 -11.6891 1 ) ( -65.7222 54.4721 -11.7053 1 ) 
( -65.8814 56.7389 -10.3006 1 ) ( -65.8678 56.7192 -10.3144 1 ) ( -65.7347 56.5213 -10.4531 1 ) ( -65.6316 56.3441 -10.5801 1 ) ( -65.5308 56.1306 -10.7369 1 ) ( -65.4715 55.9164 -10.9011 1 ) ( -65.4484 55.7023 -11.0715 1 ) ( -65.4406 55.4908 -11.2425 1 ) ( -65.4522 55.2746 -11.4203 1 ) ( -65.4983 55.0608 -11.6019 1 ) ( -65.5547 54.8866 -11.7536 1 ) ( -65.6576 54.6942 -11.9274 1 ) ( -65.671 54.6765 -11.9439 1 ) 
( -65.8808 56.7681 -10.3379 1 ) ( -65.8672 56.7483 -10.3515 1 ) ( -65.7339 56.5496 -10.4893 1 ) ( -65.6299 56.3717 -10.6152 1 ) ( -65.5285 56.1575 -10.7709 1 ) ( -65.4688 55.9426 -10.9342 1 ) ( -65.4452 55.7278 -11.1036 1 ) ( -65.4372 55.5157 -11.2734 1 ) ( -65.4473 55.2984 -11.4505 1 ) ( -65.4917 55.0836 -11.6314 1 ) ( -65.5478 54.9086 -11.7821 1 ) ( -65.6497 54.7155 -11.9552 1 ) ( -65.663 54.6978 -11.9718 1 ) 
