 Knots U 
0 0 0 0 0.0980892 0.196605 0.296426 0.396939 0.497107 0.597417 0.698048 0.798729 0.899229 1 1 1 1 
 Knots V 
0 0 0 0 0.100155 0.200323 0.30049 0.400636 0.500743 0.600789 0.700756 0.800624 0.900377 1 1 1 1 
 Poles & Weights 
( -71.6832 46.5813 -7.47632 1 ) ( -71.671 46.5643 -7.49992 1 ) ( -71.5917 46.3875 -7.70187 1 ) ( -71.4953 46.272 -7.89142 1 ) ( -71.3566 46.1852 -8.12993 1 ) ( -71.2275 46.144 -8.37097 1 ) ( -71.1095 46.1306 -8.62483 1 ) ( -70.9989 46.146 -8.88092 1 ) ( -70.8891 46.1842 -9.13188 1 ) ( -70.7686 46.2535 -9.38596 1 ) ( -70.6726 46.3363 -9.594 1 ) ( -70.6007 46.4858 -9.81615 1 ) ( -70.5906 46.5015 -9.84099 1 ) 
( -71.6798 46.5829 -7.47483 1 ) ( -71.6674 46.566 -7.49839 1 ) ( -71.5854 46.39 -7.6997 1 ) ( -71.4871 46.2751 -7.88908 1 ) ( -71.3469 46.1893 -8.12772 1 ) ( -71.2165 46.1488 -8.36895 1 ) ( -71.0972 46.1363 -8.62296 1 ) ( -70.9856 46.1528 -8.87928 1 ) ( -70.8748 46.1919 -9.13047 1 ) ( -70.7538 46.2622 -9.38485 1 ) ( -70.6574 46.3459 -9.5932 1 ) ( -70.585 46.496 -9.81564 1 ) ( -70.5749 46.5119 -9.84052 1 ) 
( -71.6498 46.5968 -7.46191 1 ) ( -71.6352 46.581 -7.48514 1 ) ( -71.5297 46.4123 -7.6807 1 ) ( -71.4148 46.3032 -7.86844 1 ) ( -71.2609 46.2254 -8.10816 1 ) ( -71.1189 46.1918 -8.35092 1 ) ( -70.9879 46.1868 -8.60617 1 ) ( -70.8679 46.2138 -8.86443 1 ) ( -70.7489 46.2611 -9.11755 1 ) ( -70.6221 46.3398 -9.37451 1 ) ( -70.5231 46.4314 -9.58551 1 ) ( -70.4462 46.5874 -9.81043 1 ) ( -70.4362 46.6045 -9.83568 1 ) 
( -71.6227 46.6084 -7.45149 1 ) ( -71.6064 46.5936 -7.47439 1 ) ( -71.4805 46.4315 -7.66455 1 ) ( -71.3512 46.328 -7.85055 1 ) ( -71.1856 46.2575 -8.09085 1 ) ( -71.0338 46.2303 -8.3346 1 ) ( -70.8928 46.2322 -8.59059 1 ) ( -70.7656 46.2687 -8.85021 1 ) ( -70.6397 46.3236 -9.10466 1 ) ( -70.5082 46.41 -9.36351 1 ) ( -70.4071 46.5089 -9.57653 1 ) ( -70.3266 46.6704 -9.80328 1 ) ( -70.3166 46.6887 -9.82882 1 ) 
( -71.5903 46.622 -7.43944 1 ) ( -71.5718 46.6084 -7.46193 1 ) ( -71.4218 46.4545 -7.64549 1 ) ( -71.2756 46.3575 -7.82928 1 ) ( -71.0961 46.296 -8.07009 1 ) ( -70.9327 46.2767 -8.31486 1 ) ( -70.78 46.287 -8.57155 1 ) ( -70.6445 46.335 -8.83262 1 ) ( -70.5105 46.399 -9.0885 1 ) ( -70.3736 46.4949 -9.34943 1 ) ( -70.2701 46.6026 -9.56471 1 ) ( -70.1854 46.7709 -9.79347 1 ) ( -70.1754 46.7905 -9.81934 1 ) 
( -71.5589 46.6347 -7.42839 1 ) ( -71.5383 46.6223 -7.45045 1 ) ( -71.3655 46.4765 -7.62745 1 ) ( -71.2033 46.3861 -7.8089 1 ) ( -71.0109 46.3335 -8.04995 1 ) ( -70.8365 46.3219 -8.29545 1 ) ( -70.6729 46.3406 -8.55257 1 ) ( -70.5296 46.3999 -8.81476 1 ) ( -70.3881 46.4729 -9.07177 1 ) ( -70.2461 46.5782 -9.33444 1 ) ( -70.1405 46.6945 -9.55166 1 ) ( -70.0521 46.8695 -9.78209 1 ) ( -70.0422 46.8905 -9.80825 1 ) 
( -71.5269 46.6475 -7.41744 1 ) ( -71.5044 46.6363 -7.43906 1 ) ( -71.3086 46.4988 -7.60926 1 ) ( -71.1304 46.4154 -7.78818 1 ) ( -70.925 46.3719 -8.02929 1 ) ( -70.7399 46.3684 -8.27536 1 ) ( -70.5653 46.3957 -8.53273 1 ) ( -70.4144 46.4667 -8.79589 1 ) ( -70.2654 46.5491 -9.05386 1 ) ( -70.1186 46.664 -9.3181 1 ) ( -70.011 46.7892 -9.53714 1 ) ( -69.919 46.9713 -9.76909 1 ) ( -69.9092 46.9936 -9.79551 1 ) 
( -71.495 46.6603 -7.4066 1 ) ( -71.4704 46.6503 -7.42775 1 ) ( -71.2519 46.5215 -7.59099 1 ) ( -71.0578 46.445 -7.76725 1 ) ( -70.8397 46.4111 -8.00826 1 ) ( -70.6439 46.4158 -8.25474 1 ) ( -70.4586 46.452 -8.51219 1 ) ( -70.3002 46.5348 -8.77617 1 ) ( -70.144 46.6268 -9.03494 1 ) ( -69.9925 46.7516 -9.30059 1 ) ( -69.8832 46.886 -9.5213 1 ) ( -69.7877 47.0753 -9.75462 1 ) ( -69.7781 47.0991 -9.78129 1 ) 
( -71.4635 46.673 -7.39584 1 ) ( -71.4369 46.6644 -7.41652 1 ) ( -71.1961 46.5442 -7.57275 1 ) ( -70.9865 46.4749 -7.74628 1 ) ( -70.7559 46.4504 -7.98707 1 ) ( -70.5497 46.4635 -8.23384 1 ) ( -70.354 46.5087 -8.49126 1 ) ( -70.1883 46.6035 -8.75592 1 ) ( -70.0251 46.7051 -9.01537 1 ) ( -69.8692 46.8399 -9.28229 1 ) ( -69.7582 46.9834 -9.50456 1 ) ( -69.6595 47.1802 -9.73911 1 ) ( -69.65 47.2053 -9.76601 1 ) 
( -71.4309 46.6866 -7.38432 1 ) ( -71.4022 46.6793 -7.40449 1 ) ( -71.1383 46.5684 -7.55331 1 ) ( -70.9126 46.5068 -7.7239 1 ) ( -70.6692 46.4925 -7.96436 1 ) ( -70.4524 46.5145 -8.21134 1 ) ( -70.2459 46.5693 -8.46864 1 ) ( -70.0728 46.6767 -8.73392 1 ) ( -69.9025 46.7887 -8.99398 1 ) ( -69.7421 46.9341 -9.26213 1 ) ( -69.6296 47.0874 -9.48594 1 ) ( -69.5277 47.292 -9.72168 1 ) ( -69.5184 47.3187 -9.74881 1 ) 
( -71.4036 46.6983 -7.37447 1 ) ( -71.3733 46.6921 -7.39422 1 ) ( -71.09 46.5891 -7.53677 1 ) ( -70.8509 46.534 -7.70485 1 ) ( -70.5968 46.5283 -7.94498 1 ) ( -70.3711 46.5579 -8.19209 1 ) ( -70.1557 46.6209 -8.44925 1 ) ( -69.9766 46.7391 -8.715 1 ) ( -69.8004 46.8598 -8.97554 1 ) ( -69.6363 47.0142 -9.24467 1 ) ( -69.5226 47.1758 -9.46974 1 ) ( -69.4181 47.3872 -9.70644 1 ) ( -69.4089 47.4151 -9.73376 1 ) 
( -71.3733 46.7123 -7.36248 1 ) ( -71.341 46.7075 -7.38173 1 ) ( -71.0358 46.6137 -7.5171 1 ) ( -70.7816 46.5661 -7.6823 1 ) ( -70.5155 46.5705 -7.92203 1 ) ( -70.2799 46.609 -8.16927 1 ) ( -70.0544 46.6815 -8.42623 1 ) ( -69.8685 46.8121 -8.6925 1 ) ( -69.6858 46.943 -8.95355 1 ) ( -69.5177 47.1079 -9.22378 1 ) ( -69.4028 47.2792 -9.45026 1 ) ( -69.2955 47.4985 -9.68803 1 ) ( -69.2865 47.5278 -9.71556 1 ) 
( -71.3699 46.7139 -7.3611 1 ) ( -71.3374 46.7092 -7.38029 1 ) ( -71.0297 46.6165 -7.51486 1 ) ( -70.7738 46.5698 -7.67974 1 ) ( -70.5064 46.5753 -7.91943 1 ) ( -70.2696 46.6148 -8.16668 1 ) ( -70.0431 46.6884 -8.42362 1 ) ( -69.8564 46.8204 -8.68994 1 ) ( -69.6729 46.9524 -8.95105 1 ) ( -69.5044 47.1186 -9.22141 1 ) ( -69.3894 47.2909 -9.44805 1 ) ( -69.2818 47.5111 -9.68594 1 ) ( -69.2728 47.5406 -9.7135 1 ) 
