 Knots U 
0 0 0 0 0.101095 0.201178 0.30017 0.399447 0.499565 0.600051 0.700265 0.799907 0.899559 1 1 1 1 
 Knots V 
0 0 0 0 0.05 0.1 0.15 0.2 0.25 0.3 0.35 0.4 0.45 0.5 0.55 0.6 0.65 0.7 0.75 0.8 0.85 0.9 0.95 1 1 1 1 
 Poles & Weights 
( -79.9474 42.94 14.7761 1 ) ( -79.9653 42.9517 14.7756 1 ) ( -80.118 43.0623 14.7732 1 ) ( -80.2464 43.1658 14.7718 1 ) ( -80.3852 43.3035 14.7726 1 ) ( -80.4932 43.4572 14.7772 1 ) ( -80.5777 43.6276 14.7823 1 ) ( -80.6355 43.8092 14.7849 1 ) ( -80.6663 43.9952 14.7821 1 ) ( -80.666 44.1917 14.7795 1 ) ( -80.6424 44.3553 14.7819 1 ) ( -80.5964 44.5371 14.7878 1 ) ( -80.5921 44.5579 14.7886 1 ) 
( -79.9473 42.9402 14.7228 1 ) ( -79.9652 42.9519 14.7222 1 ) ( -80.1179 43.0624 14.7198 1 ) ( -80.2462 43.166 14.7185 1 ) ( -80.3851 43.3037 14.7193 1 ) ( -80.493 43.4574 14.7239 1 ) ( -80.5775 43.6278 14.7289 1 ) ( -80.6353 43.8094 14.7316 1 ) ( -80.6661 43.9954 14.7287 1 ) ( -80.6657 44.1919 14.7262 1 ) ( -80.6421 44.3555 14.7285 1 ) ( -80.5962 44.5373 14.7344 1 ) ( -80.5919 44.5581 14.7352 1 ) 
( -79.9461 42.9416 14.2465 1 ) ( -79.964 42.9533 14.246 1 ) ( -80.1167 43.064 14.2436 1 ) ( -80.245 43.1676 14.2422 1 ) ( -80.3837 43.3053 14.243 1 ) ( -80.4915 43.4592 14.2476 1 ) ( -80.5759 43.6296 14.2528 1 ) ( -80.6335 43.8113 14.2555 1 ) ( -80.6643 43.9973 14.2526 1 ) ( -80.6638 44.1938 14.25 1 ) ( -80.6401 44.3574 14.2521 1 ) ( -80.594 44.5392 14.2576 1 ) ( -80.5897 44.56 14.2584 1 ) 
( -79.9451 42.9428 13.8292 1 ) ( -79.963 42.9546 13.8287 1 ) ( -80.1156 43.0653 13.8263 1 ) ( -80.2439 43.169 13.8249 1 ) ( -80.3825 43.3068 13.8257 1 ) ( -80.4902 43.4607 13.8304 1 ) ( -80.5744 43.6312 13.8356 1 ) ( -80.6319 43.813 13.8383 1 ) ( -80.6626 43.999 13.8355 1 ) ( -80.6621 44.1955 13.8327 1 ) ( -80.6382 44.3591 13.8347 1 ) ( -80.5921 44.5408 13.8399 1 ) ( -80.5878 44.5617 13.8406 1 ) 
( -79.9439 42.9443 13.3323 1 ) ( -79.9618 42.9561 13.3318 1 ) ( -80.1144 43.0669 13.3293 1 ) ( -80.2425 43.1707 13.328 1 ) ( -80.3811 43.3086 13.3288 1 ) ( -80.4887 43.4626 13.3335 1 ) ( -80.5727 43.6332 13.3388 1 ) ( -80.63 43.815 13.3416 1 ) ( -80.6607 44.001 13.3387 1 ) ( -80.66 44.1975 13.3359 1 ) ( -80.636 44.3611 13.3376 1 ) ( -80.5898 44.5428 13.3425 1 ) ( -80.5855 44.5637 13.3431 1 ) 
( -79.9427 42.9457 12.8568 1 ) ( -79.9606 42.9575 12.8562 1 ) ( -80.1131 43.0685 12.8537 1 ) ( -80.2413 43.1723 12.8524 1 ) ( -80.3798 43.3103 12.8532 1 ) ( -80.4872 43.4643 12.858 1 ) ( -80.571 43.635 12.8633 1 ) ( -80.6282 43.8169 12.8661 1 ) ( -80.6589 44.003 12.8633 1 ) ( -80.6581 44.1994 12.8604 1 ) ( -80.6339 44.363 12.8619 1 ) ( -80.5877 44.5447 12.8664 1 ) ( -80.5833 44.5656 12.867 1 ) 
( -79.9415 42.9471 12.3755 1 ) ( -79.9594 42.9589 12.3749 1 ) ( -80.1119 43.07 12.3724 1 ) ( -80.24 43.174 12.3711 1 ) ( -80.3784 43.312 12.3719 1 ) ( -80.4857 43.4661 12.3767 1 ) ( -80.5694 43.6369 12.3822 1 ) ( -80.6264 43.8189 12.385 1 ) ( -80.657 44.0049 12.3822 1 ) ( -80.6561 44.2013 12.3792 1 ) ( -80.6318 44.3649 12.3805 1 ) ( -80.5855 44.5467 12.3846 1 ) ( -80.581 44.5675 12.3852 1 ) 
( -79.9404 42.9486 11.8957 1 ) ( -79.9583 42.9604 11.8951 1 ) ( -80.1107 43.0716 11.8927 1 ) ( -80.2387 43.1756 11.8913 1 ) ( -80.3771 43.3137 11.8921 1 ) ( -80.4842 43.4678 11.897 1 ) ( -80.5677 43.6387 11.9025 1 ) ( -80.6246 43.8208 11.9054 1 ) ( -80.6551 44.0069 11.9026 1 ) ( -80.6541 44.2033 11.8995 1 ) ( -80.6297 44.3668 11.9006 1 ) ( -80.5833 44.5486 11.9043 1 ) ( -80.5788 44.5694 11.9049 1 ) 
( -79.9392 42.95 11.4155 1 ) ( -79.9571 42.9618 11.415 1 ) ( -80.1095 43.0731 11.4125 1 ) ( -80.2374 43.1773 11.4111 1 ) ( -80.3757 43.3154 11.412 1 ) ( -80.4827 43.4696 11.4169 1 ) ( -80.566 43.6406 11.4225 1 ) ( -80.6228 43.8227 11.4254 1 ) ( -80.6533 44.0088 11.4226 1 ) ( -80.6522 44.2052 11.4194 1 ) ( -80.6276 44.3687 11.4203 1 ) ( -80.5811 44.5505 11.4236 1 ) ( -80.5766 44.5713 11.4241 1 ) 
( -79.938 42.9514 10.9355 1 ) ( -79.9559 42.9632 10.9349 1 ) ( -80.1082 43.0747 10.9324 1 ) ( -80.2362 43.1789 10.931 1 ) ( -80.3744 43.3171 10.9319 1 ) ( -80.4812 43.4714 10.9368 1 ) ( -80.5643 43.6425 10.9425 1 ) ( -80.621 43.8246 10.9455 1 ) ( -80.6514 44.0108 10.9427 1 ) ( -80.6502 44.2071 10.9394 1 ) ( -80.6255 44.3706 10.9401 1 ) ( -80.5789 44.5524 10.943 1 ) ( -80.5744 44.5732 10.9435 1 ) 
( -79.9368 42.9528 10.4554 1 ) ( -79.9547 42.9647 10.4548 1 ) ( -80.107 43.0762 10.4523 1 ) ( -80.2349 43.1805 10.4509 1 ) ( -80.373 43.3188 10.4518 1 ) ( -80.4797 43.4731 10.4568 1 ) ( -80.5627 43.6443 10.4625 1 ) ( -80.6191 43.8266 10.4655 1 ) ( -80.6496 44.0127 10.4627 1 ) ( -80.6482 44.2091 10.4594 1 ) ( -80.6234 44.3725 10.4599 1 ) ( -80.5767 44.5543 10.4624 1 ) ( -80.5721 44.5751 10.4629 1 ) 
( -79.9356 42.9542 9.97529 1 ) ( -79.9535 42.9661 9.97472 1 ) ( -80.1058 43.0778 9.97221 1 ) ( -80.2336 43.1822 9.97082 1 ) ( -80.3716 43.3206 9.97171 1 ) ( -80.4783 43.4749 9.97674 1 ) ( -80.561 43.6462 9.98257 1 ) ( -80.6173 43.8285 9.9856 1 ) ( -80.6477 44.0147 9.98279 1 ) ( -80.6463 44.211 9.97937 1 ) ( -80.6213 44.3744 9.97966 1 ) ( -80.5745 44.5562 9.98181 1 ) ( -80.5699 44.577 9.98227 1 ) 
( -79.9345 42.9557 9.49521 1 ) ( -79.9524 42.9676 9.49463 1 ) ( -80.1046 43.0793 9.49212 1 ) ( -80.2323 43.1838 9.49072 1 ) ( -80.3703 43.3223 9.49162 1 ) ( -80.4768 43.4767 9.4967 1 ) ( -80.5593 43.6481 9.5026 1 ) ( -80.6155 43.8304 9.50567 1 ) ( -80.6458 44.0167 9.50287 1 ) ( -80.6443 44.2129 9.49935 1 ) ( -80.6192 44.3763 9.49944 1 ) ( -80.5723 44.5582 9.50121 1 ) ( -80.5677 44.579 9.50164 1 ) 
( -79.9333 42.9571 9.01512 1 ) ( -79.9512 42.969 9.01454 1 ) ( -80.1033 43.0809 9.01201 1 ) ( -80.231 43.1855 9.01062 1 ) ( -80.3689 43.324 9.01152 1 ) ( -80.4753 43.4784 9.01664 1 ) ( -80.5576 43.6499 9.02262 1 ) ( -80.6137 43.8324 9.02573 1 ) ( -80.644 44.0186 9.02293 1 ) ( -80.6423 44.2148 9.01933 1 ) ( -80.617 44.3782 9.01921 1 ) ( -80.5701 44.5601 9.02061 1 ) ( -80.5655 44.5809 9.021 1 ) 
( -79.9321 42.9585 8.53506 1 ) ( -79.95 42.9704 8.53448 1 ) ( -80.1021 43.0824 8.53194 1 ) ( -80.2298 43.1871 8.53054 1 ) ( -80.3676 43.3257 8.53146 1 ) ( -80.4738 43.4802 8.53662 1 ) ( -80.556 43.6518 8.54267 1 ) ( -80.6119 43.8343 8.54582 1 ) ( -80.6421 44.0206 8.54303 1 ) ( -80.6403 44.2168 8.53934 1 ) ( -80.6149 44.3802 8.53902 1 ) ( -80.568 44.562 8.54003 1 ) ( -80.5633 44.5828 8.5404 1 ) 
( -79.9309 42.9599 8.05489 1 ) ( -79.9488 42.9719 8.0543 1 ) ( -80.1009 43.084 8.05176 1 ) ( -80.2285 43.1888 8.05035 1 ) ( -80.3662 43.3274 8.05128 1 ) ( -80.4723 43.482 8.05649 1 ) ( -80.5543 43.6536 8.06261 1 ) ( -80.6101 43.8362 8.0658 1 ) ( -80.6403 44.0225 8.06301 1 ) ( -80.6384 44.2187 8.05924 1 ) ( -80.6128 44.3821 8.05871 1 ) ( -80.5658 44.5639 8.05934 1 ) ( -80.561 44.5847 8.05968 1 ) 
( -79.9298 42.9613 7.57512 1 ) ( -79.9476 42.9733 7.57454 1 ) ( -80.0997 43.0855 7.57198 1 ) ( -80.2272 43.1904 7.57058 1 ) ( -80.3649 43.3291 7.57151 1 ) ( -80.4708 43.4837 7.57676 1 ) ( -80.5526 43.6555 7.58297 1 ) ( -80.6082 43.8382 7.5862 1 ) ( -80.6384 44.0245 7.58341 1 ) ( -80.6364 44.2206 7.57955 1 ) ( -80.6107 44.384 7.57881 1 ) ( -80.5636 44.5658 7.57907 1 ) ( -80.5588 44.5866 7.57937 1 ) 
( -79.9286 42.9628 7.09383 1 ) ( -79.9465 42.9747 7.09325 1 ) ( -80.0984 43.0871 7.09068 1 ) ( -80.2259 43.192 7.08927 1 ) ( -80.3635 43.3308 7.09021 1 ) ( -80.4693 43.4855 7.09551 1 ) ( -80.5509 43.6574 7.10179 1 ) ( -80.6064 43.8401 7.10506 1 ) ( -80.6365 44.0264 7.10227 1 ) ( -80.6344 44.2226 7.09833 1 ) ( -80.6086 44.3859 7.09738 1 ) ( -80.5614 44.5677 7.09726 1 ) ( -80.5566 44.5885 7.09753 1 ) 
( -79.9274 42.9642 6.61825 1 ) ( -79.9453 42.9762 6.61767 1 ) ( -80.0972 43.0886 6.61509 1 ) ( -80.2247 43.1937 6.61368 1 ) ( -80.3622 43.3325 6.61463 1 ) ( -80.4678 43.4872 6.61997 1 ) ( -80.5493 43.6592 6.62632 1 ) ( -80.6046 43.842 6.62963 1 ) ( -80.6347 44.0284 6.62685 1 ) ( -80.6325 44.2245 6.62282 1 ) ( -80.6065 44.3878 6.62167 1 ) ( -80.5592 44.5696 6.62117 1 ) ( -80.5544 44.5904 6.62141 1 ) 
( -79.9262 42.9656 6.12135 1 ) ( -79.9441 42.9777 6.12076 1 ) ( -80.0959 43.0902 6.11817 1 ) ( -80.2233 43.1954 6.11676 1 ) ( -80.3608 43.3343 6.11771 1 ) ( -80.4663 43.4891 6.12311 1 ) ( -80.5475 43.6611 6.12954 1 ) ( -80.6027 43.844 6.13288 1 ) ( -80.6328 44.0304 6.13011 1 ) ( -80.6304 44.2265 6.12599 1 ) ( -80.6043 44.3898 6.12463 1 ) ( -80.5569 44.5716 6.12373 1 ) ( -80.5521 44.5924 6.12394 1 ) 
( -79.9252 42.9669 5.70404 1 ) ( -79.943 42.9789 5.70345 1 ) ( -80.0949 43.0915 5.70085 1 ) ( -80.2222 43.1968 5.69944 1 ) ( -80.3596 43.3358 5.7004 1 ) ( -80.465 43.4906 5.70583 1 ) ( -80.5461 43.6628 5.71233 1 ) ( -80.6012 43.8457 5.71571 1 ) ( -80.6311 44.0321 5.71294 1 ) ( -80.6287 44.2282 5.70875 1 ) ( -80.6025 44.3914 5.7072 1 ) ( -80.555 44.5733 5.70598 1 ) ( -80.5502 44.5941 5.70616 1 ) 
( -79.924 42.9683 5.22779 1 ) ( -79.9419 42.9803 5.2272 1 ) ( -80.0937 43.0931 5.22459 1 ) ( -80.221 43.1984 5.22318 1 ) ( -80.3582 43.3375 5.22414 1 ) ( -80.4635 43.4924 5.22962 1 ) ( -80.5444 43.6646 5.23619 1 ) ( -80.5994 43.8476 5.23961 1 ) ( -80.6293 44.034 5.23684 1 ) ( -80.6268 44.2301 5.23256 1 ) ( -80.6004 44.3933 5.23081 1 ) ( -80.5529 44.5752 5.22921 1 ) ( -80.548 44.596 5.22937 1 ) 
( -79.9239 42.9684 5.17445 1 ) ( -79.9417 42.9805 5.17385 1 ) ( -80.0935 43.0932 5.17124 1 ) ( -80.2208 43.1986 5.16983 1 ) ( -80.3581 43.3376 5.17079 1 ) ( -80.4633 43.4926 5.17628 1 ) ( -80.5442 43.6648 5.18286 1 ) ( -80.5992 43.8478 5.18628 1 ) ( -80.6291 44.0342 5.18351 1 ) ( -80.6266 44.2303 5.17923 1 ) ( -80.6001 44.3935 5.17746 1 ) ( -80.5526 44.5754 5.17581 1 ) ( -80.5477 44.5962 5.17596 1 ) 
