 Knots U 
0 0 0 0 0.0992912 0.198488 0.29821 0.398641 0.498875 0.599155 0.699615 0.799964 0.900093 1 1 1 1 
 Knots V 
0 0 0 0 0.0474723 0.0991448 0.149363 0.199374 0.249608 0.299755 0.349886 0.399999 0.450195 0.500509 0.550629 0.600923 0.651083 0.701191 0.751471 0.801859 0.85221 0.903255 0.95186 1 1 1 1 
 Poles & Weights 
( -71.3436 46.0573 -9.84332 1 ) ( -71.3643 46.0478 -9.84339 1 ) ( -71.5427 45.9635 -9.8428 1 ) ( -71.7016 45.8912 -9.84351 1 ) ( -71.8911 45.8092 -9.84611 1 ) ( -72.0732 45.7377 -9.85173 1 ) ( -72.2615 45.6732 -9.86155 1 ) ( -72.4522 45.6171 -9.87525 1 ) ( -72.6423 45.5687 -9.89171 1 ) ( -72.8432 45.5253 -9.91157 1 ) ( -73.0129 45.4924 -9.92951 1 ) ( -73.2077 45.4613 -9.95124 1 ) ( -73.2298 45.4579 -9.95372 1 ) 
( -71.3425 46.0888 -9.86452 1 ) ( -71.363 46.0789 -9.8648 1 ) ( -71.5402 45.9905 -9.86617 1 ) ( -71.698 45.9146 -9.86882 1 ) ( -71.8861 45.8282 -9.87352 1 ) ( -72.067 45.7524 -9.88096 1 ) ( -72.2541 45.6835 -9.89254 1 ) ( -72.4436 45.6232 -9.90798 1 ) ( -72.6325 45.5706 -9.92611 1 ) ( -72.8321 45.5229 -9.94772 1 ) ( -73.0008 45.4864 -9.96712 1 ) ( -73.1943 45.4512 -9.9905 1 ) ( -73.2163 45.4473 -9.99317 1 ) 
( -71.3469 46.3112 -10.0832 1 ) ( -71.3668 46.3006 -10.0837 1 ) ( -71.538 46.206 -10.088 1 ) ( -71.6901 46.1252 -10.0947 1 ) ( -71.8715 46.0313 -10.1027 1 ) ( -72.0462 45.9472 -10.1119 1 ) ( -72.2272 45.8707 -10.1246 1 ) ( -72.411 45.8037 -10.1409 1 ) ( -72.5943 45.7447 -10.1596 1 ) ( -72.7879 45.6903 -10.1817 1 ) ( -72.9514 45.6482 -10.2016 1 ) ( -73.1391 45.607 -10.2253 1 ) ( -73.1604 45.6025 -10.2281 1 ) 
( -71.3527 46.5433 -10.1161 1 ) ( -71.3725 46.5338 -10.1167 1 ) ( -71.5424 46.4479 -10.1224 1 ) ( -71.693 46.3752 -10.1318 1 ) ( -71.8727 46.2896 -10.1415 1 ) ( -72.0458 46.2128 -10.1514 1 ) ( -72.2255 46.1441 -10.1643 1 ) ( -72.4081 46.0856 -10.1805 1 ) ( -72.5904 46.0353 -10.199 1 ) ( -72.7827 45.9898 -10.2209 1 ) ( -72.9452 45.9553 -10.2404 1 ) ( -73.1316 45.9231 -10.2638 1 ) ( -73.1528 45.9197 -10.2665 1 ) 
( -71.3617 46.8611 -10.1328 1 ) ( -71.3809 46.8512 -10.1343 1 ) ( -71.5457 46.7622 -10.1479 1 ) ( -71.6916 46.6872 -10.1659 1 ) ( -71.8656 46.5972 -10.1843 1 ) ( -72.0333 46.515 -10.2009 1 ) ( -72.2079 46.4418 -10.2201 1 ) ( -72.3858 46.3796 -10.2422 1 ) ( -72.5634 46.3259 -10.2663 1 ) ( -72.7508 46.2768 -10.294 1 ) ( -72.9091 46.2393 -10.3184 1 ) ( -73.0906 46.2042 -10.3471 1 ) ( -73.1111 46.2004 -10.3505 1 ) 
( -71.3677 47.1497 -10.1411 1 ) ( -71.3866 47.14 -10.1431 1 ) ( -71.5478 47.0526 -10.1617 1 ) ( -71.6902 46.9795 -10.1856 1 ) ( -71.86 46.89 -10.2094 1 ) ( -72.0239 46.8075 -10.2299 1 ) ( -72.1949 46.7346 -10.2525 1 ) ( -72.3694 46.6735 -10.2776 1 ) ( -72.5438 46.6212 -10.3045 1 ) ( -72.7277 46.5735 -10.335 1 ) ( -72.883 46.5372 -10.3617 1 ) ( -73.061 46.5039 -10.3931 1 ) ( -73.0811 46.5003 -10.3967 1 ) 
( -71.3681 47.4423 -10.1306 1 ) ( -71.3867 47.4328 -10.1331 1 ) ( -71.5452 47.3466 -10.1574 1 ) ( -71.6847 47.2751 -10.188 1 ) ( -71.8512 47.186 -10.2181 1 ) ( -72.012 47.1027 -10.2433 1 ) ( -72.1802 47.0298 -10.2701 1 ) ( -72.3522 46.9695 -10.299 1 ) ( -72.5242 46.9183 -10.3295 1 ) ( -72.7054 46.8717 -10.3636 1 ) ( -72.8584 46.8363 -10.3934 1 ) ( -73.0337 46.8046 -10.4282 1 ) ( -73.0535 46.8012 -10.4322 1 ) 
( -71.389 47.7359 -10.1122 1 ) ( -71.4071 47.7266 -10.1153 1 ) ( -71.561 47.6415 -10.145 1 ) ( -71.6962 47.5714 -10.182 1 ) ( -71.8575 47.4824 -10.2181 1 ) ( -72.0134 47.3982 -10.2476 1 ) ( -72.1771 47.3251 -10.2783 1 ) ( -72.3448 47.2655 -10.3107 1 ) ( -72.5126 47.2152 -10.3444 1 ) ( -72.6893 47.1695 -10.3819 1 ) ( -72.8383 47.1349 -10.4145 1 ) ( -73.0092 47.1045 -10.4522 1 ) ( -73.0285 47.1013 -10.4567 1 ) 
( -71.44 48.0278 -10.0993 1 ) ( -71.4572 48.0187 -10.1029 1 ) ( -71.6039 47.9351 -10.1373 1 ) ( -71.7323 47.8667 -10.1801 1 ) ( -71.8856 47.7781 -10.2214 1 ) ( -72.034 47.6934 -10.2546 1 ) ( -72.1903 47.6204 -10.2883 1 ) ( -72.351 47.5618 -10.3235 1 ) ( -72.5119 47.5127 -10.3598 1 ) ( -72.6812 47.4683 -10.3998 1 ) ( -72.8241 47.4347 -10.4346 1 ) ( -72.9877 47.406 -10.4747 1 ) ( -73.0063 47.403 -10.4794 1 ) 
( -71.3978 48.3178 -10.0727 1 ) ( -71.4154 48.3089 -10.0766 1 ) ( -71.5646 48.227 -10.1152 1 ) ( -71.6949 48.1606 -10.1631 1 ) ( -71.8504 48.0729 -10.2089 1 ) ( -72.0011 47.9879 -10.2452 1 ) ( -72.16 47.9154 -10.2814 1 ) ( -72.3235 47.8581 -10.3187 1 ) ( -72.4873 47.8105 -10.3569 1 ) ( -72.6596 47.7677 -10.3989 1 ) ( -72.8048 47.7355 -10.4352 1 ) ( -72.9712 47.7088 -10.477 1 ) ( -72.99 47.706 -10.4819 1 ) 
( -71.3544 48.6091 -10.0682 1 ) ( -71.3723 48.6004 -10.0726 1 ) ( -71.524 48.52 -10.1158 1 ) ( -71.656 48.4554 -10.1693 1 ) ( -71.8137 48.3681 -10.2202 1 ) ( -71.9664 48.2826 -10.26 1 ) ( -72.1278 48.2103 -10.2993 1 ) ( -72.2941 48.154 -10.3392 1 ) ( -72.4607 48.1077 -10.3798 1 ) ( -72.6358 48.0662 -10.4242 1 ) ( -72.7833 48.0351 -10.4625 1 ) ( -72.9521 48.0101 -10.5066 1 ) ( -72.9712 48.0075 -10.5118 1 ) 
( -71.3964 48.9007 -10.1181 1 ) ( -71.4136 48.8922 -10.1222 1 ) ( -71.5595 48.8131 -10.1634 1 ) ( -71.6861 48.7502 -10.2167 1 ) ( -71.8373 48.6633 -10.2659 1 ) ( -71.984 48.5772 -10.3026 1 ) ( -72.1396 48.5049 -10.3383 1 ) ( -72.3003 48.4496 -10.3742 1 ) ( -72.4615 48.4044 -10.4106 1 ) ( -72.6307 48.364 -10.4507 1 ) ( -72.7733 48.3339 -10.4853 1 ) ( -72.9365 48.3106 -10.525 1 ) ( -72.9549 48.3082 -10.5297 1 ) 
( -71.35 49.1816 -10.1918 1 ) ( -71.3676 49.1735 -10.1955 1 ) ( -71.516 49.0969 -10.2343 1 ) ( -71.6445 49.0367 -10.2871 1 ) ( -71.7979 48.9514 -10.334 1 ) ( -71.9467 48.8657 -10.3673 1 ) ( -72.1049 48.7948 -10.3988 1 ) ( -72.2685 48.7415 -10.4302 1 ) ( -72.4325 48.6987 -10.462 1 ) ( -72.6046 48.6607 -10.4972 1 ) ( -72.7496 48.6327 -10.5276 1 ) ( -72.9153 48.6121 -10.5625 1 ) ( -72.9341 48.61 -10.5667 1 ) 
( -71.2659 49.4475 -10.2894 1 ) ( -71.2842 49.4398 -10.2928 1 ) ( -71.4383 49.3666 -10.3283 1 ) ( -71.5715 49.3099 -10.3798 1 ) ( -71.7305 49.2272 -10.4237 1 ) ( -71.8848 49.143 -10.4527 1 ) ( -72.0487 49.0742 -10.4793 1 ) ( -72.2185 49.024 -10.5055 1 ) ( -72.3886 48.9844 -10.5319 1 ) ( -72.5669 48.9497 -10.5613 1 ) ( -72.717 48.9245 -10.5869 1 ) ( -72.8887 48.9076 -10.6162 1 ) ( -72.9081 48.906 -10.6198 1 ) 
( -71.1919 49.7047 -10.4099 1 ) ( -71.2107 49.6976 -10.4127 1 ) ( -71.3689 49.6285 -10.4445 1 ) ( -71.5054 49.5758 -10.4942 1 ) ( -71.6683 49.4962 -10.5343 1 ) ( -71.8264 49.4141 -10.5585 1 ) ( -71.9946 49.3482 -10.5796 1 ) ( -72.1688 49.3016 -10.5999 1 ) ( -72.3434 49.2658 -10.6203 1 ) ( -72.5263 49.2352 -10.6434 1 ) ( -72.6802 49.2133 -10.6637 1 ) ( -72.8561 49.2007 -10.6867 1 ) ( -72.8759 49.1996 -10.6896 1 ) 
( -71.0715 49.9456 -10.5303 1 ) ( -71.0913 49.939 -10.5328 1 ) ( -71.2576 49.8751 -10.5625 1 ) ( -71.4009 49.8275 -10.612 1 ) ( -71.572 49.7523 -10.6502 1 ) ( -71.7378 49.6734 -10.6713 1 ) ( -71.9143 49.6114 -10.6886 1 ) ( -72.0971 49.5696 -10.7048 1 ) ( -72.2802 49.5388 -10.7209 1 ) ( -72.4719 49.5134 -10.7395 1 ) ( -72.6331 49.4959 -10.756 1 ) ( -72.8172 49.4888 -10.7745 1 ) ( -72.838 49.4883 -10.7769 1 ) 
( -70.972 50.1874 -10.6648 1 ) ( -70.9924 50.1814 -10.667 1 ) ( -71.1644 50.1219 -10.6948 1 ) ( -71.3124 50.0786 -10.7441 1 ) ( -71.489 50.007 -10.7806 1 ) ( -71.6602 49.9305 -10.7986 1 ) ( -71.8425 49.8717 -10.8123 1 ) ( -72.0313 49.8339 -10.8245 1 ) ( -72.2204 49.8073 -10.8365 1 ) ( -72.4183 49.7862 -10.8507 1 ) ( -72.5846 49.7724 -10.8634 1 ) ( -72.7746 49.77 -10.8776 1 ) ( -72.796 49.77 -10.8796 1 ) 
( -70.9118 50.4405 -10.8028 1 ) ( -70.9325 50.4349 -10.8048 1 ) ( -71.106 50.3782 -10.8312 1 ) ( -71.2551 50.338 -10.8808 1 ) ( -71.433 50.2685 -10.916 1 ) ( -71.6055 50.1928 -10.9317 1 ) ( -71.7895 50.1357 -10.9422 1 ) ( -71.9803 50.1004 -10.951 1 ) ( -72.1714 50.0765 -10.9594 1 ) ( -72.3712 50.0583 -10.9697 1 ) ( -72.5391 50.0468 -10.9792 1 ) ( -72.7308 50.0476 -10.9896 1 ) ( -72.7524 50.048 -10.9911 1 ) 
( -70.8581 50.7042 -10.9096 1 ) ( -70.8789 50.6989 -10.9117 1 ) ( -71.0537 50.6441 -10.9402 1 ) ( -71.2034 50.606 -10.9933 1 ) ( -71.3821 50.5374 -11.0311 1 ) ( -71.5555 50.4616 -11.0477 1 ) ( -71.7406 50.4051 -11.0588 1 ) ( -71.9329 50.3712 -11.0677 1 ) ( -72.1255 50.349 -11.076 1 ) ( -72.3268 50.3324 -11.0862 1 ) ( -72.4959 50.3225 -11.0956 1 ) ( -72.6889 50.3253 -11.1057 1 ) ( -72.7106 50.326 -11.1072 1 ) 
( -70.7794 50.9875 -10.9996 1 ) ( -70.8007 50.9821 -11.0022 1 ) ( -70.9791 50.9269 -11.0351 1 ) ( -71.1318 50.8888 -11.0936 1 ) ( -71.3139 50.8186 -11.1362 1 ) ( -71.4907 50.7403 -11.1562 1 ) ( -71.6796 50.682 -11.17 1 ) ( -71.876 50.6472 -11.1814 1 ) ( -72.0727 50.6243 -11.192 1 ) ( -72.2781 50.6069 -11.2044 1 ) ( -72.4506 50.5963 -11.2156 1 ) ( -72.6473 50.5989 -11.2277 1 ) ( -72.6695 50.5996 -11.2295 1 ) 
( -70.7409 51.2413 -11.034 1 ) ( -70.7623 51.236 -11.0373 1 ) ( -70.9411 51.1804 -11.0776 1 ) ( -71.0937 51.1425 -11.1439 1 ) ( -71.2759 51.0711 -11.1945 1 ) ( -71.4527 50.9908 -11.2208 1 ) ( -71.6421 50.931 -11.2406 1 ) ( -71.839 50.8954 -11.2576 1 ) ( -72.0364 50.8721 -11.2735 1 ) ( -72.2424 50.8542 -11.2915 1 ) ( -72.4153 50.8432 -11.3074 1 ) ( -72.6125 50.8457 -11.3248 1 ) ( -72.6347 50.8464 -11.3271 1 ) 
( -70.8779 51.5018 -10.9115 1 ) ( -70.8974 51.4969 -10.9173 1 ) ( -71.0591 51.4453 -10.9797 1 ) ( -71.1963 51.4112 -11.0672 1 ) ( -71.3602 51.3428 -11.1413 1 ) ( -71.5197 51.2644 -11.1886 1 ) ( -71.6917 51.2072 -11.2292 1 ) ( -71.8717 51.1751 -11.2666 1 ) ( -72.0523 51.1555 -11.3025 1 ) ( -72.2408 51.1414 -11.3413 1 ) ( -72.3988 51.1336 -11.3746 1 ) ( -72.579 51.1403 -11.4117 1 ) ( -72.5993 51.1414 -11.4163 1 ) 
( -70.8876 51.5271 -10.9037 1 ) ( -70.9069 51.5222 -10.9097 1 ) ( -71.0673 51.4707 -10.9739 1 ) ( -71.2033 51.4368 -11.0633 1 ) ( -71.3658 51.3684 -11.1394 1 ) ( -71.524 51.2898 -11.1886 1 ) ( -71.6947 51.2326 -11.2309 1 ) ( -71.8733 51.2006 -11.2701 1 ) ( -72.0527 51.181 -11.3076 1 ) ( -72.2398 51.167 -11.3482 1 ) ( -72.3967 51.1593 -11.383 1 ) ( -72.5756 51.1661 -11.4218 1 ) ( -72.5957 51.1672 -11.4266 1 ) 
