 Knots U 
0 0 0 0 0.101827 0.202037 0.299973 0.398555 0.498529 0.600056 0.700359 0.800184 0.899076 1 1 1 1 
 Knots V 
0 0 0 0 0.1 0.2 0.3 0.4 0.5 0.6 0.7 0.8 0.9 1 1 1 1 
 Poles & Weights 
( -73.1175 54.1631 -1.52263 1 ) ( -73.1769 54.1649 -1.54884 1 ) ( -73.2244 54.3291 -1.62455 1 ) ( -73.3244 54.4714 -1.70516 1 ) ( -73.421 54.647 -1.79769 1 ) ( -73.3935 54.8556 -1.85881 1 ) ( -73.4129 55.051 -1.93831 1 ) ( -73.34 55.2538 -1.95534 1 ) ( -73.293 55.448 -2.0168 1 ) ( -73.161 55.6275 -2.01107 1 ) ( -73.078 55.8052 -1.99946 1 ) ( -72.956 55.936 -2.03057 1 ) ( -72.898 55.9391 -1.99997 1 ) 
( -73.0927 54.1399 -1.5681 1 ) ( -73.1517 54.1419 -1.59422 1 ) ( -73.1999 54.3058 -1.67073 1 ) ( -73.2997 54.448 -1.75186 1 ) ( -73.3961 54.6235 -1.84496 1 ) ( -73.369 54.8318 -1.90675 1 ) ( -73.388 55.0275 -1.98651 1 ) ( -73.3153 55.2304 -2.0042 1 ) ( -73.268 55.4248 -2.06549 1 ) ( -73.1363 55.6046 -2.05993 1 ) ( -73.0528 55.7821 -2.0482 1 ) ( -72.9303 55.9132 -2.07841 1 ) ( -72.8727 55.9164 -2.0481 1 ) 
( -72.873 53.9339 -1.97145 1 ) ( -72.9274 53.9373 -1.99673 1 ) ( -72.9821 54.0989 -2.08033 1 ) ( -73.0805 54.2401 -2.16606 1 ) ( -73.1747 54.4153 -2.26429 1 ) ( -73.1522 54.6214 -2.33204 1 ) ( -73.1665 54.8182 -2.41412 1 ) ( -73.0959 55.0223 -2.43759 1 ) ( -73.0464 55.2192 -2.49744 1 ) ( -72.9171 55.4018 -2.49336 1 ) ( -72.8292 55.577 -2.48053 1 ) ( -72.7021 55.7103 -2.50278 1 ) ( -72.6486 55.7148 -2.47503 1 ) 
( -72.6802 53.7532 -2.32535 1 ) ( -72.7307 53.7579 -2.34989 1 ) ( -72.791 53.9174 -2.43972 1 ) ( -72.8882 54.0576 -2.52948 1 ) ( -72.9804 54.2326 -2.63221 1 ) ( -72.9619 54.4367 -2.70518 1 ) ( -72.9722 54.6347 -2.78931 1 ) ( -72.9034 54.8397 -2.81785 1 ) ( -72.852 55.0388 -2.87643 1 ) ( -72.7248 55.2239 -2.87365 1 ) ( -72.633 55.3971 -2.85985 1 ) ( -72.502 55.5323 -2.87511 1 ) ( -72.452 55.5379 -2.84962 1 ) 
( -72.4508 53.5381 -2.74652 1 ) ( -72.4966 53.5444 -2.77018 1 ) ( -72.5636 53.7014 -2.86741 1 ) ( -72.6593 53.8405 -2.96198 1 ) ( -72.7493 54.0151 -3.07006 1 ) ( -72.7355 54.217 -3.14924 1 ) ( -72.741 54.4162 -3.23582 1 ) ( -72.6743 54.6224 -3.27039 1 ) ( -72.6206 54.8241 -3.32745 1 ) ( -72.4959 55.0122 -3.32623 1 ) ( -72.3996 55.1829 -3.31128 1 ) ( -72.2638 55.3205 -3.31822 1 ) ( -72.218 55.3274 -3.29542 1 ) 
( -72.2312 53.3322 -3.14974 1 ) ( -72.2725 53.3399 -3.17256 1 ) ( -72.3459 53.4945 -3.27689 1 ) ( -72.4402 53.6327 -3.37606 1 ) ( -72.528 53.8069 -3.48927 1 ) ( -72.5187 54.0066 -3.5744 1 ) ( -72.5197 54.207 -3.6633 1 ) ( -72.4549 54.4144 -3.70365 1 ) ( -72.399 54.6186 -3.75927 1 ) ( -72.2768 54.8095 -3.75952 1 ) ( -72.176 54.9779 -3.74347 1 ) ( -72.0357 55.1178 -3.74246 1 ) ( -71.9939 55.1259 -3.72222 1 ) 
( -72.0091 53.124 -3.55746 1 ) ( -72.0458 53.1332 -3.57942 1 ) ( -72.1257 53.2854 -3.69092 1 ) ( -72.2187 53.4225 -3.79475 1 ) ( -72.3042 53.5964 -3.91314 1 ) ( -72.2995 53.7938 -4.00428 1 ) ( -72.2958 53.9955 -4.09554 1 ) ( -72.2331 54.204 -4.14173 1 ) ( -72.175 54.4107 -4.19589 1 ) ( -72.0552 54.6045 -4.19764 1 ) ( -71.95 54.7706 -4.18048 1 ) ( -71.8051 54.9128 -4.17142 1 ) ( -71.7674 54.9221 -4.15378 1 ) 
( -71.787 52.9158 -3.96517 1 ) ( -71.8192 52.9265 -3.98628 1 ) ( -71.9056 53.0763 -4.10495 1 ) ( -71.9971 53.2123 -4.21343 1 ) ( -72.0805 53.3859 -4.337 1 ) ( -72.0803 53.5811 -4.43416 1 ) ( -72.072 53.784 -4.52779 1 ) ( -72.0114 53.9937 -4.57982 1 ) ( -71.951 54.2029 -4.63251 1 ) ( -71.8337 54.3995 -4.63577 1 ) ( -71.724 54.5633 -4.61749 1 ) ( -71.5745 54.7077 -4.60038 1 ) ( -71.5408 54.7183 -4.58533 1 ) 
( -71.5674 52.7098 -4.3684 1 ) ( -71.5951 52.722 -4.38867 1 ) ( -71.6879 52.8694 -4.51443 1 ) ( -71.778 53.0045 -4.62751 1 ) ( -71.8591 53.1777 -4.75621 1 ) ( -71.8635 53.3707 -4.85932 1 ) ( -71.8506 53.5749 -4.95527 1 ) ( -71.792 53.7857 -5.01308 1 ) ( -71.7295 53.9974 -5.06433 1 ) ( -71.6145 54.1968 -5.06907 1 ) ( -71.5005 54.3583 -5.04969 1 ) ( -71.3464 54.505 -5.02463 1 ) ( -71.3168 54.5168 -5.01215 1 ) 
( -71.3379 52.4948 -4.78956 1 ) ( -71.3609 52.5085 -4.80896 1 ) ( -71.4605 52.6534 -4.94213 1 ) ( -71.5492 52.7874 -5.06001 1 ) ( -71.628 52.9602 -5.19406 1 ) ( -71.6371 53.1509 -5.30339 1 ) ( -71.6194 53.3564 -5.40178 1 ) ( -71.5629 53.5684 -5.46562 1 ) ( -71.498 53.7827 -5.51536 1 ) ( -71.3857 53.9851 -5.52165 1 ) ( -71.267 54.1442 -5.50112 1 ) ( -71.1082 54.2932 -5.46774 1 ) ( -71.0827 54.3064 -5.45795 1 ) 
( -71.1452 52.314 -5.14346 1 ) ( -71.1642 52.329 -5.16212 1 ) ( -71.2694 52.4719 -5.30151 1 ) ( -71.3569 52.6049 -5.42343 1 ) ( -71.4338 52.7775 -5.56198 1 ) ( -71.4468 52.9663 -5.67653 1 ) ( -71.4251 53.1729 -5.77697 1 ) ( -71.3704 53.3858 -5.84589 1 ) ( -71.3036 53.6023 -5.89436 1 ) ( -71.1934 53.8072 -5.90195 1 ) ( -71.0708 53.9642 -5.88046 1 ) ( -70.908 54.1152 -5.84009 1 ) ( -70.8861 54.1295 -5.83255 1 ) 
( -70.9255 52.108 -5.54681 1 ) ( -70.94 52.1245 -5.56462 1 ) ( -71.0516 52.265 -5.71111 1 ) ( -71.1377 52.397 -5.83764 1 ) ( -71.2124 52.5693 -5.98132 1 ) ( -71.23 52.7558 -6.10182 1 ) ( -71.2037 52.9636 -6.20459 1 ) ( -71.151 53.1778 -6.27929 1 ) ( -71.082 53.3967 -6.32631 1 ) ( -70.9742 53.6044 -6.33539 1 ) ( -70.8472 53.7592 -6.31279 1 ) ( -70.6799 53.9124 -6.26447 1 ) ( -70.662 53.9279 -6.25949 1 ) 
( -70.9007 52.0848 -5.59228 1 ) ( -70.9147 52.1015 -5.61 1 ) ( -71.0271 52.2416 -5.75729 1 ) ( -71.113 52.3736 -5.88433 1 ) ( -71.1874 52.5458 -6.02859 1 ) ( -71.2055 52.7321 -6.14976 1 ) ( -71.1787 52.94 -6.2528 1 ) ( -71.1263 53.1543 -6.32814 1 ) ( -71.057 53.3735 -6.37501 1 ) ( -70.9495 53.5816 -6.38425 1 ) ( -70.822 53.7361 -6.36153 1 ) ( -70.6541 53.8896 -6.31231 1 ) ( -70.6367 53.9052 -6.30762 1 ) 
