 Knots U 
0 0 0 0 0.104041 0.206832 0.308535 0.409603 0.50988 0.608821 0.706226 0.80267 0.900155 1 1 1 1 
 Knots V 
0 0 0 0 0.100583 0.2014 0.301655 0.402346 0.502502 0.602974 0.702526 0.801896 0.900956 1 1 1 1 
 Poles & Weights 
( -79.9239 42.9684 5.17445 1 ) ( -79.9415 42.9804 5.17388 1 ) ( -80.0934 43.0931 5.17123 1 ) ( -80.2209 43.1987 5.16984 1 ) ( -80.3575 43.337 5.17078 1 ) ( -80.4625 43.4912 5.17622 1 ) ( -80.5437 43.6633 5.18281 1 ) ( -80.5989 43.8466 5.18628 1 ) ( -80.6291 44.0338 5.18352 1 ) ( -80.6266 44.2311 5.17921 1 ) ( -80.5996 44.3956 5.17744 1 ) ( -80.5527 44.5753 5.17581 1 ) ( -80.5477 44.5962 5.17596 1 ) 
( -79.9381 42.9836 5.10592 1 ) ( -79.9556 42.9951 5.10534 1 ) ( -80.1074 43.1042 5.10243 1 ) ( -80.2348 43.2066 5.10114 1 ) ( -80.3713 43.3407 5.1026 1 ) ( -80.4763 43.4908 5.10888 1 ) ( -80.5575 43.6585 5.11654 1 ) ( -80.6127 43.8374 5.1214 1 ) ( -80.6429 44.02 5.12035 1 ) ( -80.6403 44.2124 5.11809 1 ) ( -80.6131 44.3728 5.11812 1 ) ( -80.5655 44.5481 5.11855 1 ) ( -80.5605 44.5684 5.11893 1 ) 
( -79.8935 43.0805 4.45456 1 ) ( -79.9111 43.0922 4.45575 1 ) ( -80.0639 43.2009 4.46707 1 ) ( -80.192 43.3023 4.48118 1 ) ( -80.3295 43.434 4.50418 1 ) ( -80.4362 43.5795 4.53374 1 ) ( -80.5196 43.7413 4.56685 1 ) ( -80.5772 43.9129 4.59974 1 ) ( -80.6095 44.0871 4.62922 1 ) ( -80.608 44.2701 4.66111 1 ) ( -80.5803 44.4233 4.69059 1 ) ( -80.5296 44.5915 4.72395 1 ) ( -80.5245 44.611 4.7281 1 ) 
( -79.8169 43.2978 3.93339 1 ) ( -79.8348 43.3083 3.93542 1 ) ( -79.9898 43.4062 3.95316 1 ) ( -80.1197 43.4975 3.9754 1 ) ( -80.2593 43.6158 4.01093 1 ) ( -80.3688 43.7468 4.05487 1 ) ( -80.4556 43.8926 4.10421 1 ) ( -80.5166 44.0471 4.15559 1 ) ( -80.5519 44.2031 4.20584 1 ) ( -80.5529 44.3667 4.26138 1 ) ( -80.5258 44.5041 4.31136 1 ) ( -80.4736 44.6556 4.36775 1 ) ( -80.4685 44.6731 4.37452 1 ) 
( -79.7106 43.5721 3.31949 1 ) ( -79.7288 43.5814 3.32259 1 ) ( -79.8878 43.668 3.34846 1 ) ( -80.0211 43.7485 3.38084 1 ) ( -80.165 43.8525 3.43184 1 ) ( -80.2792 43.9676 3.49346 1 ) ( -80.3714 44.0959 3.56271 1 ) ( -80.4379 44.2315 3.63671 1 ) ( -80.4784 44.3675 3.71231 1 ) ( -80.4838 44.5095 3.79666 1 ) ( -80.4587 44.6294 3.87162 1 ) ( -80.4063 44.7625 3.95605 1 ) ( -80.4013 44.7778 3.96602 1 ) 
( -79.5308 43.9088 2.78903 1 ) ( -79.5497 43.9178 2.79344 1 ) ( -79.7153 44.0007 2.82961 1 ) ( -79.8542 44.0772 2.8739 1 ) ( -80.0048 44.1752 2.9423 1 ) ( -80.1263 44.2824 3.02326 1 ) ( -80.2264 44.4013 3.11399 1 ) ( -80.3008 44.5263 3.21203 1 ) ( -80.3489 44.6504 3.31421 1 ) ( -80.3613 44.7795 3.42857 1 ) ( -80.3406 44.8891 3.52948 1 ) ( -80.2905 45.0119 3.64299 1 ) ( -80.286 45.0258 3.65628 1 ) 
( -79.3303 44.3477 2.34248 1 ) ( -79.35 44.3555 2.34751 1 ) ( -79.5238 44.427 2.38778 1 ) ( -79.6699 44.4927 2.43855 1 ) ( -79.8292 44.5763 2.51797 1 ) ( -79.9596 44.6678 2.61227 1 ) ( -80.0694 44.7693 2.71846 1 ) ( -80.1535 44.8756 2.83458 1 ) ( -80.211 44.9799 2.95751 1 ) ( -80.2323 45.0876 3.0958 1 ) ( -80.2175 45.1798 3.21753 1 ) ( -80.1714 45.2843 3.35448 1 ) ( -80.1675 45.2961 3.37044 1 ) 
( -79.0873 44.8012 1.94465 1 ) ( -79.1082 44.8077 1.94985 1 ) ( -79.292 44.8668 1.9905 1 ) ( -79.4468 44.9209 2.04438 1 ) ( -79.6166 44.9893 2.13079 1 ) ( -79.7578 45.064 2.23452 1 ) ( -79.879 45.1473 2.35219 1 ) ( -79.9747 45.234 2.48238 1 ) ( -80.0433 45.3175 2.62202 1 ) ( -80.0754 45.403 2.77995 1 ) ( -80.0681 45.4771 2.91887 1 ) ( -80.0278 45.5626 3.07524 1 ) ( -80.0248 45.572 3.09342 1 ) 
( -78.8134 45.3029 1.61003 1 ) ( -78.8354 45.308 1.6157 1 ) ( -79.03 45.3545 1.65916 1 ) ( -79.1942 45.3966 1.71833 1 ) ( -79.3753 45.4494 1.81433 1 ) ( -79.5281 45.507 1.92996 1 ) ( -79.6615 45.5717 2.06165 1 ) ( -79.7695 45.6385 2.20843 1 ) ( -79.8501 45.701 2.3673 1 ) ( -79.8937 45.7639 2.54754 1 ) ( -79.8946 45.8195 2.70591 1 ) ( -79.8609 45.8856 2.8842 1 ) ( -79.8588 45.8927 2.90486 1 ) 
( -78.5052 45.8849 1.4334 1 ) ( -78.5285 45.8887 1.43943 1 ) ( -78.7358 45.9218 1.48476 1 ) ( -78.9111 45.9513 1.54849 1 ) ( -79.1054 45.9877 1.65333 1 ) ( -79.2716 46.0276 1.78028 1 ) ( -79.4192 46.0728 1.92543 1 ) ( -79.5414 46.1187 2.08837 1 ) ( -79.6359 46.1592 2.26615 1 ) ( -79.6931 46.1984 2.46841 1 ) ( -79.7038 46.2348 2.64603 1 ) ( -79.6783 46.2805 2.84602 1 ) ( -79.6774 46.2852 2.86915 1 ) 
( -78.2443 46.3725 1.30739 1 ) ( -78.2687 46.3748 1.31314 1 ) ( -78.4854 46.3949 1.35498 1 ) ( -78.6689 46.4122 1.41805 1 ) ( -78.8731 46.4329 1.52497 1 ) ( -79.0494 46.4558 1.65632 1 ) ( -79.2077 46.4828 1.80766 1 ) ( -79.3407 46.5092 1.97901 1 ) ( -79.4455 46.5293 2.16755 1 ) ( -79.5129 46.5467 2.38295 1 ) ( -79.5307 46.5652 2.57218 1 ) ( -79.5109 46.592 2.78539 1 ) ( -79.5109 46.5944 2.81003 1 ) 
( -77.9344 46.9277 1.15352 1 ) ( -77.9601 46.9285 1.15917 1 ) ( -78.1887 46.9338 1.19885 1 ) ( -78.3826 46.9374 1.2628 1 ) ( -78.5993 46.9403 1.37408 1 ) ( -78.7883 46.9442 1.51235 1 ) ( -78.9599 46.9505 1.67267 1 ) ( -79.1064 46.9549 1.85558 1 ) ( -79.2243 46.9519 2.05836 1 ) ( -79.3045 46.9445 2.29082 1 ) ( -79.3315 46.9428 2.49507 1 ) ( -79.3193 46.9481 2.7253 1 ) ( -79.3204 46.948 2.75187 1 ) 
( -77.899 46.9947 1.16724 1 ) ( -77.9249 46.9954 1.17288 1 ) ( -78.1554 46.9994 1.21234 1 ) ( -78.3511 47.0018 1.2764 1 ) ( -78.5698 47.0031 1.38816 1 ) ( -78.7608 47.0052 1.52719 1 ) ( -78.9346 47.0095 1.68848 1 ) ( -79.0831 47.0119 1.87264 1 ) ( -79.2031 47.0067 2.07696 1 ) ( -79.2854 46.9969 2.31126 1 ) ( -79.314 46.9933 2.51712 1 ) ( -79.3033 46.9966 2.74919 1 ) ( -79.3045 46.9962 2.77596 1 ) 
