 Knots U 
0 0 0 0 0.0893165 0.180177 0.276811 0.377241 0.478277 0.580512 0.684664 0.790113 0.894848 1 1 1 1 
 Knots V 
0 0 0 0 0.0993051 0.198898 0.298816 0.399128 0.499264 0.599677 0.700305 0.800589 0.90033 1 1 1 1 
 Poles & Weights 
( -78.046 43.7962 5.17596 1 ) ( -78.0565 43.7729 5.17562 1 ) ( -78.1398 43.5488 5.1717 1 ) ( -78.2388 43.3662 5.17013 1 ) ( -78.3914 43.181 5.17142 1 ) ( -78.5735 43.0387 5.17437 1 ) ( -78.784 42.9267 5.17616 1 ) ( -79.009 42.8551 5.17598 1 ) ( -79.2407 42.8183 5.17597 1 ) ( -79.4819 42.826 5.1761 1 ) ( -79.6812 42.8722 5.17556 1 ) ( -79.8997 42.9606 5.17465 1 ) ( -79.9239 42.9684 5.17445 1 ) 
( -78.0355 43.8022 5.12512 1 ) ( -78.0461 43.7793 5.12449 1 ) ( -78.1315 43.5578 5.11788 1 ) ( -78.2325 43.377 5.11407 1 ) ( -78.3876 43.1932 5.11296 1 ) ( -78.5721 43.0519 5.11387 1 ) ( -78.7849 42.9412 5.11374 1 ) ( -79.0125 42.8706 5.11201 1 ) ( -79.2467 42.8339 5.11092 1 ) ( -79.4906 42.8408 5.11044 1 ) ( -79.6924 42.8862 5.10966 1 ) ( -79.9139 42.9735 5.10871 1 ) ( -79.9383 42.9812 5.1085 1 ) 
( -78.0011 43.8516 4.60323 1 ) ( -78.0112 43.831 4.60008 1 ) ( -78.0909 43.6319 4.56987 1 ) ( -78.1892 43.466 4.54647 1 ) ( -78.3426 43.2936 4.52444 1 ) ( -78.5258 43.1605 4.50735 1 ) ( -78.7368 43.0598 4.49046 1 ) ( -78.9628 42.9969 4.47508 1 ) ( -79.1964 42.961 4.46438 1 ) ( -79.4411 42.9607 4.45837 1 ) ( -79.6446 42.9978 4.45528 1 ) ( -79.8687 43.0749 4.45389 1 ) ( -79.8934 43.0815 4.45356 1 ) 
( -77.9424 43.9415 4.16665 1 ) ( -77.9519 43.9238 4.16163 1 ) ( -78.0257 43.7528 4.11374 1 ) ( -78.1209 43.6073 4.07583 1 ) ( -78.2719 43.4535 4.03852 1 ) ( -78.4531 43.3356 4.00858 1 ) ( -78.6616 43.2521 3.98003 1 ) ( -78.8853 43.2043 3.95572 1 ) ( -79.1174 43.1771 3.93959 1 ) ( -79.362 43.179 3.93185 1 ) ( -79.5661 43.2162 3.92942 1 ) ( -79.7916 43.2925 3.93067 1 ) ( -79.8165 43.2989 3.93057 1 ) 
( -77.85 44.1339 3.6676 1 ) ( -77.8589 44.119 3.66025 1 ) ( -77.9265 43.9741 3.59045 1 ) ( -78.0187 43.8467 3.53451 1 ) ( -78.1677 43.7075 3.47813 1 ) ( -78.3474 43.6009 3.43207 1 ) ( -78.5536 43.5307 3.38877 1 ) ( -78.7755 43.4937 3.35296 1 ) ( -79.0067 43.4698 3.32952 1 ) ( -79.252 43.4669 3.31883 1 ) ( -79.4576 43.498 3.31642 1 ) ( -79.6856 43.5663 3.31996 1 ) ( -79.7107 43.5718 3.32003 1 ) 
( -77.7082 44.4425 3.27489 1 ) ( -77.7163 44.4298 3.26496 1 ) ( -77.7754 44.3051 3.17094 1 ) ( -77.8623 44.1906 3.09484 1 ) ( -78.0069 44.0606 3.01689 1 ) ( -78.1826 43.96 2.95221 1 ) ( -78.384 43.8978 2.8915 1 ) ( -78.6015 43.8662 2.84139 1 ) ( -78.8294 43.8409 2.80769 1 ) ( -79.0726 43.8287 2.79078 1 ) ( -79.2774 43.8497 2.78547 1 ) ( -79.5052 43.9057 2.78789 1 ) ( -79.5303 43.9098 2.78777 1 ) 
( -77.4946 44.8354 2.99792 1 ) ( -77.5024 44.825 2.98508 1 ) ( -77.5582 44.7223 2.86381 1 ) ( -77.6446 44.6222 2.76491 1 ) ( -77.79 44.5032 2.66236 1 ) ( -77.9667 44.4101 2.57624 1 ) ( -78.1688 44.3574 2.49522 1 ) ( -78.3872 44.3329 2.42796 1 ) ( -78.6168 44.3075 2.38128 1 ) ( -78.8634 44.2873 2.35541 1 ) ( -79.072 44.2993 2.34491 1 ) ( -79.305 44.3442 2.34363 1 ) ( -79.3306 44.347 2.34304 1 ) 
( -77.2865 45.2353 2.74061 1 ) ( -77.2934 45.2274 2.72514 1 ) ( -77.3408 45.148 2.57907 1 ) ( -77.4221 45.0635 2.45954 1 ) ( -77.5632 44.9566 2.33487 1 ) ( -77.7361 44.8725 2.22967 1 ) ( -77.9336 44.8306 2.13077 1 ) ( -78.1477 44.8145 2.04879 1 ) ( -78.3742 44.7904 1.99148 1 ) ( -78.6188 44.7635 1.95909 1 ) ( -78.8268 44.7678 1.94546 1 ) ( -79.0599 44.803 1.94283 1 ) ( -79.0855 44.8046 1.94201 1 ) 
( -77.0826 45.6578 2.52803 1 ) ( -77.0883 45.6524 2.5102 1 ) ( -77.1243 45.5978 2.34198 1 ) ( -77.1979 45.5303 2.20413 1 ) ( -77.3313 45.4374 2.06 1 ) ( -77.4974 45.3637 1.93819 1 ) ( -77.6873 45.3344 1.82396 1 ) ( -77.8941 45.3283 1.72975 1 ) ( -78.1143 45.3072 1.66423 1 ) ( -78.3539 45.2757 1.62774 1 ) ( -78.5586 45.2739 1.61303 1 ) ( -78.7886 45.3013 1.61134 1 ) ( -78.8138 45.3021 1.61055 1 ) 
( -76.8428 46.1216 2.39366 1 ) ( -76.8473 46.1194 2.37425 1 ) ( -76.8717 46.0948 2.19108 1 ) ( -76.9373 46.0486 2.04136 1 ) ( -77.0631 45.9742 1.88525 1 ) ( -77.2223 45.9154 1.75402 1 ) ( -77.4044 45.9032 1.632 1 ) ( -77.6039 45.9117 1.53324 1 ) ( -77.8177 45.8977 1.46723 1 ) ( -78.0524 45.8653 1.43484 1 ) ( -78.2537 45.8607 1.42619 1 ) ( -78.4807 45.8838 1.43361 1 ) ( -78.5056 45.8841 1.43375 1 ) 
( -76.6291 46.519 2.34857 1 ) ( -76.6327 46.5194 2.32732 1 ) ( -76.6482 46.5192 2.12687 1 ) ( -76.7079 46.4904 1.963 1 ) ( -76.8284 46.4309 1.79202 1 ) ( -76.9827 46.3838 1.64834 1 ) ( -77.1592 46.3852 1.51507 1 ) ( -77.3534 46.4052 1.4078 1 ) ( -77.5628 46.3964 1.33678 1 ) ( -77.7942 46.3625 1.30309 1 ) ( -77.9936 46.3548 1.29549 1 ) ( -78.2191 46.3736 1.30599 1 ) ( -78.2438 46.3733 1.30641 1 ) 
( -76.3959 46.9804 2.37006 1 ) ( -76.3982 46.9835 2.34588 1 ) ( -76.4015 47.0098 2.11788 1 ) ( -76.4528 46.9994 1.93092 1 ) ( -76.565 46.9554 1.735 1 ) ( -76.7118 46.9204 1.56953 1 ) ( -76.8799 46.9359 1.41556 1 ) ( -77.0661 46.9676 1.29071 1 ) ( -77.2686 46.9634 1.20622 1 ) ( -77.4942 46.9264 1.16302 1 ) ( -77.6897 46.914 1.14971 1 ) ( -77.9114 46.9265 1.15591 1 ) ( -77.9357 46.9255 1.15578 1 ) 
( -76.3659 47.0294 2.37099 1 ) ( -76.3681 47.033 2.3468 1 ) ( -76.3702 47.0632 2.11871 1 ) ( -76.4208 47.0558 1.93181 1 ) ( -76.5322 47.0146 1.73615 1 ) ( -76.6783 46.9819 1.57112 1 ) ( -76.8457 47 1.41783 1 ) ( -77.0311 47.034 1.29401 1 ) ( -77.233 47.0314 1.21096 1 ) ( -77.4581 46.995 1.16975 1 ) ( -77.6533 46.9829 1.15841 1 ) ( -77.8748 46.9957 1.1671 1 ) ( -77.899 46.9947 1.16724 1 ) 
