 Knots U 
0 0 0 0 0.0498247 0.0993987 0.149616 0.199674 0.249762 0.299896 0.349999 0.400101 0.450209 0.500315 0.550423 0.600538 0.650657 0.70076 0.750907 0.801049 0.85096 0.901098 0.950892 1 1 1 1 
 Knots V 
0 0 0 0 0.100062 0.200125 0.300185 0.400246 0.50031 0.600376 0.700434 0.800494 0.900543 1 1 1 1 
 Poles & Weights 
( -74.866 48.5258 -1.20888 1 ) ( -74.8452 48.5112 -1.23618 1 ) ( -74.6342 48.3806 -1.48683 1 ) ( -74.572 48.2691 -1.76918 1 ) ( -74.5469 48.1532 -2.11059 1 ) ( -74.5507 48.0539 -2.44139 1 ) ( -74.5682 47.9534 -2.77653 1 ) ( -74.585 47.8593 -3.112 1 ) ( -74.5966 47.7693 -3.44929 1 ) ( -74.6102 47.6772 -3.78575 1 ) ( -74.6241 47.5842 -4.122 1 ) ( -74.6372 47.492 -4.45855 1 ) ( -74.6544 47.3908 -4.79228 1 ) ( -74.6816 47.2942 -5.12676 1 ) ( -74.7174 47.2072 -5.46305 1 ) ( -74.755 47.125 -5.80003 1 ) ( -74.7893 47.0458 -6.13852 1 ) ( -74.8195 46.9675 -6.47896 1 ) ( -74.8647 46.8847 -6.81071 1 ) ( -74.9243 46.8029 -7.14628 1 ) ( -74.844 46.7349 -7.49363 1 ) ( -75.1276 46.7135 -7.70435 1 ) ( -75.1932 46.7138 -7.70886 1 ) 
( -74.853 48.6189 -1.25707 1 ) ( -74.8321 48.6043 -1.28426 1 ) ( -74.6204 48.4739 -1.53423 1 ) ( -74.5578 48.3624 -1.81634 1 ) ( -74.5322 48.2467 -2.15735 1 ) ( -74.5357 48.1474 -2.48779 1 ) ( -74.5528 48.047 -2.82257 1 ) ( -74.5693 47.9529 -3.15767 1 ) ( -74.5806 47.863 -3.49457 1 ) ( -74.594 47.7708 -3.83065 1 ) ( -74.6076 47.6779 -4.16653 1 ) ( -74.6203 47.5857 -4.50269 1 ) ( -74.6373 47.4845 -4.83606 1 ) ( -74.6642 47.388 -5.17018 1 ) ( -74.6997 47.3009 -5.50608 1 ) ( -74.7369 47.2187 -5.84267 1 ) ( -74.7711 47.1394 -6.18074 1 ) ( -74.8011 47.0609 -6.52072 1 ) ( -74.8459 46.978 -6.8521 1 ) ( -74.905 46.8959 -7.18736 1 ) ( -74.826 46.8279 -7.53366 1 ) ( -75.1078 46.8061 -7.74523 1 ) ( -75.1727 46.8063 -7.75004 1 ) 
( -74.6697 49.4577 -1.6201 1 ) ( -74.6483 49.444 -1.6466 1 ) ( -74.4338 49.3137 -1.89377 1 ) ( -74.3703 49.2024 -2.17656 1 ) ( -74.3442 49.088 -2.5173 1 ) ( -74.3479 48.9878 -2.84786 1 ) ( -74.3653 48.8874 -3.18259 1 ) ( -74.3828 48.7932 -3.51771 1 ) ( -74.3951 48.7024 -3.85438 1 ) ( -74.4093 48.6096 -4.19031 1 ) ( -74.4238 48.5161 -4.52607 1 ) ( -74.4373 48.4232 -4.86204 1 ) ( -74.4551 48.322 -5.19545 1 ) ( -74.4829 48.2254 -5.52955 1 ) ( -74.5189 48.1376 -5.86529 1 ) ( -74.5569 48.054 -6.20161 1 ) ( -74.5923 47.9729 -6.53913 1 ) ( -74.6244 47.8925 -6.87827 1 ) ( -74.669 47.8075 -7.20963 1 ) ( -74.7267 47.7225 -7.54544 1 ) ( -74.663 47.6534 -7.8851 1 ) ( -74.9312 47.6275 -8.1075 1 ) ( -74.9908 47.6268 -8.11532 1 ) 
( -74.516 50.1919 -1.94615 1 ) ( -74.4941 50.179 -1.972 1 ) ( -74.2768 50.0489 -2.21634 1 ) ( -74.2123 49.9379 -2.4994 1 ) ( -74.1852 49.8246 -2.83953 1 ) ( -74.1888 49.7238 -3.16981 1 ) ( -74.2061 49.6236 -3.50412 1 ) ( -74.2241 49.5293 -3.83887 1 ) ( -74.2369 49.4377 -4.17496 1 ) ( -74.2515 49.3445 -4.5104 1 ) ( -74.2664 49.2507 -4.84567 1 ) ( -74.2802 49.1571 -5.18109 1 ) ( -74.2985 49.0561 -5.51416 1 ) ( -74.3265 48.9594 -5.84787 1 ) ( -74.3627 48.871 -6.18309 1 ) ( -74.401 48.7863 -6.51881 1 ) ( -74.4372 48.7037 -6.85547 1 ) ( -74.4708 48.6219 -7.1935 1 ) ( -74.5148 48.5351 -7.52446 1 ) ( -74.5709 48.4476 -7.86037 1 ) ( -74.5203 48.3776 -8.19388 1 ) ( -74.7763 48.3481 -8.4254 1 ) ( -74.8312 48.3466 -8.43582 1 ) 
( -74.3382 51.065 -2.33838 1 ) ( -74.3158 51.0529 -2.36345 1 ) ( -74.0947 50.9231 -2.60421 1 ) ( -74.0288 50.8125 -2.8874 1 ) ( -74.0004 50.7006 -3.22657 1 ) ( -74.0036 50.5991 -3.55632 1 ) ( -74.0206 50.499 -3.88992 1 ) ( -74.0389 50.4048 -4.22402 1 ) ( -74.052 50.3124 -4.55921 1 ) ( -74.0667 50.2186 -4.89384 1 ) ( -74.082 50.1244 -5.22834 1 ) ( -74.0958 50.0301 -5.56289 1 ) ( -74.1144 49.9293 -5.89534 1 ) ( -74.1426 49.8326 -6.22837 1 ) ( -74.1786 49.7436 -6.56276 1 ) ( -74.217 49.6576 -6.89756 1 ) ( -74.254 49.5733 -7.23299 1 ) ( -74.289 49.4897 -7.56947 1 ) ( -74.332 49.4008 -7.89975 1 ) ( -74.3861 49.3104 -8.23556 1 ) ( -74.3508 49.2395 -8.56158 1 ) ( -74.5921 49.2058 -8.80374 1 ) ( -74.6413 49.2033 -8.81723 1 ) 
( -74.1515 51.9042 -2.698 1 ) ( -74.1286 51.893 -2.7224 1 ) ( -73.9049 51.7633 -2.96053 1 ) ( -73.8383 51.6528 -3.24455 1 ) ( -73.8094 51.5422 -3.58363 1 ) ( -73.8131 51.4397 -3.91366 1 ) ( -73.8306 51.3397 -4.24738 1 ) ( -73.85 51.2453 -4.58165 1 ) ( -73.8642 51.1519 -4.91679 1 ) ( -73.88 51.0575 -5.25144 1 ) ( -73.8963 50.9628 -5.58598 1 ) ( -73.911 50.8677 -5.92051 1 ) ( -73.9307 50.7668 -6.25316 1 ) ( -73.9599 50.6699 -6.58634 1 ) ( -73.9965 50.5802 -6.92074 1 ) ( -74.0359 50.4928 -7.25544 1 ) ( -74.0743 50.4066 -7.59049 1 ) ( -74.1116 50.3212 -7.9263 1 ) ( -74.1546 50.2302 -8.25672 1 ) ( -74.2075 50.1368 -8.59325 1 ) ( -74.1876 50.0648 -8.91278 1 ) ( -74.4155 50.0269 -9.16593 1 ) ( -74.4594 50.0235 -9.18245 1 ) 
( -73.9677 52.7519 -3.06595 1 ) ( -73.9442 52.7416 -3.08965 1 ) ( -73.7176 52.612 -3.32489 1 ) ( -73.6501 52.5018 -3.60955 1 ) ( -73.6206 52.3924 -3.9483 1 ) ( -73.6244 52.2892 -4.27838 1 ) ( -73.6421 52.1892 -4.612 1 ) ( -73.6626 52.0946 -4.94623 1 ) ( -73.6777 52.0004 -5.28107 1 ) ( -73.6942 51.9054 -5.61552 1 ) ( -73.7113 51.8101 -5.9499 1 ) ( -73.7267 51.7142 -6.28416 1 ) ( -73.7473 51.6134 -6.6168 1 ) ( -73.7772 51.5164 -6.9499 1 ) ( -73.8143 51.4259 -7.28408 1 ) ( -73.8544 51.3371 -7.61846 1 ) ( -73.8941 51.2492 -7.9529 1 ) ( -73.9334 51.1619 -8.2878 1 ) ( -73.9761 51.0688 -8.61814 1 ) ( -74.0276 50.9724 -8.95516 1 ) ( -74.023 50.8993 -9.26794 1 ) ( -74.2372 50.8572 -9.53198 1 ) ( -74.2757 50.8529 -9.55154 1 ) 
( -73.7761 53.6019 -3.42508 1 ) ( -73.7522 53.5925 -3.44813 1 ) ( -73.523 53.4628 -3.68095 1 ) ( -73.4549 53.3528 -3.96667 1 ) ( -73.4251 53.2445 -4.30559 1 ) ( -73.4295 53.1402 -4.63619 1 ) ( -73.4477 53.0402 -4.97018 1 ) ( -73.4695 52.9453 -5.30483 1 ) ( -73.4858 52.85 -5.63987 1 ) ( -73.5034 52.7543 -5.97459 1 ) ( -73.5218 52.6584 -6.30926 1 ) ( -73.5382 52.5615 -6.64375 1 ) ( -73.56 52.4607 -6.97684 1 ) ( -73.5909 52.3633 -7.31034 1 ) ( -73.6289 52.2719 -7.64477 1 ) ( -73.67 52.1817 -7.97931 1 ) ( -73.7113 52.0918 -8.31361 1 ) ( -73.753 52.0025 -8.64808 1 ) ( -73.7957 51.9072 -8.97881 1 ) ( -73.8461 51.8077 -9.31682 1 ) ( -73.8572 51.7334 -9.62325 1 ) ( -74.0581 51.687 -9.89865 1 ) ( -74.0911 51.6817 -9.9213 1 ) 
( -73.6073 54.4382 -3.79978 1 ) ( -73.5828 54.4296 -3.82207 1 ) ( -73.3502 54.3003 -4.05141 1 ) ( -73.2807 54.1906 -4.3372 1 ) ( -73.2496 54.0838 -4.67514 1 ) ( -73.2537 53.9789 -5.00518 1 ) ( -73.2717 53.8791 -5.33843 1 ) ( -73.2938 53.7843 -5.6724 1 ) ( -73.3105 53.6883 -6.00651 1 ) ( -73.3284 53.5922 -6.3404 1 ) ( -73.347 53.496 -6.67426 1 ) ( -73.3636 53.3984 -7.00786 1 ) ( -73.3857 53.2979 -7.3403 1 ) ( -73.4169 53.2006 -7.6731 1 ) ( -73.4547 53.1087 -8.00667 1 ) ( -73.496 53.0173 -8.34026 1 ) ( -73.5381 52.9258 -8.67332 1 ) ( -73.5812 52.8349 -9.00626 1 ) ( -73.623 52.7376 -9.33627 1 ) ( -73.6716 52.6354 -9.67412 1 ) ( -73.6973 52.5603 -9.97333 1 ) ( -73.8841 52.5099 -10.2589 1 ) ( -73.9118 52.5037 -10.2844 1 ) 
( -73.4264 55.313 -4.1882 1 ) ( -73.4012 55.3052 -4.20976 1 ) ( -73.1647 55.1758 -4.43609 1 ) ( -73.0935 55.0661 -4.72252 1 ) ( -73.0608 54.9603 -5.06011 1 ) ( -73.0642 54.8542 -5.39017 1 ) ( -73.0815 54.7542 -5.72329 1 ) ( -73.1036 54.659 -6.05719 1 ) ( -73.1203 54.5617 -6.39098 1 ) ( -73.138 54.4646 -6.72463 1 ) ( -73.1566 54.3676 -7.05829 1 ) ( -73.173 54.269 -7.3916 1 ) ( -73.1951 54.1682 -7.724 1 ) ( -73.226 54.0705 -8.05669 1 ) ( -73.2635 53.9775 -8.39 1 ) ( -73.3045 53.8844 -8.72324 1 ) ( -73.347 53.7907 -9.05565 1 ) ( -73.3913 53.6977 -9.38762 1 ) ( -73.4319 53.5979 -9.71753 1 ) ( -73.478 53.4923 -10.0559 1 ) ( -73.5188 53.4159 -10.3481 1 ) ( -73.6905 53.3609 -10.6448 1 ) ( -73.7125 53.3536 -10.6735 1 ) 
( -73.272 56.044 -4.51021 1 ) ( -73.2466 56.0372 -4.53101 1 ) ( -73.009 55.9092 -4.75327 1 ) ( -72.9383 55.801 -5.03887 1 ) ( -72.9065 55.6977 -5.37455 1 ) ( -72.9116 55.5922 -5.7031 1 ) ( -72.9306 55.4937 -6.03454 1 ) ( -72.955 55.3997 -6.36682 1 ) ( -72.9739 55.3031 -6.69878 1 ) ( -72.9938 55.2069 -7.03068 1 ) ( -73.0146 55.1108 -7.36261 1 ) ( -73.033 55.0129 -7.69411 1 ) ( -73.0573 54.9135 -8.02492 1 ) ( -73.0904 54.8171 -8.35596 1 ) ( -73.1297 54.7249 -8.68751 1 ) ( -73.1729 54.632 -9.01889 1 ) ( -73.2179 54.5381 -9.3492 1 ) ( -73.2655 54.4449 -9.6788 1 ) ( -73.3072 54.3447 -10.0071 1 ) ( -73.3536 54.238 -10.3442 1 ) ( -73.409 54.1618 -10.6292 1 ) ( -73.5703 54.1046 -10.9338 1 ) ( -73.5878 54.0967 -10.965 1 ) 
( -73.093 56.8848 -4.87772 1 ) ( -73.0665 56.8784 -4.89817 1 ) ( -72.8215 56.7472 -5.12096 1 ) ( -72.746 56.6362 -5.41018 1 ) ( -72.7088 56.5306 -5.74903 1 ) ( -72.7096 56.4209 -6.08101 1 ) ( -72.7242 56.319 -6.41576 1 ) ( -72.7451 56.2214 -6.75139 1 ) ( -72.7604 56.1205 -7.08647 1 ) ( -72.7765 56.0202 -7.42157 1 ) ( -72.7936 55.9202 -7.75673 1 ) ( -72.8081 55.8181 -8.09138 1 ) ( -72.8287 55.7154 -8.42556 1 ) ( -72.858 55.6153 -8.75994 1 ) ( -72.8932 55.519 -9.09467 1 ) ( -72.9325 55.4213 -9.42913 1 ) ( -72.9743 55.3222 -9.76223 1 ) ( -73.0193 55.2237 -10.0943 1 ) ( -73.0562 55.118 -10.4259 1 ) ( -73.0966 55.0048 -10.767 1 ) ( -73.1632 54.9246 -11.0483 1 ) ( -73.3064 54.8598 -11.3671 1 ) ( -73.318 54.8506 -11.4016 1 ) 
( -73.0667 56.9815 -4.91374 1 ) ( -73.0401 56.9751 -4.93425 1 ) ( -72.7938 56.8428 -5.15798 1 ) ( -72.7174 56.7309 -5.44839 1 ) ( -72.6792 56.6244 -5.7885 1 ) ( -72.679 56.5136 -6.12176 1 ) ( -72.6927 56.4107 -6.45777 1 ) ( -72.7127 56.312 -6.79466 1 ) ( -72.727 56.2099 -7.13098 1 ) ( -72.7423 56.1085 -7.46733 1 ) ( -72.7585 56.0075 -7.80373 1 ) ( -72.7722 55.9041 -8.13963 1 ) ( -72.7919 55.8004 -8.47508 1 ) ( -72.8203 55.6993 -8.81072 1 ) ( -72.8546 55.6018 -9.14669 1 ) ( -72.893 55.5029 -9.48239 1 ) ( -72.934 55.4026 -9.8167 1 ) ( -72.9783 55.3028 -10.15 1 ) ( -73.0142 55.1959 -10.4828 1 ) ( -73.0534 55.0812 -10.8253 1 ) ( -73.1209 55 -11.1069 1 ) ( -73.2616 54.9337 -11.4282 1 ) ( -73.2724 54.9243 -11.4632 1 ) 
