 Knots U 
0 0 0 0 0.0498998 0.0997278 0.149773 0.199774 0.249793 0.299809 0.349825 0.399843 0.449859 0.499876 0.549903 0.599937 0.649975 0.700016 0.750051 0.800076 0.850112 0.900259 0.950086 1 1 1 1 
 Knots V 
0 0 0 0 0.0998946 0.199684 0.299689 0.39975 0.499837 0.600065 0.700048 0.800071 0.900044 1 1 1 1 
 Poles & Weights 
( -82.7517 57.1433 -11.4666 1 ) ( -82.7554 57.1493 -11.4285 1 ) ( -82.7731 57.193 -11.0774 1 ) ( -82.7863 57.3296 -10.7962 1 ) ( -82.7806 57.4675 -10.4563 1 ) ( -82.7554 57.5718 -10.1211 1 ) ( -82.7363 57.6823 -9.78364 1 ) ( -82.7208 57.7953 -9.44774 1 ) ( -82.7037 57.9057 -9.11084 1 ) ( -82.6822 58.0154 -8.77403 1 ) ( -82.6533 58.1223 -8.43687 1 ) ( -82.6173 58.2262 -8.09938 1 ) ( -82.5767 58.328 -7.76183 1 ) ( -82.535 58.4281 -7.42396 1 ) ( -82.495 58.5272 -7.08562 1 ) ( -82.4554 58.6259 -6.7469 1 ) ( -82.4158 58.7243 -6.40822 1 ) ( -82.3728 58.8219 -6.07029 1 ) ( -82.3264 58.917 -5.73141 1 ) ( -82.2422 59.0024 -5.38951 1 ) ( -82.1205 59.072 -5.09857 1 ) ( -81.8357 59.0818 -4.87814 1 ) ( -81.8055 59.0793 -4.85958 1 ) 
( -82.7523 57.155 -11.4911 1 ) ( -82.7559 57.1611 -11.453 1 ) ( -82.7742 57.2057 -11.1013 1 ) ( -82.787 57.3419 -10.8191 1 ) ( -82.7808 57.4795 -10.4782 1 ) ( -82.7555 57.5841 -10.1421 1 ) ( -82.7361 57.6949 -9.80376 1 ) ( -82.7204 57.808 -9.46699 1 ) ( -82.7031 57.9186 -9.12922 1 ) ( -82.6814 58.0285 -8.79154 1 ) ( -82.6523 58.1357 -8.45351 1 ) ( -82.6164 58.2399 -8.11518 1 ) ( -82.5756 58.3419 -7.77676 1 ) ( -82.5337 58.4424 -7.43804 1 ) ( -82.4933 58.5417 -7.09884 1 ) ( -82.4535 58.6406 -6.75926 1 ) ( -82.4135 58.7391 -6.41973 1 ) ( -82.3703 58.837 -6.0809 1 ) ( -82.3236 58.9324 -5.74121 1 ) ( -82.2392 59.018 -5.39839 1 ) ( -82.1174 59.0878 -5.10657 1 ) ( -81.832 59.0976 -4.8853 1 ) ( -81.8017 59.0952 -4.86663 1 ) 
( -82.7713 57.2548 -11.7106 1 ) ( -82.7744 57.2616 -11.6717 1 ) ( -82.7969 57.3145 -11.3142 1 ) ( -82.8051 57.4472 -11.0236 1 ) ( -82.7937 57.5831 -10.6734 1 ) ( -82.7672 57.6901 -10.3296 1 ) ( -82.7449 57.8033 -9.98358 1 ) ( -82.7263 57.9183 -9.63895 1 ) ( -82.7062 58.0311 -9.29336 1 ) ( -82.6821 58.1428 -8.94778 1 ) ( -82.6515 58.2524 -8.60196 1 ) ( -82.6146 58.3601 -8.25609 1 ) ( -82.5721 58.4646 -7.90987 1 ) ( -82.5271 58.5675 -7.56348 1 ) ( -82.4833 58.669 -7.21655 1 ) ( -82.4401 58.77 -6.86922 1 ) ( -82.3967 58.8707 -6.522 1 ) ( -82.3506 58.9708 -6.17518 1 ) ( -82.3014 59.0685 -5.82818 1 ) ( -82.2141 59.1569 -5.47702 1 ) ( -82.0913 59.2283 -5.17733 1 ) ( -81.7997 59.2392 -4.94845 1 ) ( -81.7682 59.237 -4.92886 1 ) 
( -82.7729 57.3443 -11.9027 1 ) ( -82.7755 57.3516 -11.8631 1 ) ( -82.8024 57.4119 -11.5005 1 ) ( -82.8074 57.5414 -11.2024 1 ) ( -82.7923 57.6758 -10.844 1 ) ( -82.7655 57.7848 -10.4934 1 ) ( -82.7414 57.9002 -10.1406 1 ) ( -82.7211 58.0169 -9.78898 1 ) ( -82.6994 58.1314 -9.43649 1 ) ( -82.6741 58.2448 -9.08395 1 ) ( -82.6429 58.3565 -8.73125 1 ) ( -82.6059 58.4671 -8.37872 1 ) ( -82.5627 58.5737 -8.02561 1 ) ( -82.5159 58.6788 -7.67244 1 ) ( -82.4699 58.7823 -7.31868 1 ) ( -82.4246 58.885 -6.96451 1 ) ( -82.379 58.9876 -6.6105 1 ) ( -82.3311 59.0896 -6.25663 1 ) ( -82.2805 59.1894 -5.90318 1 ) ( -82.1916 59.28 -5.54466 1 ) ( -82.0685 59.3529 -5.23802 1 ) ( -81.7723 59.3647 -5.00242 1 ) ( -81.7398 59.3627 -4.98202 1 ) 
( -82.7474 57.4524 -12.1284 1 ) ( -82.7497 57.4604 -12.0881 1 ) ( -82.7834 57.5293 -11.7194 1 ) ( -82.7857 57.6549 -11.4126 1 ) ( -82.7676 57.7874 -11.0444 1 ) ( -82.7418 57.8989 -10.6858 1 ) ( -82.7171 58.0168 -10.3249 1 ) ( -82.6961 58.1353 -9.96517 1 ) ( -82.6739 58.2518 -9.60452 1 ) ( -82.6486 58.3672 -9.24375 1 ) ( -82.6181 58.4813 -8.88293 1 ) ( -82.5824 58.5953 -8.52255 1 ) ( -82.5397 58.7044 -8.16129 1 ) ( -82.4921 58.812 -7.80012 1 ) ( -82.445 58.9177 -7.43831 1 ) ( -82.3985 59.0224 -7.07606 1 ) ( -82.3518 59.1272 -6.71403 1 ) ( -82.3031 59.2314 -6.35182 1 ) ( -82.2523 59.3336 -5.99076 1 ) ( -82.1628 59.4269 -5.62354 1 ) ( -82.0407 59.5014 -5.3087 1 ) ( -81.7403 59.5142 -5.06517 1 ) ( -81.7069 59.5125 -5.04381 1 ) 
( -82.7153 57.5553 -12.3443 1 ) ( -82.7174 57.5639 -12.3032 1 ) ( -82.7578 57.6412 -11.9288 1 ) ( -82.758 57.7632 -11.6134 1 ) ( -82.7375 57.894 -11.2359 1 ) ( -82.7131 58.0078 -10.8696 1 ) ( -82.6882 58.1282 -10.501 1 ) ( -82.667 58.2485 -10.1333 1 ) ( -82.6447 58.3671 -9.76481 1 ) ( -82.6197 58.4843 -9.39613 1 ) ( -82.5903 58.6008 -9.02748 1 ) ( -82.5564 58.7182 -8.65953 1 ) ( -82.5146 58.8298 -8.29043 1 ) ( -82.4666 58.9398 -7.92156 1 ) ( -82.4189 59.0476 -7.55199 1 ) ( -82.3716 59.1544 -7.18197 1 ) ( -82.3243 59.2613 -6.81222 1 ) ( -82.2753 59.3678 -6.44199 1 ) ( -82.2246 59.4723 -6.07359 1 ) ( -82.1351 59.5682 -5.698 1 ) ( -82.0143 59.6443 -5.37527 1 ) ( -81.7104 59.6582 -5.1241 1 ) ( -81.6761 59.6567 -5.10182 1 ) 
( -82.6932 57.6601 -12.5636 1 ) ( -82.6949 57.6694 -12.5218 1 ) ( -82.7418 57.755 -12.1414 1 ) ( -82.7393 57.8734 -11.8175 1 ) ( -82.7158 58.0024 -11.4304 1 ) ( -82.6923 58.1186 -11.0564 1 ) ( -82.6666 58.2413 -10.6799 1 ) ( -82.6447 58.3635 -10.3042 1 ) ( -82.6218 58.4841 -9.92774 1 ) ( -82.5966 58.6032 -9.55102 1 ) ( -82.5678 58.722 -9.17445 1 ) ( -82.5351 58.8427 -8.79882 1 ) ( -82.4937 58.9568 -8.42177 1 ) ( -82.4448 59.0693 -8.04509 1 ) ( -82.3958 59.1793 -7.66765 1 ) ( -82.3474 59.2881 -7.28974 1 ) ( -82.2988 59.3971 -6.91216 1 ) ( -82.249 59.5057 -6.53379 1 ) ( -82.1979 59.6125 -6.15796 1 ) ( -82.1077 59.7111 -5.77388 1 ) ( -81.9878 59.7888 -5.44313 1 ) ( -81.6798 59.8036 -5.18422 1 ) ( -81.6445 59.8024 -5.161 1 ) 
( -82.6779 57.767 -12.7825 1 ) ( -82.6793 57.777 -12.7399 1 ) ( -82.7321 57.8708 -12.3537 1 ) ( -82.7266 57.9853 -12.0212 1 ) ( -82.6997 58.1123 -11.6248 1 ) ( -82.6767 58.2307 -11.2431 1 ) ( -82.6499 58.3557 -10.8588 1 ) ( -82.6268 58.4795 -10.4752 1 ) ( -82.603 58.602 -10.0909 1 ) ( -82.5772 58.7227 -9.70623 1 ) ( -82.5486 58.8437 -9.32181 1 ) ( -82.5166 58.9676 -8.93861 1 ) ( -82.4753 59.0839 -8.5537 1 ) ( -82.4252 59.1987 -8.1693 1 ) ( -82.3745 59.3107 -7.78409 1 ) ( -82.3244 59.4213 -7.39838 1 ) ( -82.2742 59.5322 -7.01307 1 ) ( -82.2232 59.6428 -6.62665 1 ) ( -82.1714 59.7518 -6.24347 1 ) ( -82.0802 59.8528 -5.851 1 ) ( -81.9608 59.932 -5.51234 1 ) ( -81.6483 59.9476 -5.24577 1 ) ( -81.612 59.9467 -5.22163 1 ) 
( -82.6325 57.8662 -12.9975 1 ) ( -82.6337 57.8768 -12.9541 1 ) ( -82.6939 57.9791 -12.5623 1 ) ( -82.6868 58.0901 -12.2216 1 ) ( -82.658 58.2155 -11.8161 1 ) ( -82.637 58.3364 -11.4267 1 ) ( -82.6105 58.4639 -11.0349 1 ) ( -82.5878 58.5897 -10.6437 1 ) ( -82.5644 58.7143 -10.2517 1 ) ( -82.5396 58.8371 -9.85929 1 ) ( -82.5127 58.9606 -9.46725 1 ) ( -82.483 59.088 -9.07667 1 ) ( -82.4432 59.2068 -8.68412 1 ) ( -82.3932 59.3242 -8.29222 1 ) ( -82.3424 59.4385 -7.89944 1 ) ( -82.2922 59.5513 -7.50616 1 ) ( -82.2419 59.6644 -7.11332 1 ) ( -82.1912 59.7774 -6.71907 1 ) ( -82.1401 59.8888 -6.32876 1 ) ( -82.0494 59.9925 -5.92812 1 ) ( -81.9317 60.0735 -5.58172 1 ) ( -81.6163 60.0902 -5.30771 1 ) ( -81.5792 60.0896 -5.28267 1 ) 
( -82.5668 57.9651 -13.2202 1 ) ( -82.5679 57.9763 -13.1761 1 ) ( -82.6368 58.0877 -12.7785 1 ) ( -82.6287 58.1953 -12.4292 1 ) ( -82.5989 58.3192 -12.0141 1 ) ( -82.5809 58.4429 -11.617 1 ) ( -82.5558 58.5734 -11.2174 1 ) ( -82.5343 58.7014 -10.8182 1 ) ( -82.5124 58.8285 -10.4183 1 ) ( -82.4894 58.9536 -10.0179 1 ) ( -82.4652 59.0799 -9.61794 1 ) ( -82.4388 59.2112 -9.21973 1 ) ( -82.4015 59.3329 -8.81927 1 ) ( -82.3527 59.4533 -8.41959 1 ) ( -82.3026 59.5701 -8.01898 1 ) ( -82.2533 59.6854 -7.61784 1 ) ( -82.2037 59.8011 -7.21722 1 ) ( -82.1543 59.9167 -6.81486 1 ) ( -82.1049 60.0309 -6.41716 1 ) ( -82.0156 60.1378 -6.00806 1 ) ( -81.9006 60.2208 -5.65365 1 ) ( -81.583 60.2389 -5.37194 1 ) ( -81.5451 60.2386 -5.34596 1 ) 
( -82.5217 58.0503 -13.4083 1 ) ( -82.5226 58.0622 -13.3636 1 ) ( -82.5983 58.181 -12.9611 1 ) ( -82.589 58.2856 -12.6044 1 ) ( -82.5579 58.4082 -12.1813 1 ) ( -82.5419 58.5342 -11.7776 1 ) ( -82.5173 58.667 -11.3714 1 ) ( -82.4965 58.7969 -10.9653 1 ) ( -82.4753 58.926 -10.5587 1 ) ( -82.4534 59.0529 -10.1515 1 ) ( -82.431 59.1815 -9.74489 1 ) ( -82.4068 59.3159 -9.34019 1 ) ( -82.3711 59.44 -8.933 1 ) ( -82.3228 59.5627 -8.52672 1 ) ( -82.2729 59.6817 -8.11947 1 ) ( -82.2237 59.7989 -7.71166 1 ) ( -82.1744 59.9167 -7.30441 1 ) ( -82.1255 60.0345 -6.89517 1 ) ( -82.077 60.1509 -6.49119 1 ) ( -81.9884 60.2603 -6.0749 1 ) ( -81.8753 60.3449 -5.7137 1 ) ( -81.5554 60.3641 -5.42544 1 ) ( -81.5168 60.364 -5.39867 1 ) 
( -82.4706 58.1477 -13.6237 1 ) ( -82.4714 58.1603 -13.5782 1 ) ( -82.5548 58.2877 -13.17 1 ) ( -82.5441 58.389 -12.805 1 ) ( -82.5114 58.51 -12.3726 1 ) ( -82.4978 58.6386 -11.9614 1 ) ( -82.4739 58.7741 -11.5475 1 ) ( -82.4537 58.9061 -11.1337 1 ) ( -82.4333 59.0375 -10.7193 1 ) ( -82.4126 59.1665 -10.3044 1 ) ( -82.3922 59.2977 -9.89005 1 ) ( -82.3706 59.4357 -9.47791 1 ) ( -82.3368 59.5625 -9.06301 1 ) ( -82.2889 59.6879 -8.64916 1 ) ( -82.2392 59.8093 -8.23428 1 ) ( -82.1902 59.9288 -7.81882 1 ) ( -82.141 60.049 -7.40398 1 ) ( -82.0928 60.1692 -6.98684 1 ) ( -82.0453 60.2882 -6.57566 1 ) ( -81.9575 60.4005 -6.15113 1 ) ( -81.8465 60.4869 -5.78215 1 ) ( -81.5239 60.5074 -5.48637 1 ) ( -81.4845 60.5076 -5.4587 1 ) 
( -82.4655 58.1587 -13.6476 1 ) ( -82.4662 58.1713 -13.602 1 ) ( -82.5505 58.2997 -13.1931 1 ) ( -82.5396 58.4005 -12.8272 1 ) ( -82.5067 58.5214 -12.3939 1 ) ( -82.4933 58.6503 -11.9818 1 ) ( -82.4695 58.7861 -11.567 1 ) ( -82.4493 58.9183 -11.1524 1 ) ( -82.429 59.0499 -10.7372 1 ) ( -82.4084 59.1792 -10.3213 1 ) ( -82.3882 59.3107 -9.90614 1 ) ( -82.3669 59.4491 -9.49318 1 ) ( -82.3332 59.5762 -9.07743 1 ) ( -82.2854 59.7019 -8.66273 1 ) ( -82.2357 59.8235 -8.247 1 ) ( -82.1867 59.9433 -7.83069 1 ) ( -82.1375 60.0637 -7.41501 1 ) ( -82.0892 60.1841 -6.997 1 ) ( -82.0418 60.3034 -6.58501 1 ) ( -81.9541 60.416 -6.15957 1 ) ( -81.8433 60.5026 -5.78972 1 ) ( -81.5204 60.5233 -5.49311 1 ) ( -81.481 60.5235 -5.46534 1 ) 
