 Knots U 
0 0 0 0 0.0977128 0.195531 0.294996 0.394981 0.495535 0.596547 0.697227 0.797878 0.899231 1 1 1 1 
 Knots V 
0 0 0 0 0.1 0.2 0.3 0.4 0.5 0.6 0.7 0.8 0.9 1 1 1 1 
 Poles & Weights 
( -69.6678 52.1939 -4.76877 1 ) ( -69.6813 52.1852 -4.77419 1 ) ( -69.8087 52.1054 -4.82674 1 ) ( -69.9212 52.0411 -4.87636 1 ) ( -70.0544 51.9764 -4.94108 1 ) ( -70.1854 51.9328 -5.01547 1 ) ( -70.3181 51.9093 -5.10103 1 ) ( -70.4467 51.9077 -5.19351 1 ) ( -70.5676 51.9288 -5.28947 1 ) ( -70.6863 51.9724 -5.39274 1 ) ( -70.7814 52.018 -5.47956 1 ) ( -70.8884 52.078 -5.58073 1 ) ( -70.9007 52.0848 -5.59228 1 ) 
( -69.6553 52.1789 -4.77749 1 ) ( -69.669 52.1704 -4.78282 1 ) ( -69.7981 52.0924 -4.83486 1 ) ( -69.912 52.0295 -4.88428 1 ) ( -70.047 51.9654 -4.94868 1 ) ( -70.1797 51.9224 -5.0229 1 ) ( -70.3138 51.8998 -5.10847 1 ) ( -70.444 51.8987 -5.20101 1 ) ( -70.5663 51.92 -5.29715 1 ) ( -70.6867 51.9634 -5.4009 1 ) ( -70.783 52.0087 -5.48824 1 ) ( -70.8911 52.0682 -5.59054 1 ) ( -70.9034 52.0748 -5.60225 1 ) 
( -69.5445 52.0462 -4.85482 1 ) ( -69.5599 52.0387 -4.85944 1 ) ( -69.7037 51.9767 -4.90692 1 ) ( -69.8304 51.9258 -4.95462 1 ) ( -69.9812 51.8677 -5.01611 1 ) ( -70.1284 51.83 -5.08883 1 ) ( -70.276 51.8152 -5.17446 1 ) ( -70.4195 51.8193 -5.26758 1 ) ( -70.5556 51.8421 -5.36523 1 ) ( -70.6896 51.8831 -5.47323 1 ) ( -70.7975 51.9259 -5.56522 1 ) ( -70.9145 51.9806 -5.67759 1 ) ( -70.9275 51.9863 -5.69074 1 ) 
( -69.4472 51.9298 -4.92267 1 ) ( -69.4641 51.9232 -4.92666 1 ) ( -69.6209 51.8753 -4.97014 1 ) ( -69.7587 51.8348 -5.01633 1 ) ( -69.9235 51.7819 -5.07527 1 ) ( -70.0833 51.7489 -5.14667 1 ) ( -70.2428 51.7409 -5.23237 1 ) ( -70.3981 51.7496 -5.326 1 ) ( -70.5462 51.7738 -5.42496 1 ) ( -70.6921 51.8127 -5.5367 1 ) ( -70.8102 51.8533 -5.63277 1 ) ( -70.9351 51.9038 -5.75396 1 ) ( -70.9487 51.9087 -5.76838 1 ) 
( -69.3314 51.7913 -5.00342 1 ) ( -69.3502 51.7857 -5.00666 1 ) ( -69.5223 51.7545 -5.04539 1 ) ( -69.6735 51.7265 -5.08976 1 ) ( -69.8548 51.6799 -5.14568 1 ) ( -70.0298 51.6524 -5.2155 1 ) ( -70.2033 51.6526 -5.30127 1 ) ( -70.3726 51.6667 -5.39551 1 ) ( -70.5349 51.6926 -5.49605 1 ) ( -70.6951 51.7288 -5.61223 1 ) ( -70.8253 51.7669 -5.71315 1 ) ( -70.9595 51.8123 -5.84485 1 ) ( -70.9738 51.8163 -5.86077 1 ) 
( -69.2206 51.6586 -5.08072 1 ) ( -69.2411 51.654 -5.08326 1 ) ( -69.428 51.6389 -5.11742 1 ) ( -69.5919 51.6228 -5.16007 1 ) ( -69.789 51.5822 -5.21308 1 ) ( -69.9785 51.56 -5.28141 1 ) ( -70.1655 51.568 -5.36724 1 ) ( -70.3482 51.5873 -5.46207 1 ) ( -70.5242 51.6148 -5.56411 1 ) ( -70.698 51.6486 -5.68454 1 ) ( -70.8398 51.6841 -5.79012 1 ) ( -70.983 51.7248 -5.93186 1 ) ( -70.9979 51.7278 -5.94923 1 ) 
( -69.1085 51.5245 -5.15889 1 ) ( -69.1308 51.5209 -5.1607 1 ) ( -69.3326 51.5221 -5.19026 1 ) ( -69.5093 51.518 -5.23117 1 ) ( -69.7226 51.4834 -5.28124 1 ) ( -69.9266 51.4665 -5.34804 1 ) ( -70.1272 51.4824 -5.43395 1 ) ( -70.3235 51.507 -5.52936 1 ) ( -70.5133 51.5361 -5.63293 1 ) ( -70.7009 51.5674 -5.75766 1 ) ( -70.8544 51.6005 -5.86793 1 ) ( -71.0066 51.6363 -6.01985 1 ) ( -71.0223 51.6383 -6.03867 1 ) 
( -68.9964 51.3904 -5.23706 1 ) ( -69.0204 51.3878 -5.23815 1 ) ( -69.2371 51.4052 -5.2631 1 ) ( -69.4268 51.4132 -5.30226 1 ) ( -69.6561 51.3846 -5.34939 1 ) ( -69.8748 51.3731 -5.41468 1 ) ( -70.089 51.3969 -5.50066 1 ) ( -70.2988 51.4267 -5.59666 1 ) ( -70.5024 51.4574 -5.70174 1 ) ( -70.7038 51.4863 -5.83077 1 ) ( -70.8691 51.5168 -5.94575 1 ) ( -71.0303 51.5478 -6.10783 1 ) ( -71.0466 51.5488 -6.12812 1 ) 
( -68.8856 51.2578 -5.31437 1 ) ( -68.9113 51.2561 -5.31474 1 ) ( -69.1428 51.2896 -5.33514 1 ) ( -69.3452 51.3095 -5.37257 1 ) ( -69.5903 51.2869 -5.4168 1 ) ( -69.8235 51.2807 -5.48058 1 ) ( -70.0512 51.3123 -5.56663 1 ) ( -70.2744 51.3472 -5.66321 1 ) ( -70.4917 51.3796 -5.7698 1 ) ( -70.7067 51.4061 -5.90308 1 ) ( -70.8836 51.4341 -6.02271 1 ) ( -71.0537 51.4602 -6.19485 1 ) ( -71.0707 51.4604 -6.21658 1 ) 
( -68.7698 51.1192 -5.39511 1 ) ( -68.7974 51.1186 -5.39474 1 ) ( -69.0442 51.1688 -5.41038 1 ) ( -69.2599 51.2012 -5.44601 1 ) ( -69.5216 51.1848 -5.48721 1 ) ( -69.7699 51.1841 -5.54942 1 ) ( -70.0117 51.2239 -5.63554 1 ) ( -70.2489 51.2643 -5.73273 1 ) ( -70.4805 51.2983 -5.84089 1 ) ( -70.7097 51.3222 -5.97861 1 ) ( -70.8987 51.3477 -6.1031 1 ) ( -71.0782 51.3688 -6.28574 1 ) ( -71.0959 51.368 -6.30897 1 ) 
( -68.6726 51.0028 -5.46297 1 ) ( -68.7016 51.0031 -5.46196 1 ) ( -68.9614 51.0674 -5.4736 1 ) ( -69.1883 51.1102 -5.50772 1 ) ( -69.4639 51.0991 -5.54637 1 ) ( -69.7249 51.103 -5.60726 1 ) ( -69.9785 51.1497 -5.69344 1 ) ( -70.2275 51.1946 -5.79114 1 ) ( -70.471 51.23 -5.90063 1 ) ( -70.7123 51.2518 -6.04208 1 ) ( -70.9114 51.275 -6.17064 1 ) ( -71.0988 51.292 -6.36211 1 ) ( -71.117 51.2903 -6.38661 1 ) 
( -68.5617 50.8701 -5.5403 1 ) ( -68.5925 50.8714 -5.53858 1 ) ( -68.867 50.9518 -5.54566 1 ) ( -69.1067 51.0065 -5.57805 1 ) ( -69.3981 51.0014 -5.61379 1 ) ( -69.6736 51.0106 -5.67318 1 ) ( -69.9406 51.0651 -5.75943 1 ) ( -70.2031 51.1152 -5.85771 1 ) ( -70.4603 51.1522 -5.96871 1 ) ( -70.7152 51.1715 -6.11441 1 ) ( -70.9259 51.1923 -6.24763 1 ) ( -71.1222 51.2044 -6.44916 1 ) ( -71.1411 51.2018 -6.47509 1 ) 
( -68.5492 50.8552 -5.54901 1 ) ( -68.5802 50.8566 -5.54721 1 ) ( -68.8564 50.9387 -5.55378 1 ) ( -69.0974 50.9949 -5.58598 1 ) ( -69.3907 50.9903 -5.62139 1 ) ( -69.6678 51.0002 -5.68061 1 ) ( -69.9364 51.0555 -5.76687 1 ) ( -70.2003 51.1062 -5.86522 1 ) ( -70.4591 51.1434 -5.97638 1 ) ( -70.7155 51.1625 -6.12257 1 ) ( -70.9275 51.183 -6.2563 1 ) ( -71.1248 51.1945 -6.45897 1 ) ( -71.1439 51.1918 -6.48507 1 ) 
