 Knots U 
0 0 0 0 0.0487871 0.0986422 0.148937 0.199051 0.249227 0.299396 0.349554 0.399711 0.449874 0.500051 0.55024 0.60036 0.650502 0.700675 0.750832 0.800996 0.851144 0.901326 0.951287 1 1 1 1 
 Knots V 
0 0 0 0 0.0499511 0.100186 0.150779 0.201307 0.251836 0.302372 0.352904 0.403438 0.45397 0.504505 0.555052 0.605589 0.656117 0.706643 0.757163 0.807717 0.85818 0.908525 0.956957 1 1 1 1 
 Poles & Weights 
( -73.1034 55.8919 -13.7294 1 ) ( -73.1529 55.9086 -13.7492 1 ) ( -73.6212 56.0226 -13.8049 1 ) ( -74.0277 56.1041 -13.7594 1 ) ( -74.5109 56.2161 -13.7608 1 ) ( -74.9781 56.3221 -13.7539 1 ) ( -75.4477 56.4336 -13.7478 1 ) ( -75.9168 56.5435 -13.7427 1 ) ( -76.3857 56.6556 -13.7378 1 ) ( -76.8469 56.7968 -13.7463 1 ) ( -77.3133 56.9184 -13.7458 1 ) ( -77.7836 57.0248 -13.7386 1 ) ( -78.2523 57.1348 -13.733 1 ) ( -78.7224 57.2436 -13.7268 1 ) ( -79.194 57.3436 -13.7166 1 ) ( -79.6624 57.4562 -13.7123 1 ) ( -80.1263 57.5875 -13.716 1 ) ( -80.5971 57.6955 -13.7098 1 ) ( -81.0641 57.7953 -13.6994 1 ) ( -81.5496 57.9103 -13.6943 1 ) ( -81.9492 58.0065 -13.6947 1 ) ( -82.4137 58.1411 -13.6524 1 ) ( -82.4655 58.1587 -13.6476 1 ) 
( -73.0971 55.9046 -13.6839 1 ) ( -73.1466 55.9212 -13.7034 1 ) ( -73.6149 56.0356 -13.7575 1 ) ( -74.0218 56.1173 -13.7121 1 ) ( -74.5054 56.2294 -13.7133 1 ) ( -74.9729 56.3354 -13.7063 1 ) ( -75.4429 56.447 -13.7001 1 ) ( -75.9124 56.557 -13.6949 1 ) ( -76.3817 56.6691 -13.6898 1 ) ( -76.8433 56.8102 -13.698 1 ) ( -77.3102 56.9318 -13.6975 1 ) ( -77.7808 57.0383 -13.6902 1 ) ( -78.25 57.148 -13.6846 1 ) ( -78.7204 57.2572 -13.6786 1 ) ( -79.1924 57.3572 -13.6686 1 ) ( -79.6612 57.4697 -13.6643 1 ) ( -80.1256 57.6009 -13.6681 1 ) ( -80.5968 57.7089 -13.6619 1 ) ( -81.0641 57.8088 -13.6518 1 ) ( -81.5501 57.9238 -13.6469 1 ) ( -81.9501 58.0198 -13.6473 1 ) ( -82.4147 58.1539 -13.6065 1 ) ( -82.4666 58.1714 -13.6019 1 ) 
( -72.9612 56.0087 -13.2798 1 ) ( -73.0116 56.0257 -13.297 1 ) ( -73.4874 56.1446 -13.3363 1 ) ( -73.9038 56.2287 -13.2912 1 ) ( -74.3991 56.3428 -13.2905 1 ) ( -74.8776 56.4508 -13.2819 1 ) ( -75.3588 56.5641 -13.2743 1 ) ( -75.8394 56.6758 -13.2676 1 ) ( -76.3199 56.7896 -13.2609 1 ) ( -76.7932 56.9308 -13.2671 1 ) ( -77.2715 57.0533 -13.2653 1 ) ( -77.7533 57.1617 -13.2577 1 ) ( -78.2342 57.2713 -13.2513 1 ) ( -78.7152 57.3846 -13.2468 1 ) ( -79.1985 57.4858 -13.2375 1 ) ( -79.6788 57.5986 -13.2337 1 ) ( -80.1549 57.7297 -13.2379 1 ) ( -80.6375 57.8385 -13.2324 1 ) ( -81.1158 57.9409 -13.2235 1 ) ( -81.6133 58.0572 -13.2203 1 ) ( -82.0241 58.1528 -13.2208 1 ) ( -82.4979 58.2834 -13.1937 1 ) ( -82.5506 58.3003 -13.1911 1 ) 
( -72.8999 56.1092 -12.9204 1 ) ( -72.9504 56.1263 -12.9355 1 ) ( -73.4255 56.2481 -12.9619 1 ) ( -73.8442 56.3335 -12.9172 1 ) ( -74.3424 56.4482 -12.9148 1 ) ( -74.8234 56.5567 -12.905 1 ) ( -75.3073 56.6704 -12.8962 1 ) ( -75.7906 56.7825 -12.8882 1 ) ( -76.2738 56.8968 -12.8803 1 ) ( -76.7501 57.037 -12.8847 1 ) ( -77.2313 57.1592 -12.8819 1 ) ( -77.7158 57.2683 -12.8741 1 ) ( -78.1998 57.3766 -12.8671 1 ) ( -78.6829 57.4924 -12.8639 1 ) ( -79.169 57.5935 -12.8553 1 ) ( -79.6524 57.7056 -12.852 1 ) ( -80.1315 57.8355 -12.8565 1 ) ( -80.6171 57.9438 -12.8516 1 ) ( -81.0979 58.0474 -12.844 1 ) ( -81.5982 58.1637 -12.8423 1 ) ( -82.0122 58.258 -12.8429 1 ) ( -82.487 58.3844 -12.8277 1 ) ( -82.5395 58.4006 -12.8269 1 ) 
( -72.862 56.2361 -12.489 1 ) ( -72.9121 56.2533 -12.5018 1 ) ( -73.3838 56.3782 -12.5131 1 ) ( -73.8028 56.4648 -12.4689 1 ) ( -74.3016 56.58 -12.4649 1 ) ( -74.7829 56.6889 -12.4537 1 ) ( -75.2673 56.8027 -12.4437 1 ) ( -75.7511 56.915 -12.4345 1 ) ( -76.2348 57.0295 -12.4252 1 ) ( -76.712 57.1682 -12.4278 1 ) ( -77.1938 57.2898 -12.424 1 ) ( -77.6788 57.3993 -12.4161 1 ) ( -78.1638 57.5058 -12.4086 1 ) ( -78.6467 57.6243 -12.4072 1 ) ( -79.1335 57.725 -12.3996 1 ) ( -79.6177 57.8359 -12.3971 1 ) ( -80.0977 57.9642 -12.4022 1 ) ( -80.5841 58.0716 -12.3983 1 ) ( -81.0652 58.1763 -12.3922 1 ) ( -81.5658 58.2923 -12.3926 1 ) ( -81.9815 58.3848 -12.3934 1 ) ( -82.4547 58.5061 -12.3927 1 ) ( -82.5068 58.5214 -12.394 1 ) 
( -72.8109 56.3586 -12.0767 1 ) ( -72.8609 56.3761 -12.0872 1 ) ( -73.331 56.5045 -12.0841 1 ) ( -73.7517 56.5929 -12.0405 1 ) ( -74.2527 56.7091 -12.0349 1 ) ( -74.7359 56.8189 -12.0226 1 ) ( -75.2225 56.9336 -12.0115 1 ) ( -75.7083 57.0467 -12.0011 1 ) ( -76.1941 57.1619 -11.9906 1 ) ( -76.6738 57.2998 -11.9915 1 ) ( -77.158 57.4215 -11.9869 1 ) ( -77.6449 57.532 -11.979 1 ) ( -78.1326 57.6373 -11.971 1 ) ( -78.617 57.759 -11.9715 1 ) ( -79.1059 57.86 -11.965 1 ) ( -79.5926 57.9703 -11.9633 1 ) ( -80.0751 58.0976 -11.969 1 ) ( -80.5638 58.2049 -11.9661 1 ) ( -81.0469 58.3112 -11.9618 1 ) ( -81.5496 58.4275 -11.9642 1 ) ( -81.9683 58.5188 -11.9653 1 ) ( -82.4415 58.6357 -11.9786 1 ) ( -82.4933 58.6503 -11.9819 1 ) 
( -72.759 56.4835 -11.6603 1 ) ( -72.8089 56.5012 -11.6685 1 ) ( -73.2768 56.6334 -11.6509 1 ) ( -73.6988 56.7238 -11.608 1 ) ( -74.2016 56.8412 -11.6009 1 ) ( -74.6862 56.9523 -11.5875 1 ) ( -75.1744 57.0679 -11.5754 1 ) ( -75.6619 57.1821 -11.5639 1 ) ( -76.1492 57.2984 -11.5522 1 ) ( -76.631 57.4357 -11.5515 1 ) ( -77.1169 57.5576 -11.546 1 ) ( -77.6055 57.6693 -11.5382 1 ) ( -78.0954 57.7738 -11.5299 1 ) ( -78.5806 57.8989 -11.5323 1 ) ( -79.0713 58.0004 -11.5269 1 ) ( -79.56 58.1103 -11.5261 1 ) ( -80.0445 58.2369 -11.5326 1 ) ( -80.5351 58.3442 -11.5308 1 ) ( -81.0196 58.4524 -11.5282 1 ) ( -81.5239 58.5693 -11.5327 1 ) ( -81.9452 58.6596 -11.5342 1 ) ( -82.4179 58.7722 -11.5617 1 ) ( -82.4695 58.7861 -11.567 1 ) 
( -72.7102 56.6082 -11.2447 1 ) ( -72.7599 56.626 -11.2506 1 ) ( -73.2256 56.762 -11.2186 1 ) ( -73.649 56.8541 -11.1763 1 ) ( -74.1536 56.9727 -11.1677 1 ) ( -74.6397 57.0847 -11.1531 1 ) ( -75.1296 57.2012 -11.14 1 ) ( -75.6187 57.3163 -11.1273 1 ) ( -76.1076 57.4334 -11.1145 1 ) ( -76.5915 57.5699 -11.1121 1 ) ( -77.0793 57.6919 -11.1058 1 ) ( -77.5694 57.8047 -11.098 1 ) ( -78.0615 57.9081 -11.0894 1 ) ( -78.5477 58.0365 -11.0936 1 ) ( -79.0402 58.1383 -11.0894 1 ) ( -79.5309 58.2477 -11.0895 1 ) ( -80.0175 58.3734 -11.0966 1 ) ( -80.51 58.4806 -11.0959 1 ) ( -80.9959 58.5904 -11.095 1 ) ( -81.5019 58.7078 -11.1016 1 ) ( -81.9257 58.7969 -11.1034 1 ) ( -82.398 58.9052 -11.145 1 ) ( -82.4493 58.9183 -11.1524 1 ) 
( -72.6596 56.7317 -10.8287 1 ) ( -72.7092 56.7498 -10.8322 1 ) ( -73.1728 56.8895 -10.7857 1 ) ( -73.5976 56.9834 -10.7441 1 ) ( -74.1041 57.1031 -10.7339 1 ) ( -74.5917 57.2162 -10.7182 1 ) ( -75.0834 57.3336 -10.704 1 ) ( -75.5741 57.4496 -10.6903 1 ) ( -76.0648 57.5675 -10.6763 1 ) ( -76.5508 57.7033 -10.6721 1 ) ( -77.0406 57.8254 -10.665 1 ) ( -77.5324 57.9393 -10.6573 1 ) ( -78.0267 58.0417 -10.6482 1 ) ( -78.514 58.1733 -10.6543 1 ) ( -79.0084 58.2755 -10.6512 1 ) ( -79.5011 58.3844 -10.6522 1 ) ( -79.9899 58.5092 -10.66 1 ) ( -80.4843 58.6163 -10.6603 1 ) ( -80.9718 58.7278 -10.6611 1 ) ( -81.4795 58.8456 -10.6699 1 ) ( -81.906 58.9336 -10.672 1 ) ( -82.378 59.0375 -10.7277 1 ) ( -82.429 59.0499 -10.7372 1 ) 
( -72.6113 56.8544 -10.4122 1 ) ( -72.6607 56.8727 -10.4135 1 ) ( -73.1222 57.016 -10.3525 1 ) ( -73.5482 57.1117 -10.3115 1 ) ( -74.0565 57.2324 -10.2998 1 ) ( -74.5455 57.3465 -10.2829 1 ) ( -75.0389 57.4647 -10.2677 1 ) ( -75.5312 57.5815 -10.2528 1 ) ( -76.0234 57.7002 -10.2376 1 ) ( -76.5114 57.8353 -10.2317 1 ) ( -77.003 57.9574 -10.2237 1 ) ( -77.4964 58.0723 -10.2161 1 ) ( -77.9928 58.1735 -10.2066 1 ) ( -78.481 58.3084 -10.2146 1 ) ( -78.9772 58.4108 -10.2125 1 ) ( -79.4719 58.5192 -10.2144 1 ) ( -79.9627 58.643 -10.2229 1 ) ( -80.459 58.7499 -10.2243 1 ) ( -80.9479 58.8631 -10.2267 1 ) ( -81.4571 58.9813 -10.2376 1 ) ( -81.8862 59.068 -10.24 1 ) ( -82.3577 59.1676 -10.3099 1 ) ( -82.4084 59.1792 -10.3213 1 ) 
( -72.5585 56.9784 -9.99661 1 ) ( -72.6078 56.9969 -9.99555 1 ) ( -73.0673 57.1438 -9.92004 1 ) ( -73.4949 57.2414 -9.87967 1 ) ( -74.0051 57.3632 -9.86638 1 ) ( -74.4958 57.4783 -9.84836 1 ) ( -74.991 57.5973 -9.83205 1 ) ( -75.4851 57.715 -9.81599 1 ) ( -75.9792 57.8346 -9.79961 1 ) ( -76.4695 57.9688 -9.79204 1 ) ( -76.9631 58.091 -9.78315 1 ) ( -77.4583 58.2071 -9.77555 1 ) ( -77.9571 58.3072 -9.76568 1 ) ( -78.4465 58.4453 -9.77548 1 ) ( -78.9446 58.5481 -9.77455 1 ) ( -79.4415 58.6559 -9.77727 1 ) ( -79.9346 58.7788 -9.78644 1 ) ( -80.433 58.8856 -9.78882 1 ) ( -80.9236 59.0005 -9.79296 1 ) ( -81.4346 59.1191 -9.80591 1 ) ( -81.8665 59.2046 -9.80868 1 ) ( -82.3377 59.2998 -9.8926 1 ) ( -82.3882 59.3107 -9.90613 1 ) 
( -72.5105 57.1013 -9.5801 1 ) ( -72.5596 57.12 -9.57674 1 ) ( -73.0169 57.271 -9.48688 1 ) ( -73.4457 57.3706 -9.44727 1 ) ( -73.9576 57.494 -9.43258 1 ) ( -74.4497 57.6105 -9.41355 1 ) ( -74.9465 57.7308 -9.39633 1 ) ( -75.4421 57.8498 -9.37926 1 ) ( -75.9378 57.9706 -9.36184 1 ) ( -76.43 58.1045 -9.35272 1 ) ( -76.9253 58.2272 -9.34312 1 ) ( -77.4221 58.3447 -9.3357 1 ) ( -77.923 58.4441 -9.32559 1 ) ( -78.4132 58.5859 -9.33739 1 ) ( -78.913 58.6894 -9.3377 1 ) ( -79.4118 58.7972 -9.34143 1 ) ( -79.9068 58.9195 -9.35143 1 ) ( -80.407 59.0266 -9.355 1 ) ( -80.899 59.1436 -9.36097 1 ) ( -81.4116 59.263 -9.37616 1 ) ( -81.8459 59.3477 -9.37939 1 ) ( -82.3167 59.4389 -9.47756 1 ) ( -82.3669 59.4491 -9.49316 1 ) 
( -72.4771 57.2239 -9.16217 1 ) ( -72.5259 57.2428 -9.15652 1 ) ( -72.9796 57.3973 -9.05224 1 ) ( -73.4085 57.4986 -9.01334 1 ) ( -73.9208 57.6229 -8.99718 1 ) ( -74.4128 57.7403 -8.97708 1 ) ( -74.9099 57.8613 -8.95888 1 ) ( -75.4057 57.981 -8.94076 1 ) ( -75.9015 58.1025 -8.92223 1 ) ( -76.3943 58.2355 -8.91149 1 ) ( -76.8901 58.3581 -8.90111 1 ) ( -77.387 58.4765 -8.89381 1 ) ( -77.8886 58.5748 -8.88339 1 ) ( -78.3784 58.7196 -8.89713 1 ) ( -78.8785 58.8233 -8.89863 1 ) ( -79.3779 58.9304 -8.90331 1 ) ( -79.8735 59.0517 -8.91406 1 ) ( -80.3742 59.1584 -8.91876 1 ) ( -80.8662 59.277 -8.9265 1 ) ( -81.3789 59.3966 -8.94387 1 ) ( -81.8146 59.4801 -8.94749 1 ) ( -82.2835 59.5667 -9.05985 1 ) ( -82.3332 59.5761 -9.07751 1 ) 
( -72.4502 57.3587 -8.74745 1 ) ( -72.4986 57.3778 -8.73949 1 ) ( -72.9476 57.5351 -8.62068 1 ) ( -73.3757 57.6375 -8.58238 1 ) ( -73.8872 57.762 -8.56464 1 ) ( -74.3783 57.8797 -8.54335 1 ) ( -74.8745 58.0006 -8.52407 1 ) ( -75.3695 58.1204 -8.50477 1 ) ( -75.8645 58.2419 -8.48502 1 ) ( -76.3569 58.3733 -8.47254 1 ) ( -76.852 58.4952 -8.46128 1 ) ( -77.348 58.6138 -8.45399 1 ) ( -77.8494 58.7102 -8.44314 1 ) ( -78.3377 58.8575 -8.4587 1 ) ( -78.8371 58.9606 -8.46127 1 ) ( -79.336 59.0663 -8.46679 1 ) ( -79.8312 59.1859 -8.47819 1 ) ( -80.3313 59.2917 -8.4839 1 ) ( -80.8223 59.4111 -8.4933 1 ) ( -81.3341 59.5303 -8.51272 1 ) ( -81.7703 59.6118 -8.51664 1 ) ( -82.2363 59.6933 -8.64308 1 ) ( -82.2854 59.7019 -8.66279 1 ) 
( -72.4339 57.4829 -8.32887 1 ) ( -72.4817 57.5021 -8.31861 1 ) ( -72.9255 57.6626 -8.18541 1 ) ( -73.3522 57.7663 -8.14784 1 ) ( -73.8624 57.8914 -8.12866 1 ) ( -74.3518 58.0096 -8.10633 1 ) ( -74.8466 58.1309 -8.08609 1 ) ( -75.3401 58.2511 -8.06576 1 ) ( -75.8336 58.3729 -8.04492 1 ) ( -76.325 58.503 -8.03086 1 ) ( -76.8189 58.6245 -8.01885 1 ) ( -77.3134 58.7437 -8.01171 1 ) ( -77.8139 58.8385 -8.00057 1 ) ( -78.3 58.9886 -8.0181 1 ) ( -78.7981 59.0915 -8.02188 1 ) ( -79.2959 59.1962 -8.02837 1 ) ( -79.7901 59.3144 -8.04056 1 ) ( -80.289 59.4195 -8.04743 1 ) ( -80.7784 59.5401 -8.05862 1 ) ( -81.2886 59.6592 -8.08024 1 ) ( -81.7248 59.7392 -8.08458 1 ) ( -82.1872 59.8158 -8.22524 1 ) ( -82.2357 59.8235 -8.24701 1 ) 
( -72.4128 57.6092 -7.91109 1 ) ( -72.4602 57.6285 -7.89853 1 ) ( -72.899 57.792 -7.75088 1 ) ( -73.3247 57.8969 -7.71397 1 ) ( -73.8337 58.0224 -7.69329 1 ) ( -74.3217 58.1409 -7.66984 1 ) ( -74.8154 58.2623 -7.6486 1 ) ( -75.3077 58.3827 -7.62716 1 ) ( -75.8 58.5046 -7.60518 1 ) ( -76.2906 58.6333 -7.58946 1 ) ( -76.7835 58.7541 -7.57663 1 ) ( -77.2768 58.8738 -7.56957 1 ) ( -77.7766 58.9667 -7.55808 1 ) ( -78.2609 59.1194 -7.57751 1 ) ( -78.7579 59.2219 -7.58243 1 ) ( -79.2549 59.3254 -7.58983 1 ) ( -79.7484 59.4419 -7.60274 1 ) ( -80.2463 59.5463 -7.6107 1 ) ( -80.7344 59.6678 -7.62362 1 ) ( -81.2432 59.7866 -7.64738 1 ) ( -81.6796 59.8648 -7.65208 1 ) ( -82.1388 59.9363 -7.80689 1 ) ( -82.1867 59.9433 -7.83072 1 ) 
( -72.3961 57.7366 -7.49376 1 ) ( -72.443 57.7561 -7.47889 1 ) ( -72.8765 57.9224 -7.31678 1 ) ( -73.3009 58.0286 -7.28055 1 ) ( -73.8086 58.1544 -7.25836 1 ) ( -74.295 58.2732 -7.23379 1 ) ( -74.7874 58.3948 -7.21153 1 ) ( -75.2782 58.5153 -7.18899 1 ) ( -75.7691 58.6373 -7.16585 1 ) ( -76.2587 58.7646 -7.14847 1 ) ( -76.7505 58.8847 -7.13482 1 ) ( -77.2423 59.0047 -7.12784 1 ) ( -77.7412 59.0959 -7.11599 1 ) ( -78.2234 59.2511 -7.13732 1 ) ( -78.7192 59.3532 -7.14338 1 ) ( -79.2151 59.4555 -7.15169 1 ) ( -79.7076 59.5704 -7.16531 1 ) ( -80.2044 59.6738 -7.17435 1 ) ( -80.6909 59.7964 -7.18899 1 ) ( -81.1982 59.9148 -7.21488 1 ) ( -81.6346 59.9913 -7.21995 1 ) ( -82.0903 60.0577 -7.3889 1 ) ( -82.1375 60.0638 -7.41478 1 ) 
( -72.3755 57.8621 -7.07529 1 ) ( -72.4219 57.8817 -7.05811 1 ) ( -72.8505 58.0511 -6.8815 1 ) ( -73.2737 58.1584 -6.84591 1 ) ( -73.7803 58.2847 -6.82219 1 ) ( -74.2654 58.4039 -6.79648 1 ) ( -74.7566 58.5257 -6.77318 1 ) ( -75.2462 58.6465 -6.74951 1 ) ( -75.7359 58.7687 -6.7252 1 ) ( -76.2248 58.8945 -6.70614 1 ) ( -76.7155 59.0141 -6.69165 1 ) ( -77.2062 59.1346 -6.68473 1 ) ( -77.7045 59.224 -6.67251 1 ) ( -78.1848 59.3818 -6.69571 1 ) ( -78.6795 59.4837 -6.70289 1 ) ( -79.1746 59.5848 -6.71209 1 ) ( -79.6663 59.6981 -6.72641 1 ) ( -80.1622 59.8008 -6.73651 1 ) ( -80.6474 59.9244 -6.75287 1 ) ( -81.1534 60.0426 -6.78087 1 ) ( -81.59 60.1173 -6.78628 1 ) ( -82.0424 60.1787 -6.96938 1 ) ( -82.089 60.184 -6.99732 1 ) 
( -72.3419 57.9831 -6.65995 1 ) ( -72.3879 58.0029 -6.64051 1 ) ( -72.8123 58.1754 -6.44976 1 ) ( -73.2351 58.2842 -6.41496 1 ) ( -73.7414 58.411 -6.3899 1 ) ( -74.2259 58.5308 -6.36325 1 ) ( -74.7168 58.653 -6.33909 1 ) ( -75.2059 58.7741 -6.31448 1 ) ( -75.6952 58.8968 -6.28919 1 ) ( -76.1841 59.0214 -6.26863 1 ) ( -76.6746 59.1406 -6.25349 1 ) ( -77.1648 59.2616 -6.24679 1 ) ( -77.6632 59.3496 -6.23437 1 ) ( -78.1424 59.5101 -6.25961 1 ) ( -78.6369 59.6118 -6.26807 1 ) ( -79.132 59.7119 -6.27831 1 ) ( -79.6237 59.8239 -6.29349 1 ) ( -80.1194 59.926 -6.30482 1 ) ( -80.604 60.0508 -6.32303 1 ) ( -81.1096 60.169 -6.35329 1 ) ( -81.5469 60.2421 -6.35919 1 ) ( -81.9969 60.2987 -6.55642 1 ) ( -82.043 60.3032 -6.58642 1 ) 
( -72.3775 58.1292 -6.23981 1 ) ( -72.4225 58.1489 -6.21796 1 ) ( -72.8367 58.3231 -6.01208 1 ) ( -73.2543 58.4319 -5.97776 1 ) ( -73.7543 58.5577 -5.9509 1 ) ( -74.2326 58.6764 -5.92285 1 ) ( -74.7173 58.7973 -5.8974 1 ) ( -75.2003 58.9172 -5.87142 1 ) ( -75.6834 59.0386 -5.84469 1 ) ( -76.1666 59.1603 -5.82219 1 ) ( -76.6512 59.2775 -5.80596 1 ) ( -77.1352 59.3975 -5.7991 1 ) ( -77.628 59.4822 -5.78607 1 ) ( -78.1004 59.644 -5.81302 1 ) ( -78.5889 59.7439 -5.82241 1 ) ( -79.0782 59.8413 -5.83334 1 ) ( -79.5642 59.9502 -5.84903 1 ) ( -80.054 60.0501 -5.86122 1 ) ( -80.5324 60.1745 -5.88097 1 ) ( -81.0315 60.2909 -5.91318 1 ) ( -81.4649 60.361 -5.91924 1 ) ( -81.9065 60.411 -6.1308 1 ) ( -81.9514 60.4144 -6.16289 1 ) 
( -72.4271 58.2441 -5.89758 1 ) ( -72.4711 58.2638 -5.87389 1 ) ( -72.8756 58.4391 -5.65632 1 ) ( -73.2873 58.5477 -5.62239 1 ) ( -73.7805 58.6724 -5.59414 1 ) ( -74.2519 58.7902 -5.56504 1 ) ( -74.73 58.9098 -5.53861 1 ) ( -75.2062 59.0286 -5.51157 1 ) ( -75.6826 59.1488 -5.48375 1 ) ( -76.1594 59.2681 -5.45975 1 ) ( -76.6375 59.3835 -5.4427 1 ) ( -77.1147 59.5025 -5.43573 1 ) ( -77.6013 59.5845 -5.42224 1 ) ( -78.0664 59.747 -5.45052 1 ) ( -78.5483 59.8453 -5.46064 1 ) ( -79.0311 59.9405 -5.47213 1 ) ( -79.5108 60.0468 -5.48821 1 ) ( -79.994 60.1447 -5.50109 1 ) ( -80.4656 60.2686 -5.52204 1 ) ( -80.9577 60.3834 -5.55576 1 ) ( -81.3863 60.451 -5.56196 1 ) ( -81.8195 60.4957 -5.7846 1 ) ( -81.8633 60.4983 -5.8183 1 ) 
( -72.7057 58.4124 -5.56476 1 ) ( -72.7459 58.4315 -5.53867 1 ) ( -73.1155 58.603 -5.30621 1 ) ( -73.5009 58.7071 -5.2734 1 ) ( -73.9628 58.8252 -5.24404 1 ) ( -74.4036 58.9365 -5.21422 1 ) ( -74.851 59.0495 -5.18719 1 ) ( -75.2966 59.1617 -5.15946 1 ) ( -75.7424 59.2752 -5.1309 1 ) ( -76.1891 59.3861 -5.10561 1 ) ( -76.6368 59.494 -5.08817 1 ) ( -77.0834 59.6066 -5.08176 1 ) ( -77.5399 59.6798 -5.06838 1 ) ( -77.9737 59.8383 -5.09916 1 ) ( -78.4252 59.9293 -5.11098 1 ) ( -78.8778 60.0164 -5.12391 1 ) ( -79.3273 60.1142 -5.14123 1 ) ( -79.7802 60.2044 -5.15574 1 ) ( -80.2213 60.3226 -5.17901 1 ) ( -80.6816 60.43 -5.2155 1 ) ( -81.0855 60.4899 -5.22249 1 ) ( -81.4857 60.5223 -5.46066 1 ) ( -81.5255 60.5233 -5.49661 1 ) 
( -72.7473 58.4343 -5.53352 1 ) ( -72.7871 58.4533 -5.50715 1 ) ( -73.1519 58.6241 -5.27293 1 ) ( -73.5336 58.7274 -5.24019 1 ) ( -73.9911 58.8445 -5.21064 1 ) ( -74.4276 58.9548 -5.18068 1 ) ( -74.8707 59.0668 -5.15352 1 ) ( -75.3121 59.1779 -5.12564 1 ) ( -75.7536 59.2904 -5.09693 1 ) ( -76.196 59.4001 -5.07144 1 ) ( -76.6394 59.5068 -5.05389 1 ) ( -77.0818 59.6184 -5.04748 1 ) ( -77.5341 59.6904 -5.03404 1 ) ( -77.9635 59.8481 -5.06504 1 ) ( -78.4107 59.9381 -5.07698 1 ) ( -78.8591 60.024 -5.09001 1 ) ( -79.3044 60.1205 -5.10741 1 ) ( -79.753 60.2096 -5.12205 1 ) ( -80.1898 60.3269 -5.14551 1 ) ( -80.6457 60.4331 -5.18225 1 ) ( -81.046 60.492 -5.18927 1 ) ( -81.4417 60.5227 -5.42915 1 ) ( -81.481 60.5235 -5.46534 1 ) 
