 Knots U 
0 0 0 0 0.0998189 0.199033 0.298454 0.398064 0.498211 0.599371 0.699868 0.799223 0.899756 1 1 1 1 
 Knots V 
0 0 0 0 0.1 0.2 0.3 0.4 0.5 0.6 0.7 0.8 0.9 1 1 1 1 
 Poles & Weights 
( -77.9 46.9962 3.82028 1 ) ( -77.8749 46.9962 3.81584 1 ) ( -77.648 46.9958 3.78905 1 ) ( -77.4529 46.9963 3.74073 1 ) ( -77.2319 46.9976 3.65067 1 ) ( -77.0357 46.9969 3.53129 1 ) ( -76.8559 46.9932 3.38506 1 ) ( -76.7011 46.9896 3.21665 1 ) ( -76.5703 46.9878 3.02892 1 ) ( -76.4667 46.9931 2.81024 1 ) ( -76.41 47.0053 2.62123 1 ) ( -76.3717 47.0272 2.39757 1 ) ( -76.3659 47.0294 2.37099 1 ) 
( -77.8619 47.0673 3.80455 1 ) ( -77.8368 47.0672 3.80013 1 ) ( -77.6105 47.0657 3.77353 1 ) ( -77.416 47.0652 3.72522 1 ) ( -77.1957 47.0653 3.63522 1 ) ( -77.0003 47.0637 3.51588 1 ) ( -76.8212 47.0592 3.36968 1 ) ( -76.6669 47.0549 3.20146 1 ) ( -76.5365 47.0524 3.01401 1 ) ( -76.4337 47.0571 2.7956 1 ) ( -76.3777 47.0689 2.60677 1 ) ( -76.3396 47.0901 2.38353 1 ) ( -76.3339 47.0922 2.35699 1 ) 
( -77.5235 47.6978 3.66499 1 ) ( -77.4991 47.6969 3.66081 1 ) ( -77.2782 47.686 3.63581 1 ) ( -77.089 47.6766 3.58758 1 ) ( -76.8752 47.6663 3.49815 1 ) ( -76.6861 47.656 3.37915 1 ) ( -76.5132 47.6449 3.23331 1 ) ( -76.3634 47.6337 3.06672 1 ) ( -76.2372 47.6247 2.88174 1 ) ( -76.1412 47.6246 2.66575 1 ) ( -76.0908 47.6332 2.4785 1 ) ( -76.0547 47.6479 2.25899 1 ) ( -76.0499 47.6496 2.23285 1 ) 
( -77.2267 48.2511 3.54254 1 ) ( -77.2029 48.2493 3.53856 1 ) ( -76.9866 48.2303 3.51497 1 ) ( -76.8021 48.2131 3.46682 1 ) ( -76.594 48.1935 3.37788 1 ) ( -76.4105 48.1757 3.25919 1 ) ( -76.243 48.1589 3.11365 1 ) ( -76.0972 48.1416 2.9485 1 ) ( -75.9746 48.1268 2.76569 1 ) ( -75.8846 48.1226 2.55181 1 ) ( -75.839 48.1283 2.36595 1 ) ( -75.8048 48.1373 2.14971 1 ) ( -75.8007 48.1386 2.12393 1 ) 
( -76.8734 48.9095 3.39682 1 ) ( -76.8503 48.9068 3.39308 1 ) ( -76.6396 48.878 3.37117 1 ) ( -76.4607 48.8515 3.32311 1 ) ( -76.2594 48.821 3.23475 1 ) ( -76.0825 48.7942 3.11642 1 ) ( -75.9214 48.7705 2.97125 1 ) ( -75.7803 48.746 2.80781 1 ) ( -75.6621 48.7244 2.62759 1 ) ( -75.5792 48.7152 2.41622 1 ) ( -75.5395 48.7175 2.23202 1 ) ( -75.5073 48.7197 2.01967 1 ) ( -75.5042 48.7205 1.9943 1 ) 
( -76.5351 49.5398 3.25731 1 ) ( -76.5127 49.5362 3.2538 1 ) ( -76.3073 49.4982 3.23349 1 ) ( -76.1338 49.4627 3.18552 1 ) ( -75.939 49.4218 3.09772 1 ) ( -75.7684 49.3864 2.97973 1 ) ( -75.6136 49.356 2.83491 1 ) ( -75.477 49.3247 2.67311 1 ) ( -75.3629 49.2965 2.49536 1 ) ( -75.2868 49.2826 2.28641 1 ) ( -75.2526 49.2816 2.10378 1 ) ( -75.2225 49.2773 1.89517 1 ) ( -75.2203 49.2777 1.87019 1 ) 
( -76.1932 50.1772 3.11624 1 ) ( -76.1714 50.1727 3.11297 1 ) ( -75.9714 50.1253 3.09427 1 ) ( -75.8033 50.0808 3.0464 1 ) ( -75.615 50.0292 2.95917 1 ) ( -75.4509 49.9851 2.84152 1 ) ( -75.3023 49.9481 2.69706 1 ) ( -75.1703 49.9098 2.53691 1 ) ( -75.0603 49.875 2.36167 1 ) ( -74.9911 49.8563 2.15515 1 ) ( -74.9626 49.852 1.97413 1 ) ( -74.9346 49.8411 1.76928 1 ) ( -74.9332 49.841 1.7447 1 ) 
( -75.8512 50.8146 2.97517 1 ) ( -75.8301 50.8091 2.97213 1 ) ( -75.6355 50.7523 2.95506 1 ) ( -75.4728 50.6988 2.90727 1 ) ( -75.291 50.6366 2.82061 1 ) ( -75.1334 50.5839 2.70331 1 ) ( -74.991 50.5401 2.55921 1 ) ( -74.8635 50.4949 2.40072 1 ) ( -74.7578 50.4535 2.22797 1 ) ( -74.6955 50.43 2.02389 1 ) ( -74.6726 50.4224 1.84447 1 ) ( -74.6466 50.4049 1.64339 1 ) ( -74.6461 50.4044 1.61922 1 ) 
( -75.5129 51.4449 2.83566 1 ) ( -75.4925 51.4386 2.83285 1 ) ( -75.3032 51.3725 2.81738 1 ) ( -75.1459 51.3101 2.76968 1 ) ( -74.9706 51.2374 2.68358 1 ) ( -74.8193 51.176 2.56662 1 ) ( -74.6831 51.1257 2.42287 1 ) ( -74.5602 51.0735 2.26602 1 ) ( -74.4586 51.0257 2.09575 1 ) ( -74.4031 50.9974 1.89407 1 ) ( -74.3858 50.9865 1.71624 1 ) ( -74.3619 50.9625 1.51889 1 ) ( -74.3622 50.9616 1.49511 1 ) 
( -75.1596 52.1033 2.68994 1 ) ( -75.14 52.096 2.68737 1 ) ( -74.9562 52.0202 2.67358 1 ) ( -74.8045 51.9485 2.62597 1 ) ( -74.6359 51.8648 2.54045 1 ) ( -74.4913 51.7945 2.42385 1 ) ( -74.3615 51.7372 2.28047 1 ) ( -74.2433 51.678 2.12532 1 ) ( -74.1461 51.6232 1.95764 1 ) ( -74.0977 51.59 1.75848 1 ) ( -74.0862 51.5757 1.5823 1 ) ( -74.0644 51.5449 1.38885 1 ) ( -74.0656 51.5435 1.36548 1 ) 
( -74.8628 52.6566 2.56749 1 ) ( -74.8437 52.6485 2.56513 1 ) ( -74.6646 52.5645 2.55274 1 ) ( -74.5176 52.485 2.50521 1 ) ( -74.3547 52.3921 2.42019 1 ) ( -74.2157 52.3143 2.30389 1 ) ( -74.0913 52.2512 2.16081 1 ) ( -73.9771 52.1858 2.0071 1 ) ( -73.8835 52.1254 1.84159 1 ) ( -73.841 52.088 1.64455 1 ) ( -73.8345 52.0708 1.46975 1 ) ( -73.8145 52.0343 1.27958 1 ) ( -73.8165 52.0325 1.25656 1 ) 
( -74.5244 53.2871 2.42793 1 ) ( -74.506 53.2781 2.4258 1 ) ( -74.3323 53.1848 2.41502 1 ) ( -74.1906 53.0964 2.36757 1 ) ( -74.0342 52.993 2.28311 1 ) ( -73.9015 52.9066 2.16716 1 ) ( -73.7834 52.8369 2.02443 1 ) ( -73.6737 52.7647 1.87236 1 ) ( -73.5842 52.6977 1.70933 1 ) ( -73.5485 52.6555 1.51469 1 ) ( -73.5476 52.635 1.34148 1 ) ( -73.5296 52.5921 1.15503 1 ) ( -73.5325 52.5899 1.13241 1 ) 
( -74.4863 53.3582 2.4122 1 ) ( -74.468 53.3491 2.41009 1 ) ( -74.2948 53.2548 2.39949 1 ) ( -74.1538 53.1653 2.35206 1 ) ( -73.9981 53.0608 2.26766 1 ) ( -73.8661 52.9734 2.15175 1 ) ( -73.7487 52.9029 2.00906 1 ) ( -73.6395 52.8299 1.85717 1 ) ( -73.5504 52.7622 1.69442 1 ) ( -73.5155 52.7195 1.50005 1 ) ( -73.5152 52.6987 1.32702 1 ) ( -73.4975 52.655 1.141 1 ) ( -73.5004 52.6527 1.11842 1 ) 
