 Knots U 
0 0 0 0 0.0505461 0.101053 0.151494 0.201911 0.252258 0.302512 0.352592 0.402517 0.452189 0.501607 0.550584 0.599128 0.647879 0.697938 0.749157 0.800711 0.851585 0.901682 0.950743 1 1 1 1 
 Knots V 
0 0 0 0 0.0494034 0.0984026 0.147877 0.197524 0.247003 0.2965 0.346298 0.396245 0.446282 0.496326 0.546381 0.596322 0.646255 0.696506 0.746995 0.797595 0.848242 0.899373 0.949911 1 1 1 1 
 Poles & Weights 
( -82.3612 55.7019 -11.3113 1 ) ( -82.3694 55.6314 -11.2851 1 ) ( -82.4933 54.998 -11.0444 1 ) ( -82.5288 54.433 -10.837 1 ) ( -82.5219 53.7584 -10.5942 1 ) ( -82.4664 53.1131 -10.3667 1 ) ( -82.3426 52.4666 -10.1456 1 ) ( -82.1787 51.829 -9.93159 1 ) ( -81.9381 51.21 -9.73184 1 ) ( -81.6714 50.6014 -9.53843 1 ) ( -81.3314 50.0226 -9.36361 1 ) ( -80.961 49.4627 -9.19856 1 ) ( -80.5344 48.937 -9.05146 1 ) ( -80.0604 48.4419 -8.92024 1 ) ( -79.5463 47.979 -8.8047 1 ) ( -79.0047 47.5599 -8.70784 1 ) ( -78.4302 47.1914 -8.63239 1 ) ( -77.83 46.8603 -8.57414 1 ) ( -77.2021 46.59 -8.53714 1 ) ( -76.5326 46.3274 -8.51956 1 ) ( -75.9265 46.2566 -8.50197 1 ) ( -75.2316 46.2355 -8.51487 1 ) ( -75.1643 46.1985 -8.51962 1 ) 
( -82.3182 55.6908 -11.3008 1 ) ( -82.3263 55.6206 -11.2748 1 ) ( -82.4492 54.99 -11.0361 1 ) ( -82.4842 54.4273 -10.8303 1 ) ( -82.477 53.7556 -10.5895 1 ) ( -82.4215 53.113 -10.364 1 ) ( -82.298 52.4692 -10.1447 1 ) ( -82.1346 51.8343 -9.93252 1 ) ( -81.8949 51.2178 -9.73457 1 ) ( -81.6293 50.6117 -9.54292 1 ) ( -81.2907 50.0353 -9.36973 1 ) ( -80.9221 49.4776 -9.20617 1 ) ( -80.4975 48.9539 -9.0604 1 ) ( -80.0258 48.4608 -8.93046 1 ) ( -79.5138 47.9998 -8.81622 1 ) ( -78.9743 47.5824 -8.72067 1 ) ( -78.4018 47.2154 -8.64647 1 ) ( -77.8038 46.8855 -8.5894 1 ) ( -77.1783 46.6159 -8.55344 1 ) ( -76.5116 46.354 -8.53678 1 ) ( -75.908 46.283 -8.51997 1 ) ( -75.2161 46.2613 -8.53357 1 ) ( -75.1491 46.2244 -8.53838 1 ) 
( -81.9184 55.6106 -11.2169 1 ) ( -81.9261 55.5431 -11.1925 1 ) ( -82.0435 54.9376 -10.9686 1 ) ( -82.0776 54.3976 -10.7754 1 ) ( -82.0717 53.7528 -10.5494 1 ) ( -82.0195 53.1358 -10.3379 1 ) ( -81.9024 52.5176 -10.1324 1 ) ( -81.7473 51.9078 -9.93393 1 ) ( -81.5193 51.3154 -9.74921 1 ) ( -81.2668 50.733 -9.57049 1 ) ( -80.9454 50.1787 -9.40898 1 ) ( -80.5964 49.6424 -9.25584 1 ) ( -80.1946 49.1386 -9.1191 1 ) ( -79.7468 48.6642 -8.99761 1 ) ( -79.2581 48.2209 -8.89202 1 ) ( -78.7404 47.8198 -8.80526 1 ) ( -78.1903 47.4667 -8.73933 1 ) ( -77.6155 47.1487 -8.68988 1 ) ( -77.0159 46.8875 -8.66023 1 ) ( -76.3779 46.6328 -8.64876 1 ) ( -75.8011 46.5601 -8.63636 1 ) ( -75.1394 46.5338 -8.6532 1 ) ( -75.0753 46.4981 -8.65818 1 ) 
( -81.5576 55.5263 -11.1875 1 ) ( -81.5653 55.4615 -11.1642 1 ) ( -81.6795 54.88 -10.9496 1 ) ( -81.7143 54.3615 -10.7645 1 ) ( -81.7113 53.7424 -10.548 1 ) ( -81.6638 53.15 -10.3453 1 ) ( -81.5543 52.5563 -10.1485 1 ) ( -81.4082 51.9705 -9.95848 1 ) ( -81.1925 51.4013 -9.78188 1 ) ( -80.9535 50.8416 -9.611 1 ) ( -80.6492 50.3088 -9.45623 1 ) ( -80.3194 49.7932 -9.30873 1 ) ( -79.9396 49.3087 -9.17636 1 ) ( -79.5149 48.8527 -9.0587 1 ) ( -79.0488 48.4269 -8.95711 1 ) ( -78.5524 48.042 -8.87452 1 ) ( -78.0238 47.703 -8.81232 1 ) ( -77.4716 47.3973 -8.76602 1 ) ( -76.8967 47.1451 -8.73837 1 ) ( -76.2862 46.8985 -8.72772 1 ) ( -75.7348 46.8258 -8.71601 1 ) ( -75.1019 46.797 -8.73209 1 ) ( -75.0405 46.7627 -8.73683 1 ) 
( -81.1351 55.433 -11.1653 1 ) ( -81.1425 55.3713 -11.1432 1 ) ( -81.2517 54.8167 -10.9403 1 ) ( -81.2862 54.3226 -10.7651 1 ) ( -81.2853 53.7325 -10.5602 1 ) ( -81.2421 53.1676 -10.3684 1 ) ( -81.1402 52.6014 -10.1823 1 ) ( -81.0035 52.0426 -10.0028 1 ) ( -80.8009 51.4994 -9.83628 1 ) ( -80.5764 50.9652 -9.67516 1 ) ( -80.2907 50.4564 -9.52884 1 ) ( -79.9822 49.9639 -9.3885 1 ) ( -79.6269 49.501 -9.26182 1 ) ( -79.2281 49.0653 -9.14923 1 ) ( -78.787 48.6589 -9.05287 1 ) ( -78.3142 48.2918 -8.97574 1 ) ( -77.8097 47.9682 -8.91846 1 ) ( -77.2826 47.6758 -8.87643 1 ) ( -76.7354 47.4331 -8.85167 1 ) ( -76.1558 47.1949 -8.84258 1 ) ( -75.6329 47.1211 -8.83218 1 ) ( -75.0324 47.0885 -8.84793 1 ) ( -74.974 47.0555 -8.85246 1 ) 
( -80.7282 55.3506 -11.1519 1 ) ( -80.7354 55.2917 -11.131 1 ) ( -80.8402 54.7629 -10.9387 1 ) ( -80.8748 54.2918 -10.7724 1 ) ( -80.8763 53.7292 -10.578 1 ) ( -80.8376 53.1906 -10.396 1 ) ( -80.7433 52.6505 -10.2196 1 ) ( -80.616 52.1174 -10.0496 1 ) ( -80.4262 51.5989 -9.8921 1 ) ( -80.216 51.0889 -9.73972 1 ) ( -79.9487 50.6029 -9.60091 1 ) ( -79.6608 50.1324 -9.46683 1 ) ( -79.3293 49.6899 -9.345 1 ) ( -78.9556 49.2735 -9.23665 1 ) ( -78.539 48.8855 -9.14472 1 ) ( -78.0892 48.5352 -9.07221 1 ) ( -77.6081 48.2262 -9.01907 1 ) ( -77.1054 47.9464 -8.98052 1 ) ( -76.5851 47.7127 -8.95794 1 ) ( -76.0354 47.4822 -8.94974 1 ) ( -75.5403 47.4073 -8.94007 1 ) ( -74.9711 47.3707 -8.9549 1 ) ( -74.9157 47.3391 -8.95917 1 ) 
( -80.3165 55.2566 -11.135 1 ) ( -80.3234 55.2007 -11.1152 1 ) ( -80.4236 54.6985 -10.9337 1 ) ( -80.4582 54.2514 -10.7767 1 ) ( -80.462 53.7174 -10.593 1 ) ( -80.4277 53.2061 -10.4211 1 ) ( -80.3409 52.6931 -10.2546 1 ) ( -80.2229 52.1867 -10.0943 1 ) ( -80.0462 51.6939 -9.94603 1 ) ( -79.8503 51.2091 -9.8026 1 ) ( -79.6014 50.7469 -9.67149 1 ) ( -79.3346 50.2992 -9.54384 1 ) ( -79.0272 49.878 -9.42701 1 ) ( -78.6788 49.4818 -9.32305 1 ) ( -78.2869 49.113 -9.23568 1 ) ( -77.8604 48.7805 -9.16795 1 ) ( -77.4029 48.4869 -9.11906 1 ) ( -76.9249 48.2203 -9.08412 1 ) ( -76.4318 47.9962 -9.06382 1 ) ( -75.9125 47.7743 -9.05658 1 ) ( -75.4454 47.6987 -9.04771 1 ) ( -74.9079 47.6586 -9.06168 1 ) ( -74.8556 47.6284 -9.06568 1 ) 
( -79.9059 55.1609 -11.1231 1 ) ( -79.9126 55.1079 -11.1045 1 ) ( -80.0081 54.6324 -10.9336 1 ) ( -80.0426 54.2093 -10.7855 1 ) ( -80.0487 53.7039 -10.6124 1 ) ( -80.0188 53.2199 -10.4505 1 ) ( -79.9396 52.734 -10.2937 1 ) ( -79.8309 52.2542 -10.1429 1 ) ( -79.6672 51.7872 -10.0037 1 ) ( -79.4856 51.3276 -9.86908 1 ) ( -79.2551 50.8891 -9.74549 1 ) ( -79.0091 50.4643 -9.6241 1 ) ( -78.7257 50.0645 -9.5121 1 ) ( -78.4027 49.6885 -9.41236 1 ) ( -78.0354 49.339 -9.32938 1 ) ( -77.6321 49.0243 -9.26624 1 ) ( -77.1982 48.746 -9.22146 1 ) ( -76.7448 48.4927 -9.18996 1 ) ( -76.2789 48.2783 -9.17178 1 ) ( -75.7898 48.0649 -9.16533 1 ) ( -75.3507 47.9886 -9.15711 1 ) ( -74.845 47.9452 -9.17006 1 ) ( -74.7957 47.9163 -9.17379 1 ) 
( -79.4932 55.0829 -11.1208 1 ) ( -79.4997 55.0328 -11.1034 1 ) ( -79.591 54.5829 -10.9428 1 ) ( -79.6258 54.1829 -10.8036 1 ) ( -79.6346 53.7051 -10.6407 1 ) ( -79.6094 53.2472 -10.4884 1 ) ( -79.5382 52.7875 -10.341 1 ) ( -79.4392 52.3334 -10.1995 1 ) ( -79.2888 51.891 -10.0691 1 ) ( -79.1218 51.4556 -9.94298 1 ) ( -78.9101 51.0398 -9.82665 1 ) ( -78.6853 50.6369 -9.71126 1 ) ( -78.4263 50.2575 -9.60383 1 ) ( -78.1289 49.9007 -9.50805 1 ) ( -77.7865 49.5694 -9.4292 1 ) ( -77.4067 49.2714 -9.37041 1 ) ( -76.9967 49.0075 -9.32947 1 ) ( -76.5682 48.7667 -9.30116 1 ) ( -76.1298 48.5609 -9.28486 1 ) ( -75.6712 48.3551 -9.27896 1 ) ( -75.2604 48.2774 -9.27118 1 ) ( -74.7866 48.2297 -9.28288 1 ) ( -74.7403 48.2021 -9.2863 1 ) 
( -79.083 54.99 -11.1175 1 ) ( -79.0892 54.9428 -11.1011 1 ) ( -79.1754 54.5193 -10.9508 1 ) ( -79.2097 54.143 -10.8202 1 ) ( -79.2201 53.6933 -10.6674 1 ) ( -79.1989 53.2624 -10.5246 1 ) ( -79.1346 52.8295 -10.3865 1 ) ( -79.0444 52.4017 -10.2541 1 ) ( -78.9064 51.9847 -10.1324 1 ) ( -78.7532 51.5741 -10.0147 1 ) ( -78.5593 51.1818 -9.90543 1 ) ( -78.3548 50.8014 -9.79589 1 ) ( -78.1192 50.443 -9.69289 1 ) ( -77.8465 50.1061 -9.60092 1 ) ( -77.5282 49.7937 -9.52605 1 ) ( -77.171 49.5132 -9.47146 1 ) ( -76.7839 49.2643 -9.43421 1 ) ( -76.3795 49.0365 -9.40895 1 ) ( -75.9676 48.8401 -9.39437 1 ) ( -75.5387 48.6425 -9.38886 1 ) ( -75.1552 48.564 -9.38138 1 ) ( -74.7125 48.5126 -9.39168 1 ) ( -74.6692 48.4864 -9.39477 1 ) 
( -78.6731 54.8975 -11.118 1 ) ( -78.679 54.8532 -11.1027 1 ) ( -78.7599 54.4559 -10.9623 1 ) ( -78.7936 54.1032 -10.8402 1 ) ( -78.8056 53.6818 -10.6973 1 ) ( -78.7881 53.2777 -10.5638 1 ) ( -78.7307 52.8716 -10.4347 1 ) ( -78.6492 52.47 -10.3112 1 ) ( -78.5234 52.0784 -10.1979 1 ) ( -78.3838 51.6926 -10.0882 1 ) ( -78.2076 51.3236 -9.98587 1 ) ( -78.0233 50.9658 -9.88194 1 ) ( -77.811 50.6284 -9.78312 1 ) ( -77.5629 50.3113 -9.69471 1 ) ( -77.2684 50.0179 -9.62358 1 ) ( -76.9337 49.7547 -9.57293 1 ) ( -76.5695 49.5209 -9.53914 1 ) ( -76.189 49.306 -9.51668 1 ) ( -75.8035 49.119 -9.5036 1 ) ( -75.404 48.9296 -9.49822 1 ) ( -75.0479 48.8502 -9.49084 1 ) ( -74.6361 48.7951 -9.49949 1 ) ( -74.5958 48.7702 -9.50224 1 ) 
( -78.2622 54.8062 -11.1228 1 ) ( -78.2679 54.7649 -11.1085 1 ) ( -78.3437 54.3939 -10.9779 1 ) ( -78.3769 54.0648 -10.8641 1 ) ( -78.3908 53.6716 -10.731 1 ) ( -78.3772 53.2943 -10.6065 1 ) ( -78.3269 52.9149 -10.4864 1 ) ( -78.2542 52.5397 -10.3715 1 ) ( -78.1409 52.1733 -10.2665 1 ) ( -78.0152 51.8124 -10.1649 1 ) ( -77.8569 51.4668 -10.0692 1 ) ( -77.6929 51.1314 -9.97072 1 ) ( -77.5041 50.815 -9.87593 1 ) ( -77.2809 50.5177 -9.79093 1 ) ( -77.0105 50.2431 -9.72338 1 ) ( -76.6985 49.9973 -9.67653 1 ) ( -76.3574 49.7785 -9.64605 1 ) ( -76.001 49.5766 -9.62624 1 ) ( -75.6422 49.3989 -9.61448 1 ) ( -75.2724 49.2176 -9.60908 1 ) ( -74.9438 49.1373 -9.60165 1 ) ( -74.5632 49.0785 -9.60849 1 ) ( -74.5259 49.055 -9.61087 1 ) 
( -77.8524 54.7145 -11.1311 1 ) ( -77.8578 54.6761 -11.1179 1 ) ( -77.9285 54.3314 -10.9969 1 ) ( -77.9611 54.0259 -10.8913 1 ) ( -77.9767 53.6608 -10.7676 1 ) ( -77.9669 53.3103 -10.6521 1 ) ( -77.9236 52.9577 -10.5406 1 ) ( -77.8597 52.6086 -10.4343 1 ) ( -77.7587 52.2676 -10.3373 1 ) ( -77.6467 51.9314 -10.2434 1 ) ( -77.5062 51.6091 -10.1543 1 ) ( -77.3625 51.2962 -10.061 1 ) ( -77.1971 51.0007 -9.97008 1 ) ( -76.9985 50.7232 -9.88829 1 ) ( -76.7522 50.4675 -9.82412 1 ) ( -76.4627 50.239 -9.78088 1 ) ( -76.1446 50.0352 -9.7535 1 ) ( -75.8121 49.8463 -9.73614 1 ) ( -75.4798 49.6778 -9.72552 1 ) ( -75.1396 49.5047 -9.7199 1 ) ( -74.8384 49.4235 -9.71226 1 ) ( -74.4888 49.361 -9.7171 1 ) ( -74.4544 49.3388 -9.7191 1 ) 
( -77.4432 54.6159 -11.142 1 ) ( -77.4482 54.5804 -11.1298 1 ) ( -77.5137 54.2623 -11.0184 1 ) ( -77.5458 53.9808 -10.9208 1 ) ( -77.563 53.6442 -10.8065 1 ) ( -77.557 53.321 -10.6998 1 ) ( -77.5206 52.9954 -10.597 1 ) ( -77.4654 52.6731 -10.4991 1 ) ( -77.3767 52.3576 -10.4101 1 ) ( -77.2784 52.0466 -10.3239 1 ) ( -77.1557 51.748 -10.2412 1 ) ( -77.0323 51.458 -10.1531 1 ) ( -76.8903 51.1838 -10.0659 1 ) ( -76.7163 50.9265 -9.98724 1 ) ( -76.494 50.6901 -9.92635 1 ) ( -76.2271 50.4793 -9.88663 1 ) ( -75.9319 50.2908 -9.86226 1 ) ( -75.6235 50.1152 -9.84727 1 ) ( -75.3176 49.9564 -9.8377 1 ) ( -75.007 49.7918 -9.83175 1 ) ( -74.7332 49.71 -9.82381 1 ) ( -74.4147 49.644 -9.82656 1 ) ( -74.3832 49.6233 -9.82816 1 ) 
( -77.0336 54.5131 -11.1539 1 ) ( -77.0383 54.4806 -11.1428 1 ) ( -77.0985 54.1895 -11.0408 1 ) ( -77.1299 53.9321 -10.9512 1 ) ( -77.1488 53.6244 -10.8464 1 ) ( -77.1465 53.3287 -10.7485 1 ) ( -77.117 53.0305 -10.6542 1 ) ( -77.0706 52.735 -10.5647 1 ) ( -76.9942 52.4456 -10.4837 1 ) ( -76.9096 52.16 -10.4051 1 ) ( -76.8047 51.8854 -10.3288 1 ) ( -76.7015 51.6184 -10.2458 1 ) ( -76.5829 51.3659 -10.1623 1 ) ( -76.4337 51.129 -10.0867 1 ) ( -76.2353 50.912 -10.0291 1 ) ( -75.991 50.7192 -9.99279 1 ) ( -75.7188 50.5464 -9.9714 1 ) ( -75.4344 50.3843 -9.95872 1 ) ( -75.1551 50.2354 -9.95013 1 ) ( -74.8741 50.0796 -9.94379 1 ) ( -74.6278 49.9973 -9.93549 1 ) ( -74.3403 49.9281 -9.93608 1 ) ( -74.3118 49.9088 -9.93728 1 ) 
( -76.6233 54.4253 -11.1757 1 ) ( -76.6278 54.3957 -11.1655 1 ) ( -76.6828 54.1306 -11.0725 1 ) ( -76.7138 53.8967 -10.9906 1 ) ( -76.7344 53.6169 -10.8946 1 ) ( -76.7359 53.3478 -10.805 1 ) ( -76.7135 53.0761 -10.7187 1 ) ( -76.6758 52.8067 -10.6371 1 ) ( -76.6119 52.5423 -10.5635 1 ) ( -76.541 52.2813 -10.4921 1 ) ( -76.4539 52.0298 -10.4216 1 ) ( -76.371 51.7851 -10.3433 1 ) ( -76.2759 51.5533 -10.263 1 ) ( -76.1514 51.3361 -10.19 1 ) ( -75.977 51.1377 -10.1351 1 ) ( -75.7553 50.9621 -10.1018 1 ) ( -75.5061 50.804 -10.0829 1 ) ( -75.2457 50.6547 -10.072 1 ) ( -74.993 50.5149 -10.064 1 ) ( -74.7416 50.367 -10.0568 1 ) ( -74.5227 50.2836 -10.0477 1 ) ( -74.2664 50.2105 -10.0456 1 ) ( -74.2408 50.1925 -10.0464 1 ) 
( -76.212 54.3439 -11.2025 1 ) ( -76.2161 54.3171 -11.1933 1 ) ( -76.2661 54.0777 -11.1092 1 ) ( -76.2966 53.8668 -11.0347 1 ) ( -76.319 53.6145 -10.9475 1 ) ( -76.3245 53.3716 -10.866 1 ) ( -76.3092 53.1261 -10.7877 1 ) ( -76.2804 52.8823 -10.7138 1 ) ( -76.2289 52.6426 -10.6475 1 ) ( -76.1718 52.4058 -10.5831 1 ) ( -76.1026 52.177 -10.5184 1 ) ( -76.0401 51.9541 -10.4446 1 ) ( -75.9684 51.7427 -10.3674 1 ) ( -75.8687 51.5446 -10.2968 1 ) ( -75.7184 51.3645 -10.2445 1 ) ( -75.5194 51.2056 -10.2141 1 ) ( -75.2933 51.062 -10.1975 1 ) ( -75.057 50.925 -10.1884 1 ) ( -74.8308 50.7938 -10.1807 1 ) ( -74.6092 50.6535 -10.1725 1 ) ( -74.4177 50.5687 -10.1625 1 ) ( -74.1925 50.4913 -10.1577 1 ) ( -74.1698 50.4746 -10.158 1 ) 
( -75.8 54.263 -11.2345 1 ) ( -75.8038 54.2392 -11.2262 1 ) ( -75.8487 54.0257 -11.1501 1 ) ( -75.8788 53.8383 -11.0825 1 ) ( -75.9029 53.6139 -11.0031 1 ) ( -75.9124 53.3976 -10.929 1 ) ( -75.9041 53.1786 -10.8578 1 ) ( -75.8841 52.9608 -10.7909 1 ) ( -75.845 52.7461 -10.7311 1 ) ( -75.8018 52.5339 -10.6729 1 ) ( -75.7505 52.3282 -10.6132 1 ) ( -75.7084 52.1276 -10.5431 1 ) ( -75.6602 51.9369 -10.4681 1 ) ( -75.5853 51.7584 -10.3992 1 ) ( -75.4592 51.5969 -10.3487 1 ) ( -75.2828 51.4551 -10.3203 1 ) ( -75.0797 51.3262 -10.3053 1 ) ( -74.8676 51.2019 -10.2971 1 ) ( -74.6681 51.0798 -10.289 1 ) ( -74.4761 50.9474 -10.2789 1 ) ( -74.3122 50.8614 -10.2674 1 ) ( -74.1181 50.78 -10.259 1 ) ( -74.0984 50.7646 -10.2588 1 ) 
( -75.3908 54.1847 -11.2783 1 ) ( -75.3944 54.1636 -11.2709 1 ) ( -75.4342 53.9751 -11.2037 1 ) ( -75.4637 53.8101 -11.1435 1 ) ( -75.4896 53.6124 -11.0728 1 ) ( -75.5029 53.4216 -11.0068 1 ) ( -75.5016 53.228 -10.9436 1 ) ( -75.4904 53.0351 -10.8844 1 ) ( -75.4637 52.8443 -10.832 1 ) ( -75.4342 52.6555 -10.7808 1 ) ( -75.4007 52.4718 -10.7268 1 ) ( -75.3788 52.2923 -10.6612 1 ) ( -75.354 52.1212 -10.5892 1 ) ( -75.3037 51.9612 -10.5228 1 ) ( -75.2016 51.8172 -10.4749 1 ) ( -75.0478 51.6914 -10.4493 1 ) ( -74.8677 51.5761 -10.4367 1 ) ( -74.6795 51.4635 -10.4301 1 ) ( -74.5065 51.3494 -10.4224 1 ) ( -74.3441 51.2237 -10.4114 1 ) ( -74.2075 51.1357 -10.3989 1 ) ( -74.0444 51.0492 -10.3879 1 ) ( -74.0277 51.0351 -10.3871 1 ) 
( -74.9644 54.1195 -11.3082 1 ) ( -74.9677 54.1013 -11.3017 1 ) ( -75.0027 53.9386 -11.2429 1 ) ( -75.0321 53.7968 -11.1898 1 ) ( -75.0602 53.6269 -11.1273 1 ) ( -75.0779 53.4625 -11.069 1 ) ( -75.0842 53.2951 -11.0132 1 ) ( -75.0825 53.1281 -10.9612 1 ) ( -75.0689 52.9622 -10.9156 1 ) ( -75.054 52.7977 -10.8709 1 ) ( -75.0392 52.6368 -10.8221 1 ) ( -75.0385 52.4793 -10.7604 1 ) ( -75.0382 52.3286 -10.691 1 ) ( -75.0137 52.1877 -10.6263 1 ) ( -74.9366 52.062 -10.5804 1 ) ( -74.8065 51.9529 -10.5571 1 ) ( -74.6503 51.852 -10.5462 1 ) ( -74.4872 51.7515 -10.5407 1 ) ( -74.3418 51.6459 -10.5327 1 ) ( -74.2102 51.5275 -10.5199 1 ) ( -74.1021 51.4375 -10.506 1 ) ( -73.9714 51.3463 -10.4914 1 ) ( -73.9577 51.3334 -10.4901 1 ) 
( -74.6072 54.0604 -11.3488 1 ) ( -74.6102 54.0448 -11.3427 1 ) ( -74.6401 53.9056 -11.2872 1 ) ( -74.6684 53.7849 -11.2368 1 ) ( -74.6974 53.6401 -11.1774 1 ) ( -74.7178 53.4997 -11.1218 1 ) ( -74.7296 53.3561 -11.0685 1 ) ( -74.7348 53.2125 -11.0189 1 ) ( -74.7314 53.0692 -10.9753 1 ) ( -74.7277 52.9269 -10.9323 1 ) ( -74.7277 52.787 -10.8841 1 ) ( -74.744 52.6496 -10.822 1 ) ( -74.7634 52.5177 -10.7508 1 ) ( -74.7597 52.3948 -10.6839 1 ) ( -74.7027 52.2861 -10.6358 1 ) ( -74.5915 52.1927 -10.6106 1 ) ( -74.4547 52.1055 -10.5974 1 ) ( -74.3118 52.0169 -10.5891 1 ) ( -74.1888 51.92 -10.5771 1 ) ( -74.0822 51.8094 -10.5589 1 ) ( -73.9974 51.7193 -10.5403 1 ) ( -73.8929 51.6254 -10.519 1 ) ( -73.8817 51.6138 -10.5169 1 ) 
( -74.2251 53.9433 -11.5012 1 ) ( -74.2279 53.9303 -11.496 1 ) ( -74.253 53.8146 -11.4494 1 ) ( -74.2812 53.7151 -11.4065 1 ) ( -74.3124 53.5957 -11.3558 1 ) ( -74.337 53.4794 -11.3085 1 ) ( -74.3562 53.3598 -11.263 1 ) ( -74.3707 53.2397 -11.2213 1 ) ( -74.3802 53.119 -11.1849 1 ) ( -74.3907 52.9987 -11.1489 1 ) ( -74.4091 52.8793 -11.1065 1 ) ( -74.4462 52.7617 -11.0489 1 ) ( -74.4896 52.648 -10.9808 1 ) ( -74.5112 52.542 -10.9163 1 ) ( -74.4789 52.4494 -10.8708 1 ) ( -74.3908 52.3705 -10.8484 1 ) ( -74.2775 52.2955 -10.8375 1 ) ( -74.1592 52.2171 -10.8309 1 ) ( -74.0634 52.1267 -10.8192 1 ) ( -73.987 52.0213 -10.8 1 ) ( -73.9302 51.9276 -10.7805 1 ) ( -73.8574 51.8271 -10.7564 1 ) ( -73.8492 51.8166 -10.7538 1 ) 
( -74.1834 53.9338 -11.511 1 ) ( -74.1862 53.9211 -11.506 1 ) ( -74.2111 53.8077 -11.4609 1 ) ( -74.2396 53.7103 -11.4192 1 ) ( -74.2713 53.5934 -11.3701 1 ) ( -74.2968 53.4794 -11.3241 1 ) ( -74.3172 53.3622 -11.2801 1 ) ( -74.333 53.2444 -11.2397 1 ) ( -74.3441 53.1259 -11.2047 1 ) ( -74.3565 53.0077 -11.1701 1 ) ( -74.3771 52.8904 -11.1288 1 ) ( -74.4168 52.7746 -11.0723 1 ) ( -74.4631 52.6627 -11.005 1 ) ( -74.4876 52.5583 -10.9414 1 ) ( -74.4583 52.4672 -10.8967 1 ) ( -74.373 52.3897 -10.8752 1 ) ( -74.2625 52.3158 -10.8652 1 ) ( -74.1471 52.2383 -10.8593 1 ) ( -74.0545 52.1484 -10.8483 1 ) ( -73.9816 52.0434 -10.8295 1 ) ( -73.928 51.9492 -10.8104 1 ) ( -73.8589 51.8479 -10.7866 1 ) ( -73.8511 51.8374 -10.784 1 ) 
