 Knots U 
0 0 0 0 0.100324 0.200268 0.300277 0.400561 0.500783 0.600926 0.701055 0.800971 0.900643 1 1 1 1 
 Knots V 
0 0 0 0 0.100888 0.202434 0.298598 0.398095 0.494146 0.596439 0.697127 0.798113 0.898972 1 1 1 1 
 Poles & Weights 
( -71.1461 53.3116 -9.85153 1 ) ( -71.1484 53.3236 -9.82383 1 ) ( -71.1734 53.4297 -9.57876 1 ) ( -71.177 53.5241 -9.36376 1 ) ( -71.1464 53.6379 -9.11127 1 ) ( -71.0778 53.7458 -8.87553 1 ) ( -70.9805 53.8495 -8.64468 1 ) ( -70.8604 53.9461 -8.42254 1 ) ( -70.7298 54.0376 -8.20817 1 ) ( -70.5859 54.1304 -7.98749 1 ) ( -70.4595 54.2055 -7.80509 1 ) ( -70.309 54.2887 -7.59945 1 ) ( -70.2926 54.2983 -7.57596 1 ) 
( -71.1335 53.3601 -9.88824 1 ) ( -71.1354 53.3718 -9.86129 1 ) ( -71.1566 53.4766 -9.62285 1 ) ( -71.1566 53.5697 -9.41365 1 ) ( -71.1221 53.6819 -9.16797 1 ) ( -71.0497 53.7881 -8.93866 1 ) ( -70.9486 53.89 -8.71426 1 ) ( -70.8246 53.9846 -8.49851 1 ) ( -70.6899 54.074 -8.29046 1 ) ( -70.5415 54.1644 -8.07651 1 ) ( -70.4113 54.2375 -7.89978 1 ) ( -70.2559 54.3178 -7.70089 1 ) ( -70.239 54.327 -7.67818 1 ) 
( -71.1183 53.5844 -10.0766 1 ) ( -71.12 53.5979 -10.0497 1 ) ( -71.1408 53.7178 -9.81255 1 ) ( -71.1402 53.824 -9.60416 1 ) ( -71.1053 53.9512 -9.35911 1 ) ( -71.0332 54.0709 -9.13006 1 ) ( -70.9319 54.186 -8.90561 1 ) ( -70.8072 54.2932 -8.68956 1 ) ( -70.6713 54.3945 -8.48124 1 ) ( -70.5203 54.4961 -8.26749 1 ) ( -70.3873 54.5781 -8.09111 1 ) ( -70.2268 54.6664 -7.89391 1 ) ( -70.2092 54.6765 -7.87146 1 ) 
( -71.1213 53.7994 -10.2638 1 ) ( -71.1215 53.8134 -10.2388 1 ) ( -71.1292 53.9377 -10.0182 1 ) ( -71.1168 54.0476 -9.82411 1 ) ( -71.0683 54.1785 -9.59573 1 ) ( -70.9838 54.3011 -9.38227 1 ) ( -70.8696 54.4185 -9.1733 1 ) ( -70.7314 54.5275 -8.97249 1 ) ( -70.5816 54.63 -8.77926 1 ) ( -70.4148 54.7318 -8.58176 1 ) ( -70.268 54.8134 -8.41919 1 ) ( -70.0899 54.8992 -8.23901 1 ) ( -70.0701 54.9089 -8.21856 1 ) 
( -71.1001 54.0741 -10.4929 1 ) ( -71.0997 54.0894 -10.4687 1 ) ( -71.1036 54.2253 -10.2548 1 ) ( -71.0873 54.345 -10.0665 1 ) ( -71.0349 54.487 -9.84437 1 ) ( -70.9472 54.6193 -9.6365 1 ) ( -70.8294 54.7457 -9.43282 1 ) ( -70.687 54.8631 -9.23698 1 ) ( -70.5323 54.9732 -9.04869 1 ) ( -70.3587 55.0815 -8.85697 1 ) ( -70.2056 55.1679 -8.69947 1 ) ( -70.0179 55.2565 -8.52665 1 ) ( -69.9969 55.2664 -8.50711 1 ) 
( -71.0841 54.3097 -10.6896 1 ) ( -71.0859 54.3279 -10.6628 1 ) ( -71.1097 54.4893 -10.4259 1 ) ( -71.1106 54.6314 -10.2168 1 ) ( -71.0793 54.7992 -9.96984 1 ) ( -71.0121 54.9553 -9.73785 1 ) ( -70.9148 55.1054 -9.50942 1 ) ( -70.7924 55.2458 -9.28853 1 ) ( -70.6567 55.378 -9.07556 1 ) ( -70.5017 55.5082 -8.85853 1 ) ( -70.3635 55.6125 -8.67997 1 ) ( -70.1909 55.7193 -8.48445 1 ) ( -70.1714 55.7311 -8.46241 1 ) 
( -71.0543 54.5827 -10.9124 1 ) ( -71.0578 54.6033 -10.8841 1 ) ( -71.0969 54.7859 -10.6346 1 ) ( -71.1111 54.9463 -10.4139 1 ) ( -71.096 55.1353 -10.1528 1 ) ( -71.0449 55.3107 -9.90697 1 ) ( -70.9636 55.4796 -9.66408 1 ) ( -70.8564 55.6382 -9.42843 1 ) ( -70.7351 55.7876 -9.20092 1 ) ( -70.5935 55.9344 -8.96927 1 ) ( -70.4659 56.052 -8.77866 1 ) ( -70.3031 56.1714 -8.57091 1 ) ( -70.2846 56.1846 -8.54757 1 ) 
( -71.0284 54.8199 -11.1094 1 ) ( -71.0302 54.8407 -11.0837 1 ) ( -71.0547 55.0259 -10.8575 1 ) ( -71.0556 55.1882 -10.6573 1 ) ( -71.0254 55.3787 -10.42 1 ) ( -70.9604 55.555 -10.1965 1 ) ( -70.8645 55.724 -9.97599 1 ) ( -70.7423 55.8822 -9.76241 1 ) ( -70.6055 56.0306 -9.55674 1 ) ( -70.4463 56.1751 -9.34844 1 ) ( -70.3034 56.2902 -9.17762 1 ) ( -70.121 56.4045 -8.99383 1 ) ( -70.1001 56.417 -8.97328 1 ) 
( -70.994 55.0777 -11.3169 1 ) ( -70.9954 55.0997 -11.2923 1 ) ( -71.0182 55.2955 -11.0754 1 ) ( -71.0172 55.4668 -10.8831 1 ) ( -70.9852 55.6675 -10.6548 1 ) ( -70.9191 55.8526 -10.4395 1 ) ( -70.8218 56.0299 -10.227 1 ) ( -70.6975 56.1958 -10.0211 1 ) ( -70.5579 56.351 -9.82299 1 ) ( -70.3944 56.5014 -9.62322 1 ) ( -70.2471 56.6209 -9.45975 1 ) ( -70.0576 56.7377 -9.28581 1 ) ( -70.0358 56.7503 -9.26646 1 ) 
( -70.9515 55.3389 -11.5294 1 ) ( -70.9523 55.3619 -11.5063 1 ) ( -70.9705 55.5664 -11.303 1 ) ( -70.965 55.7452 -11.1223 1 ) ( -70.9284 55.954 -10.9074 1 ) ( -70.8584 56.1461 -10.7045 1 ) ( -70.7568 56.3297 -10.5041 1 ) ( -70.6275 56.5013 -10.3101 1 ) ( -70.4823 56.6615 -10.1238 1 ) ( -70.3114 56.8157 -9.93694 1 ) ( -70.1574 56.9379 -9.7845 1 ) ( -69.9578 57.0552 -9.62463 1 ) ( -69.9347 57.0678 -9.60696 1 ) 
( -70.9308 55.5557 -11.7082 1 ) ( -70.9305 55.5792 -11.6869 1 ) ( -70.9389 55.7875 -11.4995 1 ) ( -70.9246 55.9694 -11.3327 1 ) ( -70.878 56.1813 -11.1339 1 ) ( -70.7989 56.3756 -10.946 1 ) ( -70.6877 56.561 -10.7605 1 ) ( -70.5484 56.7338 -10.5812 1 ) ( -70.3928 56.8946 -10.4094 1 ) ( -70.2096 57.0484 -10.2382 1 ) ( -70.0447 57.1697 -10.0991 1 ) ( -69.831 57.2839 -9.9557 1 ) ( -69.8062 57.2961 -9.93995 1 ) 
( -70.9001 55.8182 -11.9198 1 ) ( -70.9 55.8433 -11.8988 1 ) ( -70.9118 56.0659 -11.7142 1 ) ( -70.9001 56.2601 -11.5494 1 ) ( -70.8571 56.486 -11.3527 1 ) ( -70.7821 56.6927 -11.1664 1 ) ( -70.6746 56.8901 -10.9822 1 ) ( -70.5384 57.0742 -10.8039 1 ) ( -70.3851 57.2455 -10.6331 1 ) ( -70.203 57.4089 -10.4635 1 ) ( -70.0382 57.5377 -10.3259 1 ) ( -69.8225 57.6579 -10.1858 1 ) ( -69.7972 57.6707 -10.1705 1 ) 
( -70.8934 55.8385 -11.938 1 ) ( -70.8926 55.8633 -11.9179 1 ) ( -70.899 56.0837 -11.7411 1 ) ( -70.8824 56.2759 -11.5832 1 ) ( -70.8337 56.4993 -11.3946 1 ) ( -70.7532 56.7037 -11.216 1 ) ( -70.6403 56.8985 -11.0396 1 ) ( -70.4985 57.0801 -10.869 1 ) ( -70.3397 57.2488 -10.7059 1 ) ( -70.1515 57.4095 -10.5444 1 ) ( -69.9818 57.5359 -10.4136 1 ) ( -69.7601 57.6532 -10.2813 1 ) ( -69.7341 57.6656 -10.2669 1 ) 
