 Knots U 
0 0 0 0 0.0455765 0.0911528 0.142315 0.193391 0.244595 0.295931 0.34727 0.398608 0.449945 0.501282 0.552616 0.603945 0.655271 0.706586 0.757944 0.809009 0.861358 0.909218 0.954499 1 1 1 1 
 Knots V 
0 0 0 0 0.100163 0.200326 0.300488 0.400651 0.500814 0.600977 0.701139 0.801299 0.901483 1 1 1 1 
 Poles & Weights 
( -75.1932 46.7138 -7.70886 1 ) ( -75.2301 46.7233 -7.70879 1 ) ( -75.7128 46.8419 -7.70525 1 ) ( -76.1473 46.949 -7.70226 1 ) ( -76.598 47.0605 -7.69934 1 ) ( -77.0681 47.1747 -7.69536 1 ) ( -77.5371 47.2876 -7.69096 1 ) ( -78.0061 47.3976 -7.68536 1 ) ( -78.4774 47.5018 -7.67707 1 ) ( -78.9412 47.6353 -7.68196 1 ) ( -79.4078 47.7583 -7.68209 1 ) ( -79.8792 47.8612 -7.67321 1 ) ( -80.3494 47.9687 -7.66644 1 ) ( -80.8196 48.0772 -7.66006 1 ) ( -81.2909 48.1788 -7.65068 1 ) ( -81.7625 48.2866 -7.64388 1 ) ( -82.2234 48.4135 -7.64628 1 ) ( -82.7078 48.528 -7.64076 1 ) ( -83.1414 48.611 -7.62827 1 ) ( -83.6417 48.7136 -7.61372 1 ) ( -84.0747 48.798 -7.61036 1 ) ( -84.5225 48.9011 -7.53348 1 ) ( -84.5795 48.9181 -7.52168 1 ) 
( -75.1727 46.8063 -7.75004 1 ) ( -75.2098 46.8162 -7.7492 1 ) ( -75.691 46.9341 -7.74911 1 ) ( -76.1242 47.0411 -7.74872 1 ) ( -76.5758 47.1535 -7.74359 1 ) ( -77.0465 47.2669 -7.73895 1 ) ( -77.5161 47.3795 -7.73295 1 ) ( -77.9857 47.4901 -7.72705 1 ) ( -78.4575 47.5947 -7.71824 1 ) ( -78.9219 47.7284 -7.72261 1 ) ( -79.3891 47.8517 -7.72231 1 ) ( -79.8611 47.9549 -7.71316 1 ) ( -80.3319 48.0629 -7.70616 1 ) ( -80.8027 48.1716 -7.69962 1 ) ( -81.2746 48.2737 -7.69012 1 ) ( -81.7467 48.3817 -7.68339 1 ) ( -82.2083 48.5088 -7.68527 1 ) ( -82.6931 48.6231 -7.68109 1 ) ( -83.1278 48.7075 -7.6654 1 ) ( -83.6274 48.8091 -7.65595 1 ) ( -84.0591 48.8938 -7.65015 1 ) ( -84.5061 48.9983 -7.56839 1 ) ( -84.5629 49.0145 -7.55913 1 ) 
( -74.9908 47.6268 -8.11532 1 ) ( -75.03 47.6399 -8.10776 1 ) ( -75.4958 47.7505 -8.14036 1 ) ( -75.9159 47.8548 -8.16489 1 ) ( -76.3734 47.9743 -8.14212 1 ) ( -76.847 48.0795 -8.13363 1 ) ( -77.3204 48.1879 -8.11554 1 ) ( -77.7928 48.3026 -8.10893 1 ) ( -78.2675 48.4098 -8.09748 1 ) ( -78.7356 48.5435 -8.09926 1 ) ( -79.2063 48.6674 -8.09714 1 ) ( -79.6813 48.7733 -8.08765 1 ) ( -80.1554 48.8831 -8.08057 1 ) ( -80.6295 48.9934 -8.07464 1 ) ( -81.1045 49.0977 -8.06609 1 ) ( -81.5798 49.2067 -8.06199 1 ) ( -82.0458 49.334 -8.06131 1 ) ( -82.5322 49.4452 -8.07105 1 ) ( -82.9745 49.5414 -8.02877 1 ) ( -83.4661 49.6316 -8.06669 1 ) ( -83.8842 49.7192 -8.04114 1 ) ( -84.322 49.8334 -7.91805 1 ) ( -84.3761 49.8433 -7.93159 1 ) 
( -74.8312 48.3466 -8.43583 1 ) ( -74.8723 48.3627 -8.42237 1 ) ( -75.3246 48.4669 -8.48366 1 ) ( -75.7331 48.5687 -8.53004 1 ) ( -76.1958 48.6946 -8.4918 1 ) ( -76.6721 48.7924 -8.47992 1 ) ( -77.1487 48.8972 -8.45121 1 ) ( -77.6235 49.0155 -8.44399 1 ) ( -78.1008 49.1249 -8.43021 1 ) ( -78.5721 49.2587 -8.42971 1 ) ( -79.0459 49.3832 -8.42599 1 ) ( -79.5236 49.4913 -8.4162 1 ) ( -80.0005 49.6028 -8.40905 1 ) ( -80.4774 49.7145 -8.40365 1 ) ( -80.9553 49.8207 -8.39593 1 ) ( -81.4334 49.9306 -8.39413 1 ) ( -81.9033 50.0582 -8.3912 1 ) ( -82.3911 50.1666 -8.41316 1 ) ( -82.84 50.2731 -8.34754 1 ) ( -83.3247 50.3534 -8.42701 1 ) ( -83.7307 50.4434 -8.38414 1 ) ( -84.1605 50.5663 -8.22477 1 ) ( -84.2124 50.5705 -8.25832 1 ) 
( -74.6413 49.2033 -8.81723 1 ) ( -74.6846 49.2228 -8.79674 1 ) ( -75.1211 49.3197 -8.89184 1 ) ( -75.5162 49.4188 -8.96394 1 ) ( -75.9854 49.5523 -8.90698 1 ) ( -76.4651 49.6418 -8.89075 1 ) ( -76.9459 49.7424 -8.84909 1 ) ( -77.4239 49.8652 -8.84083 1 ) ( -77.9046 49.9774 -8.82395 1 ) ( -78.3801 50.1115 -8.82043 1 ) ( -78.8578 50.237 -8.8145 1 ) ( -79.339 50.3479 -8.80403 1 ) ( -79.8195 50.4616 -8.79648 1 ) ( -80.3002 50.5752 -8.7914 1 ) ( -80.7817 50.6838 -8.78435 1 ) ( -81.2634 50.795 -8.78498 1 ) ( -81.7382 50.9231 -8.77905 1 ) ( -82.2281 51.0285 -8.81522 1 ) ( -82.6851 51.1475 -8.72154 1 ) ( -83.1618 51.2161 -8.85014 1 ) ( -83.5539 51.3092 -8.78635 1 ) ( -83.9743 51.4425 -8.58352 1 ) ( -84.0236 51.4401 -8.64084 1 ) 
( -74.4594 50.0234 -9.18245 1 ) ( -74.5048 50.0462 -9.15524 1 ) ( -74.926 50.1359 -9.28304 1 ) ( -75.3079 50.2322 -9.38006 1 ) ( -75.783 50.3728 -9.30549 1 ) ( -76.2656 50.454 -9.28542 1 ) ( -76.7502 50.5505 -9.23169 1 ) ( -77.231 50.6774 -9.22274 1 ) ( -77.7146 50.7921 -9.20324 1 ) ( -78.1937 50.9262 -9.19714 1 ) ( -78.6749 51.0524 -9.18941 1 ) ( -79.1591 51.1659 -9.17862 1 ) ( -79.6429 51.2815 -9.171 1 ) ( -80.1268 51.3966 -9.16655 1 ) ( -80.6116 51.5075 -9.16046 1 ) ( -81.0964 51.6195 -9.16374 1 ) ( -81.5756 51.7479 -9.15526 1 ) ( -82.0671 51.8502 -9.20538 1 ) ( -82.5316 51.9809 -9.08512 1 ) ( -83.0003 52.0382 -9.26109 1 ) ( -83.3788 52.1341 -9.17758 1 ) ( -83.7901 52.2772 -8.93344 1 ) ( -83.8367 52.2684 -9.01355 1 ) 
( -74.2757 50.8529 -9.55152 1 ) ( -74.3233 50.879 -9.51751 1 ) ( -74.7291 50.9615 -9.67811 1 ) ( -75.0979 51.0552 -9.80009 1 ) ( -75.5792 51.2031 -9.70747 1 ) ( -76.065 51.2761 -9.68326 1 ) ( -76.5536 51.3686 -9.61705 1 ) ( -77.0374 51.4998 -9.60716 1 ) ( -77.5242 51.6172 -9.58474 1 ) ( -78.0072 51.7515 -9.57578 1 ) ( -78.4921 51.8785 -9.56598 1 ) ( -78.9796 51.9948 -9.55459 1 ) ( -79.4669 52.1125 -9.54666 1 ) ( -79.9543 52.2293 -9.54259 1 ) ( -80.4425 52.3425 -9.53721 1 ) ( -80.9308 52.4557 -9.54291 1 ) ( -81.4146 52.5846 -9.5316 1 ) ( -81.9079 52.6839 -9.59554 1 ) ( -82.3803 52.8267 -9.44819 1 ) ( -82.8411 52.8726 -9.67177 1 ) ( -83.206 52.9715 -9.56809 1 ) ( -83.6082 53.1247 -9.28193 1 ) ( -83.6522 53.1093 -9.38507 1 ) 
( -74.0911 51.6818 -9.92136 1 ) ( -74.1409 51.7112 -9.88055 1 ) ( -74.5313 51.7865 -10.0741 1 ) ( -74.887 51.8774 -10.2212 1 ) ( -75.3745 52.0326 -10.1107 1 ) ( -75.8634 52.0973 -10.0825 1 ) ( -76.3559 52.1857 -10.004 1 ) ( -76.8427 52.3211 -9.99336 1 ) ( -77.3327 52.4411 -9.96819 1 ) ( -77.8196 52.5754 -9.95654 1 ) ( -78.3082 52.7032 -9.94483 1 ) ( -78.799 52.8221 -9.93303 1 ) ( -79.2896 52.9418 -9.92495 1 ) ( -79.7806 53.0602 -9.92142 1 ) ( -80.2722 53.1757 -9.91693 1 ) ( -80.7638 53.2899 -9.92523 1 ) ( -81.2523 53.4192 -9.91124 1 ) ( -81.7474 53.5154 -9.9892 1 ) ( -82.2276 53.6701 -9.81489 1 ) ( -82.6806 53.7046 -10.0863 1 ) ( -83.0318 53.8064 -9.96258 1 ) ( -83.4249 53.9695 -9.63456 1 ) ( -83.4663 53.9477 -9.76074 1 ) 
( -73.9119 52.5034 -10.2843 1 ) ( -73.9638 52.5361 -10.2367 1 ) ( -74.3386 52.6044 -10.4627 1 ) ( -74.6811 52.6927 -10.6344 1 ) ( -75.1744 52.8551 -10.5061 1 ) ( -75.6661 52.9118 -10.4737 1 ) ( -76.1622 52.9962 -10.3829 1 ) ( -76.6516 53.1359 -10.3712 1 ) ( -77.1444 53.2585 -10.3432 1 ) ( -77.6348 53.3931 -10.3287 1 ) ( -78.1268 53.5217 -10.3149 1 ) ( -78.6205 53.6434 -10.3024 1 ) ( -79.1142 53.7651 -10.294 1 ) ( -79.6082 53.8853 -10.2908 1 ) ( -80.1029 54.0031 -10.287 1 ) ( -80.5976 54.1185 -10.2977 1 ) ( -81.0904 54.2482 -10.2808 1 ) ( -81.5869 54.3415 -10.3724 1 ) ( -82.0745 54.508 -10.1713 1 ) ( -82.5194 54.5314 -10.4897 1 ) ( -82.8568 54.6362 -10.3461 1 ) ( -83.2406 54.8093 -9.97649 1 ) ( -83.2794 54.781 -10.1254 1 ) 
( -73.7121 53.3546 -10.6741 1 ) ( -73.7663 53.3907 -10.6196 1 ) ( -74.126 53.451 -10.8804 1 ) ( -74.4555 53.5361 -11.0788 1 ) ( -74.9559 53.7056 -10.9325 1 ) ( -75.4517 53.7533 -10.8968 1 ) ( -75.9526 53.833 -10.7939 1 ) ( -76.4458 53.9766 -10.7822 1 ) ( -76.9426 54.1015 -10.7519 1 ) ( -77.4378 54.2358 -10.7353 1 ) ( -77.9343 54.3648 -10.7202 1 ) ( -78.4321 54.4887 -10.7081 1 ) ( -78.9301 54.6121 -10.7002 1 ) ( -79.4285 54.7335 -10.6982 1 ) ( -79.9275 54.8533 -10.696 1 ) ( -80.4264 54.9693 -10.71 1 ) ( -80.9247 55.099 -10.6911 1 ) ( -81.4239 55.1887 -10.7979 1 ) ( -81.9202 55.3672 -10.5696 1 ) ( -82.3577 55.3782 -10.9382 1 ) ( -82.6817 55.4856 -10.7744 1 ) ( -83.0567 55.6686 -10.3622 1 ) ( -83.093 55.6336 -10.535 1 ) 
( -73.5894 54.091 -10.962 1 ) ( -73.6453 54.1301 -10.9014 1 ) ( -73.9892 54.1863 -11.1871 1 ) ( -74.3052 54.2708 -11.404 1 ) ( -74.8083 54.4484 -11.2394 1 ) ( -75.3043 54.491 -11.197 1 ) ( -75.806 54.5691 -11.0804 1 ) ( -76.2992 54.7182 -11.0648 1 ) ( -76.7962 54.8473 -11.029 1 ) ( -77.2921 54.9837 -11.0068 1 ) ( -77.7892 55.1152 -10.9869 1 ) ( -78.2873 55.2434 -10.9712 1 ) ( -78.7857 55.3704 -10.96 1 ) ( -79.2845 55.4952 -10.9553 1 ) ( -79.7838 55.6189 -10.9506 1 ) ( -80.2831 55.7378 -10.9636 1 ) ( -80.7828 55.8697 -10.9393 1 ) ( -81.2809 55.9588 -11.0547 1 ) ( -81.7816 56.1492 -10.8004 1 ) ( -82.2097 56.1526 -11.2065 1 ) ( -82.5197 56.2642 -11.0227 1 ) ( -82.8845 56.4577 -10.5715 1 ) ( -82.9182 56.4174 -10.7637 1 ) 
( -73.3183 54.8487 -11.4009 1 ) ( -73.3767 54.8908 -11.3342 1 ) ( -73.7113 54.9349 -11.6606 1 ) ( -74.0195 55.0124 -11.9096 1 ) ( -74.5344 55.1928 -11.7345 1 ) ( -75.0393 55.2225 -11.6958 1 ) ( -75.5507 55.2919 -11.5746 1 ) ( -76.0527 55.4406 -11.5658 1 ) ( -76.5586 55.5677 -11.5349 1 ) ( -77.0642 55.6995 -11.5177 1 ) ( -77.5708 55.8273 -11.5036 1 ) ( -78.0779 55.9535 -11.495 1 ) ( -78.5855 56.0778 -11.4913 1 ) ( -79.0935 56.1997 -11.4948 1 ) ( -79.6021 56.321 -11.4987 1 ) ( -80.1105 56.4363 -11.5219 1 ) ( -80.6206 56.564 -11.5025 1 ) ( -81.1265 56.6452 -11.6398 1 ) ( -81.6402 56.8434 -11.3655 1 ) ( -82.0665 56.8305 -11.8274 1 ) ( -82.3683 56.9408 -11.6306 1 ) ( -82.7295 57.1397 -11.1451 1 ) ( -82.7614 57.0924 -11.3612 1 ) 
( -73.2724 54.9243 -11.4632 1 ) ( -73.3313 54.9666 -11.3958 1 ) ( -73.6659 55.0086 -11.7283 1 ) ( -73.9743 55.0845 -11.9821 1 ) ( -74.4917 55.2646 -11.807 1 ) ( -74.9988 55.292 -11.77 1 ) ( -75.5124 55.3596 -11.6494 1 ) ( -76.0166 55.5076 -11.6427 1 ) ( -76.5247 55.6337 -11.6136 1 ) ( -77.0325 55.7642 -11.5983 1 ) ( -77.5414 55.8907 -11.586 1 ) ( -78.0506 56.016 -11.5795 1 ) ( -78.5605 56.1393 -11.5779 1 ) ( -79.0707 56.26 -11.5836 1 ) ( -79.5815 56.3803 -11.5897 1 ) ( -80.0921 56.4944 -11.6154 1 ) ( -80.6045 56.6209 -11.5977 1 ) ( -81.1125 56.7004 -11.7388 1 ) ( -81.6287 56.8988 -11.4634 1 ) ( -82.0561 56.8832 -11.933 1 ) ( -82.3579 56.9927 -11.7358 1 ) ( -82.7199 57.1915 -11.2476 1 ) ( -82.7517 57.1433 -11.4666 1 ) 
