 Knots U 
0 0 0 0 0.0975245 0.194706 0.292771 0.39264 0.493949 0.596098 0.698458 0.799986 0.900139 1 1 1 1 
 Knots V 
0 0 0 0 0.101839 0.202617 0.302206 0.401596 0.500788 0.600378 0.698935 0.799261 0.899498 1 1 1 1 
 Poles & Weights 
( -80.5477 44.5962 5.17596 1 ) ( -80.5357 44.6182 5.17602 1 ) ( -80.4376 44.8165 5.17662 1 ) ( -80.3331 44.9803 5.17615 1 ) ( -80.1794 45.1532 5.17355 1 ) ( -80.0029 45.2872 5.17151 1 ) ( -79.8049 45.39 5.17398 1 ) ( -79.5921 45.4551 5.18179 1 ) ( -79.3736 45.4864 5.19029 1 ) ( -79.1434 45.4778 5.19347 1 ) ( -78.9536 45.4389 5.18756 1 ) ( -78.7449 45.3642 5.17077 1 ) ( -78.7211 45.3571 5.16965 1 ) 
( -80.5618 44.5657 5.11977 1 ) ( -80.5497 44.588 5.12024 1 ) ( -80.45 44.7886 5.12452 1 ) ( -80.3441 44.9546 5.12724 1 ) ( -80.1888 45.1303 5.12829 1 ) ( -80.0109 45.2672 5.12951 1 ) ( -79.8113 45.3733 5.13499 1 ) ( -79.597 45.442 5.14549 1 ) ( -79.377 45.4773 5.15636 1 ) ( -79.1452 45.4733 5.16172 1 ) ( -78.9537 45.4388 5.15749 1 ) ( -78.7431 45.3695 5.14252 1 ) ( -78.7192 45.3631 5.1416 1 ) 
( -80.5243 44.6117 4.73137 1 ) ( -80.5123 44.6329 4.7344 1 ) ( -80.4137 44.8231 4.76125 1 ) ( -80.3093 44.9809 4.78345 1 ) ( -80.1563 45.1485 4.80655 1 ) ( -79.9806 45.28 4.82684 1 ) ( -79.7833 45.3835 4.8493 1 ) ( -79.571 45.4528 4.874 1 ) ( -79.3527 45.4915 4.8965 1 ) ( -79.1217 45.4956 4.91149 1 ) ( -78.9302 45.4716 4.91402 1 ) ( -78.7185 45.4176 4.90592 1 ) ( -78.6944 45.4127 4.90577 1 ) 
( -80.4688 44.6726 4.37534 1 ) ( -80.4568 44.6932 4.38106 1 ) ( -80.3581 44.8777 4.43182 1 ) ( -80.2541 45.0313 4.47475 1 ) ( -80.1018 45.1954 4.52149 1 ) ( -79.927 45.3257 4.56256 1 ) ( -79.7306 45.4303 4.60396 1 ) ( -79.5189 45.5037 4.64514 1 ) ( -79.301 45.549 4.68176 1 ) ( -79.0697 45.564 4.70926 1 ) ( -78.8771 45.5525 4.72117 1 ) ( -78.6633 45.5158 4.72298 1 ) ( -78.639 45.5127 4.72394 1 ) 
( -80.4016 44.7771 3.96746 1 ) ( -80.3896 44.7966 3.97628 1 ) ( -80.2898 44.9714 4.05438 1 ) ( -80.1852 45.1174 4.121 1 ) ( -80.0329 45.2741 4.19469 1 ) ( -79.8582 45.4001 4.25939 1 ) ( -79.6617 45.5032 4.32221 1 ) ( -79.4499 45.5783 4.38187 1 ) ( -79.2314 45.6286 4.43419 1 ) ( -78.9987 45.6535 4.47542 1 ) ( -78.8039 45.6542 4.49749 1 ) ( -78.5865 45.6351 4.50998 1 ) ( -78.562 45.6338 4.51213 1 ) 
( -80.2858 45.0263 3.6555 1 ) ( -80.2742 45.0434 3.66664 1 ) ( -80.1779 45.1965 3.76529 1 ) ( -80.0768 45.3243 3.84959 1 ) ( -79.9291 45.4611 3.94317 1 ) ( -79.7589 45.5705 4.02488 1 ) ( -79.567 45.6596 4.10256 1 ) ( -79.3595 45.724 4.17428 1 ) ( -79.145 45.7667 4.23607 1 ) ( -78.9156 45.788 4.28465 1 ) ( -78.7227 45.7896 4.31153 1 ) ( -78.5065 45.7747 4.32867 1 ) ( -78.4821 45.7738 4.33135 1 ) 
( -80.1674 45.2964 3.3704 1 ) ( -80.1564 45.3112 3.38387 1 ) ( -80.0638 45.444 3.50319 1 ) ( -79.9666 45.5548 3.60526 1 ) ( -79.824 45.6731 3.71882 1 ) ( -79.6588 45.7674 3.8176 1 ) ( -79.4719 45.8441 3.91014 1 ) ( -79.2691 45.8993 3.99387 1 ) ( -79.059 45.9359 4.06506 1 ) ( -78.8334 45.9556 4.12085 1 ) ( -78.6427 45.9594 4.15241 1 ) ( -78.428 45.9507 4.17404 1 ) ( -78.4038 45.9503 4.17722 1 ) 
( -80.0252 45.5712 3.0936 1 ) ( -80.0149 45.584 3.10967 1 ) ( -79.9279 45.6981 3.25199 1 ) ( -79.836 45.7931 3.37391 1 ) ( -79.7003 45.8945 3.50994 1 ) ( -79.5418 45.9751 3.62817 1 ) ( -79.3616 46.0407 3.73804 1 ) ( -79.1653 46.088 3.83629 1 ) ( -78.9613 46.1199 3.91939 1 ) ( -78.7412 46.139 3.98508 1 ) ( -78.5543 46.1461 4.02363 1 ) ( -78.3429 46.1446 4.05236 1 ) ( -78.3192 46.1449 4.05634 1 ) 
( -79.8568 45.8969 2.90353 1 ) ( -79.8471 45.9071 2.92158 1 ) ( -79.7658 45.998 3.08142 1 ) ( -79.6794 46.0734 3.21831 1 ) ( -79.5508 46.1532 3.371 1 ) ( -79.3991 46.2159 3.50314 1 ) ( -79.2257 46.2661 3.62466 1 ) ( -79.036 46.3013 3.73172 1 ) ( -78.8382 46.3243 3.82104 1 ) ( -78.6238 46.3387 3.8906 1 ) ( -78.4408 46.3456 3.93099 1 ) ( -78.2328 46.3474 3.96098 1 ) ( -78.2094 46.3479 3.96511 1 ) 
( -79.6772 46.2855 2.8692 1 ) ( -79.6682 46.2925 2.8878 1 ) ( -79.5926 46.3546 3.05263 1 ) ( -79.5117 46.4055 3.19335 1 ) ( -79.3901 46.4579 3.34949 1 ) ( -79.2453 46.497 3.48295 1 ) ( -79.0787 46.5263 3.60339 1 ) ( -78.8957 46.544 3.70647 1 ) ( -78.7041 46.5527 3.78937 1 ) ( -78.4954 46.5568 3.84954 1 ) ( -78.3162 46.5588 3.88051 1 ) ( -78.1116 46.5586 3.89897 1 ) ( -78.0886 46.5587 3.90181 1 ) 
( -79.5114 46.5934 2.81064 1 ) ( -79.5034 46.598 2.83019 1 ) ( -79.4352 46.6388 3.00345 1 ) ( -79.3614 46.6716 3.15116 1 ) ( -79.2486 46.704 3.31464 1 ) ( -79.1122 46.7263 3.45343 1 ) ( -78.9542 46.7409 3.57721 1 ) ( -78.7795 46.7468 3.68118 1 ) ( -78.5959 46.7464 3.76285 1 ) ( -78.3947 46.7449 3.81948 1 ) ( -78.2212 46.7455 3.84621 1 ) ( -78.0221 46.7466 3.85915 1 ) ( -77.9998 46.7467 3.86137 1 ) 
( -79.3182 46.9519 2.75007 1 ) ( -79.3114 46.9539 2.77074 1 ) ( -79.2532 46.9706 2.95399 1 ) ( -79.1887 46.9831 3.10996 1 ) ( -79.0875 46.9931 3.28216 1 ) ( -78.9622 46.9966 3.4273 1 ) ( -78.8154 46.995 3.5551 1 ) ( -78.6517 46.9879 3.66023 1 ) ( -78.4786 46.9779 3.74058 1 ) ( -78.2877 46.9709 3.79317 1 ) ( -78.1218 46.9705 3.81504 1 ) ( -77.9304 46.9741 3.82163 1 ) ( -77.909 46.9744 3.82314 1 ) 
( -79.3045 46.9962 2.77596 1 ) ( -79.2977 46.9978 2.79639 1 ) ( -79.24 47.0112 2.97753 1 ) ( -79.1759 47.0209 3.13157 1 ) ( -79.0753 47.0278 3.30139 1 ) ( -78.9506 47.0285 3.44407 1 ) ( -78.8044 47.0244 3.56917 1 ) ( -78.6412 47.015 3.67133 1 ) ( -78.4686 47.0031 3.74851 1 ) ( -78.2781 46.9945 3.79754 1 ) ( -78.1125 46.9932 3.81625 1 ) ( -77.9213 46.996 3.81918 1 ) ( -77.9 46.9962 3.82028 1 ) 
