 Knots U 
0 0 0 0 0.0992773 0.198569 0.298032 0.397871 0.497907 0.597852 0.697708 0.798179 0.899616 1 1 1 1 
 Knots V 
0 0 0 0 0.0498112 0.099302 0.149797 0.199905 0.249998 0.300169 0.350288 0.400327 0.450371 0.500495 0.550476 0.600807 0.651054 0.701272 0.751522 0.801685 0.851789 0.902044 0.950481 1 1 1 1 
 Poles & Weights 
( -70.5906 46.5015 -9.84099 1 ) ( -70.5988 46.4961 -9.84123 1 ) ( -70.6712 46.4487 -9.84314 1 ) ( -70.7353 46.4078 -9.84415 1 ) ( -70.8121 46.3597 -9.84503 1 ) ( -70.8859 46.3145 -9.84541 1 ) ( -70.9609 46.2695 -9.84548 1 ) ( -71.0366 46.2253 -9.84529 1 ) ( -71.1121 46.1822 -9.8449 1 ) ( -71.1916 46.1382 -9.84438 1 ) ( -71.2574 46.1024 -9.84389 1 ) ( -71.3347 46.0619 -9.84337 1 ) ( -71.3436 46.0573 -9.84332 1 ) 
( -70.5894 46.5308 -9.8498 1 ) ( -70.5975 46.5254 -9.85013 1 ) ( -70.6699 46.4775 -9.85289 1 ) ( -70.7341 46.4362 -9.85463 1 ) ( -70.8108 46.3875 -9.85638 1 ) ( -70.8845 46.3417 -9.85758 1 ) ( -70.9595 46.2962 -9.85848 1 ) ( -71.0351 46.2514 -9.8591 1 ) ( -71.1107 46.2078 -9.85954 1 ) ( -71.1902 46.1632 -9.85983 1 ) ( -71.256 46.1269 -9.85993 1 ) ( -71.3333 46.086 -9.86016 1 ) ( -71.3422 46.0813 -9.8602 1 ) 
( -70.5591 46.8079 -9.94052 1 ) ( -70.5677 46.8019 -9.94229 1 ) ( -70.6437 46.7485 -9.95774 1 ) ( -70.711 46.7022 -9.97061 1 ) ( -70.7912 46.6472 -9.98552 1 ) ( -70.8681 46.5949 -9.99916 1 ) ( -70.9462 46.5426 -10.0126 1 ) ( -71.0251 46.4911 -10.0257 1 ) ( -71.1041 46.4415 -10.0387 1 ) ( -71.1874 46.3908 -10.0516 1 ) ( -71.2565 46.3491 -10.0612 1 ) ( -71.3374 46.3022 -10.0733 1 ) ( -71.3466 46.2969 -10.0747 1 ) 
( -70.5222 47.0601 -9.99868 1 ) ( -70.5313 47.0542 -10.0003 1 ) ( -70.6117 47.0019 -10.0148 1 ) ( -70.6828 46.9563 -10.0267 1 ) ( -70.7674 46.9017 -10.0405 1 ) ( -70.8483 46.8494 -10.0529 1 ) ( -70.9305 46.797 -10.065 1 ) ( -71.0135 46.7456 -10.0768 1 ) ( -71.0968 46.6964 -10.0886 1 ) ( -71.1848 46.6464 -10.0999 1 ) ( -71.2578 46.605 -10.1074 1 ) ( -71.3432 46.5587 -10.1176 1 ) ( -71.3529 46.5535 -10.1189 1 ) 
( -70.4962 47.3586 -10.0002 1 ) ( -70.5058 47.3529 -10.002 1 ) ( -70.5898 47.3019 -10.018 1 ) ( -70.664 47.2574 -10.0314 1 ) ( -70.7521 47.2035 -10.0467 1 ) ( -70.8361 47.1514 -10.0604 1 ) ( -70.9215 47.0991 -10.0739 1 ) ( -71.0077 47.048 -10.0869 1 ) ( -71.0945 46.9996 -10.1001 1 ) ( -71.1862 46.9507 -10.1123 1 ) ( -71.2625 46.9098 -10.1198 1 ) ( -71.3515 46.8643 -10.1307 1 ) ( -71.3616 46.8592 -10.1321 1 ) 
( -70.4748 47.6502 -9.96763 1 ) ( -70.4847 47.6445 -9.96998 1 ) ( -70.5716 47.594 -9.99057 1 ) ( -70.6482 47.5497 -10.0079 1 ) ( -70.7391 47.4957 -10.0279 1 ) ( -70.8256 47.4429 -10.0459 1 ) ( -70.9134 47.3899 -10.0637 1 ) ( -71.0022 47.3381 -10.081 1 ) ( -71.0916 47.2897 -10.0985 1 ) ( -71.1865 47.2409 -10.1149 1 ) ( -71.2654 47.1997 -10.1249 1 ) ( -71.3572 47.1543 -10.1394 1 ) ( -71.3677 47.1492 -10.1413 1 ) 
( -70.45 47.9433 -9.94851 1 ) ( -70.4602 47.9377 -9.95101 1 ) ( -70.5498 47.8879 -9.97284 1 ) ( -70.6287 47.844 -9.99126 1 ) ( -70.7221 47.7901 -10.0124 1 ) ( -70.8108 47.7369 -10.0315 1 ) ( -70.9008 47.6833 -10.0502 1 ) ( -70.9919 47.6311 -10.0685 1 ) ( -71.0839 47.5828 -10.087 1 ) ( -71.1815 47.5343 -10.104 1 ) ( -71.2628 47.4931 -10.1137 1 ) ( -71.3574 47.4479 -10.1285 1 ) ( -71.3681 47.4429 -10.1305 1 ) 
( -70.4264 48.2339 -9.91627 1 ) ( -70.437 48.2285 -9.91897 1 ) ( -70.5312 48.1795 -9.94261 1 ) ( -70.6141 48.1362 -9.9626 1 ) ( -70.712 48.0825 -9.98551 1 ) ( -70.8049 48.029 -10.0062 1 ) ( -70.899 47.975 -10.0264 1 ) ( -70.9943 47.9226 -10.0462 1 ) ( -71.0907 47.8746 -10.0663 1 ) ( -71.1932 47.8267 -10.0845 1 ) ( -71.2786 47.7855 -10.0944 1 ) ( -71.3777 47.7407 -10.1101 1 ) ( -71.389 47.7357 -10.1122 1 ) 
( -70.4024 48.5264 -9.8896 1 ) ( -70.414 48.5211 -9.89251 1 ) ( -70.5158 48.4727 -9.91794 1 ) ( -70.6052 48.4297 -9.93948 1 ) ( -70.7108 48.376 -9.96414 1 ) ( -70.8108 48.3219 -9.98635 1 ) ( -70.9121 48.2673 -10.0081 1 ) ( -71.0146 48.2143 -10.0293 1 ) ( -71.1185 48.1663 -10.051 1 ) ( -71.229 48.1187 -10.0705 1 ) ( -71.3211 48.0773 -10.0805 1 ) ( -71.4278 48.0326 -10.097 1 ) ( -71.44 48.0277 -10.0993 1 ) 
( -70.3761 48.8197 -9.88632 1 ) ( -70.3875 48.8144 -9.88902 1 ) ( -70.4879 48.7664 -9.91255 1 ) ( -70.576 48.7234 -9.93242 1 ) ( -70.6799 48.6694 -9.95499 1 ) ( -70.778 48.6145 -9.97507 1 ) ( -70.8775 48.5589 -9.99463 1 ) ( -70.9782 48.5051 -10.0136 1 ) ( -71.0805 48.4568 -10.0331 1 ) ( -71.1895 48.4091 -10.05 1 ) ( -71.2805 48.3673 -10.057 1 ) ( -71.3858 48.3224 -10.0706 1 ) ( -71.3978 48.3175 -10.0727 1 ) 
( -70.3428 49.1096 -9.93062 1 ) ( -70.3541 49.1044 -9.93283 1 ) ( -70.4537 49.0572 -9.95195 1 ) ( -70.541 49.0147 -9.96793 1 ) ( -70.6437 48.9609 -9.98576 1 ) ( -70.7406 48.9056 -10.0012 1 ) ( -70.8387 48.8495 -10.016 1 ) ( -70.9381 48.7954 -10.0302 1 ) ( -71.0394 48.7475 -10.0451 1 ) ( -71.1477 48.7002 -10.0567 1 ) ( -71.2381 48.6584 -10.0584 1 ) ( -71.3425 48.6138 -10.0667 1 ) ( -71.3544 48.609 -10.0682 1 ) 
( -70.3014 49.391 -10.0058 1 ) ( -70.3137 49.386 -10.0078 1 ) ( -70.4217 49.3404 -10.0248 1 ) ( -70.5163 49.2993 -10.0389 1 ) ( -70.6276 49.2465 -10.0545 1 ) ( -70.7325 49.1918 -10.0676 1 ) ( -70.8386 49.1362 -10.08 1 ) ( -70.9462 49.0826 -10.0917 1 ) ( -71.0557 49.0357 -10.1043 1 ) ( -71.1728 48.9898 -10.1131 1 ) ( -71.2706 48.9488 -10.1116 1 ) ( -71.3836 48.9055 -10.1169 1 ) ( -71.3964 48.9008 -10.1181 1 ) 
( -70.2453 49.6608 -10.1141 1 ) ( -70.2577 49.6561 -10.1157 1 ) ( -70.3669 49.6123 -10.1298 1 ) ( -70.4624 49.5725 -10.1413 1 ) ( -70.5746 49.5209 -10.1536 1 ) ( -70.6801 49.4668 -10.1635 1 ) ( -70.7869 49.4118 -10.1726 1 ) ( -70.8952 49.3589 -10.181 1 ) ( -71.0057 49.3133 -10.1903 1 ) ( -71.124 49.2688 -10.1953 1 ) ( -71.2229 49.2286 -10.1898 1 ) ( -71.337 49.1866 -10.1911 1 ) ( -71.3499 49.1821 -10.1919 1 ) 
( -70.1745 49.9109 -10.249 1 ) ( -70.1868 49.9065 -10.2503 1 ) ( -70.2948 49.8648 -10.261 1 ) ( -70.3893 49.8267 -10.2696 1 ) ( -70.5 49.7767 -10.2784 1 ) ( -70.6039 49.7237 -10.2848 1 ) ( -70.7091 49.6695 -10.2903 1 ) ( -70.8158 49.6177 -10.295 1 ) ( -70.9251 49.5737 -10.3008 1 ) ( -71.0422 49.5311 -10.3017 1 ) ( -71.1403 49.4921 -10.2921 1 ) ( -71.2531 49.4518 -10.2891 1 ) ( -71.2659 49.4475 -10.2895 1 ) 
( -70.1006 50.1616 -10.3846 1 ) ( -70.1129 50.1574 -10.3858 1 ) ( -70.2211 50.117 -10.3955 1 ) ( -70.3156 50.0798 -10.4031 1 ) ( -70.4262 50.0306 -10.4106 1 ) ( -70.5299 49.9777 -10.4157 1 ) ( -70.6347 49.9235 -10.4198 1 ) ( -70.7412 49.8719 -10.4231 1 ) ( -70.8504 49.8286 -10.4277 1 ) ( -70.9678 49.787 -10.4267 1 ) ( -71.0661 49.7485 -10.4147 1 ) ( -71.1791 49.709 -10.4097 1 ) ( -71.1919 49.7048 -10.41 1 ) 
( -70.0265 50.4146 -10.5155 1 ) ( -70.0384 50.4103 -10.5166 1 ) ( -70.1421 50.3693 -10.5256 1 ) ( -70.2327 50.3315 -10.5327 1 ) ( -70.3385 50.2809 -10.5394 1 ) ( -70.4373 50.2262 -10.5436 1 ) ( -70.5372 50.1702 -10.5468 1 ) ( -70.6388 50.1169 -10.5491 1 ) ( -70.7434 50.0724 -10.5528 1 ) ( -70.8562 50.0298 -10.5505 1 ) ( -70.9508 49.99 -10.5366 1 ) ( -71.0594 49.9495 -10.53 1 ) ( -71.0717 49.9452 -10.5301 1 ) 
( -69.9558 50.6731 -10.6363 1 ) ( -69.9673 50.6686 -10.6376 1 ) ( -70.0684 50.6266 -10.6484 1 ) ( -70.1565 50.5877 -10.657 1 ) ( -70.2592 50.5354 -10.6655 1 ) ( -70.3549 50.4786 -10.6712 1 ) ( -70.4516 50.4203 -10.6759 1 ) ( -70.5502 50.3647 -10.6797 1 ) ( -70.6519 50.3187 -10.6849 1 ) ( -70.7619 50.2746 -10.6838 1 ) ( -70.8544 50.2333 -10.67 1 ) ( -70.9602 50.1912 -10.6643 1 ) ( -70.9722 50.1868 -10.6645 1 ) 
( -69.8925 50.9417 -10.7366 1 ) ( -69.9041 50.9372 -10.7384 1 ) ( -70.0056 50.8944 -10.7534 1 ) ( -70.0941 50.8545 -10.7657 1 ) ( -70.197 50.8006 -10.7784 1 ) ( -70.2927 50.7419 -10.7881 1 ) ( -70.3893 50.6815 -10.7967 1 ) ( -70.4879 50.624 -10.8044 1 ) ( -70.5899 50.5766 -10.8136 1 ) ( -70.7004 50.5313 -10.8163 1 ) ( -70.7934 50.4886 -10.8047 1 ) ( -70.8997 50.4452 -10.8022 1 ) ( -70.9117 50.4407 -10.8029 1 ) 
( -69.8462 51.2246 -10.8177 1 ) ( -69.8578 51.22 -10.8198 1 ) ( -69.9588 51.1757 -10.8377 1 ) ( -70.0467 51.1343 -10.8524 1 ) ( -70.1489 51.0783 -10.8681 1 ) ( -70.2436 51.017 -10.8804 1 ) ( -70.3393 50.9539 -10.8917 1 ) ( -70.4369 50.8938 -10.9019 1 ) ( -70.5383 50.8443 -10.9138 1 ) ( -70.6483 50.7971 -10.9189 1 ) ( -70.7409 50.7525 -10.9084 1 ) ( -70.8467 50.7072 -10.9079 1 ) ( -70.8586 50.7024 -10.9088 1 ) 
( -69.8095 51.5175 -10.8075 1 ) ( -69.8207 51.5129 -10.8108 1 ) ( -69.9176 51.4686 -10.8392 1 ) ( -70.0018 51.427 -10.8632 1 ) ( -70.0993 51.3703 -10.8897 1 ) ( -70.1895 51.3078 -10.9123 1 ) ( -70.2805 51.2434 -10.9339 1 ) ( -70.3736 51.1822 -10.9544 1 ) ( -70.4706 51.1322 -10.9766 1 ) ( -70.5764 51.0845 -10.992 1 ) ( -70.6656 51.0392 -10.9892 1 ) ( -70.7672 50.9934 -10.9983 1 ) ( -70.7786 50.9886 -11.0004 1 ) 
( -69.7889 51.7767 -10.7239 1 ) ( -69.7999 51.7722 -10.7285 1 ) ( -69.8953 51.7285 -10.7688 1 ) ( -69.9782 51.6872 -10.8033 1 ) ( -70.0739 51.6305 -10.8422 1 ) ( -70.1622 51.5675 -10.8765 1 ) ( -70.2513 51.5026 -10.9099 1 ) ( -70.3426 51.4409 -10.9422 1 ) ( -70.438 51.391 -10.9762 1 ) ( -70.5422 51.3436 -11.0035 1 ) ( -70.6303 51.2981 -11.0098 1 ) ( -70.7304 51.2525 -11.03 1 ) ( -70.7416 51.2477 -11.0335 1 ) 
( -69.7684 52.0223 -10.5697 1 ) ( -69.7812 52.018 -10.5747 1 ) ( -69.8925 51.9757 -10.6185 1 ) ( -69.9893 51.9355 -10.6559 1 ) ( -70.1015 51.8796 -10.6983 1 ) ( -70.2052 51.8169 -10.7357 1 ) ( -70.3099 51.7521 -10.7722 1 ) ( -70.4169 51.6908 -10.8076 1 ) ( -70.5281 51.6417 -10.8448 1 ) ( -70.6491 51.5954 -10.875 1 ) ( -70.751 51.5504 -10.8828 1 ) ( -70.8671 51.5057 -10.9055 1 ) ( -70.8802 51.5012 -10.9093 1 ) 
( -69.764 52.0439 -10.5494 1 ) ( -69.7769 52.0396 -10.5546 1 ) ( -69.8895 51.9978 -10.5998 1 ) ( -69.9873 51.958 -10.6386 1 ) ( -70.1007 51.9026 -10.6825 1 ) ( -70.2055 51.8403 -10.7214 1 ) ( -70.3114 51.7759 -10.7594 1 ) ( -70.4195 51.7149 -10.7963 1 ) ( -70.5319 51.6663 -10.835 1 ) ( -70.6541 51.6205 -10.8667 1 ) ( -70.7571 51.5759 -10.8756 1 ) ( -70.8744 51.5316 -10.8997 1 ) ( -70.8876 51.5271 -10.9037 1 ) 
