 Knots U 
0 0 0 0 0.101881 0.203609 0.304888 0.407111 0.508609 0.604669 0.698093 0.8031 0.902556 1 1 1 1 
 Knots V 
0 0 0 0 0.100616 0.196464 0.288312 0.382921 0.482433 0.585722 0.69055 0.794249 0.897218 1 1 1 1 
 Poles & Weights 
( -74.1834 53.9338 -11.511 1 ) ( -74.1918 53.9077 -11.4968 1 ) ( -74.2441 53.6841 -11.4108 1 ) ( -74.2988 53.4873 -11.3252 1 ) ( -74.336 53.2413 -11.2357 1 ) ( -74.3509 53.008 -11.1743 1 ) ( -74.4065 52.7795 -11.0832 1 ) ( -74.5198 52.5545 -10.9317 1 ) ( -74.3799 52.3773 -10.8651 1 ) ( -74.133 52.2445 -10.8628 1 ) ( -74.0058 52.075 -10.8359 1 ) ( -73.8419 51.8488 -10.7933 1 ) ( -73.8511 51.8374 -10.784 1 ) 
( -74.1792 53.9275 -11.526 1 ) ( -74.1876 53.9016 -11.5118 1 ) ( -74.24 53.6797 -11.4253 1 ) ( -74.2947 53.4844 -11.3394 1 ) ( -74.3322 53.2404 -11.2493 1 ) ( -74.3481 53.0089 -11.1873 1 ) ( -74.4039 52.7822 -11.0958 1 ) ( -74.515 52.5594 -10.9444 1 ) ( -74.3747 52.3841 -10.8766 1 ) ( -74.1289 52.2526 -10.8731 1 ) ( -74.0019 52.0847 -10.8456 1 ) ( -73.8378 51.861 -10.8025 1 ) ( -73.8469 51.8497 -10.7934 1 ) 
( -74.1487 53.8793 -11.6412 1 ) ( -74.1565 53.855 -11.627 1 ) ( -74.21 53.6464 -11.5366 1 ) ( -74.264 53.4632 -11.4484 1 ) ( -74.3032 53.2346 -11.3541 1 ) ( -74.3271 53.017 -11.2872 1 ) ( -74.3844 52.8046 -11.1932 1 ) ( -74.4774 52.599 -11.0417 1 ) ( -74.3339 52.4379 -10.9647 1 ) ( -74.0972 52.3165 -10.9517 1 ) ( -73.9706 52.1618 -10.9204 1 ) ( -73.8052 51.9567 -10.8731 1 ) ( -73.8134 51.9463 -10.8652 1 ) 
( -74.1248 53.8353 -11.7475 1 ) ( -74.1323 53.8124 -11.7333 1 ) ( -74.1876 53.6142 -11.64 1 ) ( -74.2417 53.4405 -11.55 1 ) ( -74.2836 53.2243 -11.4524 1 ) ( -74.3158 53.0176 -11.3814 1 ) ( -74.3754 52.8165 -11.2858 1 ) ( -74.4525 52.6249 -11.1347 1 ) ( -74.3069 52.475 -11.0499 1 ) ( -74.0795 52.3611 -11.0285 1 ) ( -73.9541 52.217 -10.9942 1 ) ( -73.7885 52.027 -10.9437 1 ) ( -73.7958 52.0173 -10.9369 1 ) 
( -74.1067 53.7853 -11.8718 1 ) ( -74.1139 53.7634 -11.8578 1 ) ( -74.1736 53.5731 -11.7622 1 ) ( -74.2297 53.4067 -11.6714 1 ) ( -74.2769 53.2004 -11.5713 1 ) ( -74.3213 53.0023 -11.4967 1 ) ( -74.3858 52.8103 -11.4005 1 ) ( -74.4457 52.6309 -11.2514 1 ) ( -74.2998 52.4892 -11.1586 1 ) ( -74.0857 52.3801 -11.1284 1 ) ( -73.9635 52.2446 -11.0916 1 ) ( -73.8 52.0677 -11.0386 1 ) ( -73.8064 52.0587 -11.0333 1 ) 
( -74.1073 53.7435 -11.9808 1 ) ( -74.1145 53.7221 -11.9673 1 ) ( -74.1796 53.5341 -11.8712 1 ) ( -74.2387 53.3702 -11.781 1 ) ( -74.2924 53.1679 -11.6804 1 ) ( -74.3495 52.9728 -11.6042 1 ) ( -74.4199 52.7844 -11.5089 1 ) ( -74.4651 52.6112 -11.3635 1 ) ( -74.3206 52.4717 -11.2651 1 ) ( -74.1201 52.3623 -11.2282 1 ) ( -74.0022 52.2306 -11.1905 1 ) ( -73.842 52.0603 -11.1372 1 ) ( -73.8477 52.0518 -11.1332 1 ) 
( -74.1288 53.7078 -12.081 1 ) ( -74.1358 53.6866 -12.0679 1 ) ( -74.2057 53.4978 -11.9729 1 ) ( -74.2674 53.3337 -11.8845 1 ) ( -74.3269 53.1321 -11.7847 1 ) ( -74.3961 52.9371 -11.7082 1 ) ( -74.4718 52.7491 -11.6153 1 ) ( -74.5019 52.5791 -11.4748 1 ) ( -74.358 52.4384 -11.3723 1 ) ( -74.1705 52.3259 -11.33 1 ) ( -74.0564 52.1953 -11.2927 1 ) ( -73.899 52.0281 -11.2405 1 ) ( -73.9038 52.0199 -11.238 1 ) 
( -74.178 53.6801 -12.1699 1 ) ( -74.1847 53.6588 -12.1575 1 ) ( -74.2572 53.4669 -12.0648 1 ) ( -74.3197 53.3006 -11.9795 1 ) ( -74.3827 53.0974 -11.882 1 ) ( -74.4619 52.9001 -11.8066 1 ) ( -74.5409 52.7104 -11.7175 1 ) ( -74.5537 52.5411 -11.5834 1 ) ( -74.4082 52.3968 -11.4782 1 ) ( -74.2318 52.2789 -11.432 1 ) ( -74.1195 52.1476 -11.3962 1 ) ( -73.9626 51.9808 -11.3467 1 ) ( -73.9665 51.973 -11.3457 1 ) 
( -74.2529 53.6603 -12.2469 1 ) ( -74.2589 53.6388 -12.2353 1 ) ( -74.3312 53.4429 -12.146 1 ) ( -74.3917 53.2736 -12.0647 1 ) ( -74.4552 53.0677 -11.9707 1 ) ( -74.5413 52.8671 -11.8975 1 ) ( -74.6205 52.6747 -11.813 1 ) ( -74.6133 52.5052 -11.6864 1 ) ( -74.463 52.3562 -11.5799 1 ) ( -74.2946 52.2322 -11.5307 1 ) ( -74.1816 52.0991 -11.4973 1 ) ( -74.0219 51.9318 -11.4518 1 ) ( -74.0248 51.9242 -11.4523 1 ) 
( -74.3546 53.6455 -12.3201 1 ) ( -74.3595 53.6237 -12.3094 1 ) ( -74.4278 53.4239 -12.2244 1 ) ( -74.4832 53.2517 -12.1479 1 ) ( -74.5433 53.0433 -12.0582 1 ) ( -74.6331 52.8397 -11.988 1 ) ( -74.709 52.6447 -11.9092 1 ) ( -74.6769 52.4753 -11.7911 1 ) ( -74.5175 52.3217 -11.6839 1 ) ( -74.3543 52.1914 -11.6322 1 ) ( -74.2375 52.0568 -11.602 1 ) ( -74.0706 51.8893 -11.5614 1 ) ( -74.0723 51.8819 -11.5635 1 ) 
( -74.4504 53.6359 -12.3778 1 ) ( -74.4542 53.614 -12.3678 1 ) ( -74.5174 53.4111 -12.2867 1 ) ( -74.5669 53.2366 -12.2145 1 ) ( -74.6223 53.0263 -12.1288 1 ) ( -74.7136 52.8203 -12.0613 1 ) ( -74.785 52.6235 -11.9877 1 ) ( -74.7302 52.4544 -11.877 1 ) ( -74.5611 52.2971 -11.7696 1 ) ( -74.4006 52.1618 -11.716 1 ) ( -74.2791 52.0261 -11.6887 1 ) ( -74.1043 51.8586 -11.6525 1 ) ( -74.1049 51.8515 -11.656 1 ) 
( -74.5674 53.6276 -12.4392 1 ) ( -74.5698 53.6055 -12.4302 1 ) ( -74.6261 53.399 -12.3538 1 ) ( -74.668 53.2219 -12.2867 1 ) ( -74.7168 53.0093 -12.2058 1 ) ( -74.8085 52.8005 -12.1418 1 ) ( -74.8737 52.6014 -12.0741 1 ) ( -74.792 52.4325 -11.9722 1 ) ( -74.6108 52.2709 -11.8648 1 ) ( -74.4523 52.1298 -11.8095 1 ) ( -74.3244 51.9928 -11.7858 1 ) ( -74.1392 51.8252 -11.7549 1 ) ( -74.1386 51.8184 -11.76 1 ) 
( -74.5805 53.6264 -12.4467 1 ) ( -74.5827 53.6043 -12.4378 1 ) ( -74.6382 53.3975 -12.3619 1 ) ( -74.6791 53.2202 -12.2954 1 ) ( -74.7271 53.0075 -12.215 1 ) ( -74.8189 52.7985 -12.1513 1 ) ( -74.8833 52.5993 -12.0844 1 ) ( -74.7983 52.4305 -11.9834 1 ) ( -74.6157 52.2686 -11.876 1 ) ( -74.4574 52.1269 -11.8204 1 ) ( -74.3287 51.9899 -11.797 1 ) ( -74.1423 51.8224 -11.7667 1 ) ( -74.1416 51.8156 -11.772 1 ) 
