 Knots U 
0 0 0 0 0.100804 0.200384 0.299742 0.400404 0.502593 0.601518 0.69905 0.7998 0.9 1 1 1 1 
 Knots V 
0 0 0 0 0.2 0.4 0.6 0.8 1 1 1 1 
 Poles & Weights 
( -82.2668 45.522 27.9493 1 ) ( -82.2909 45.5284 27.9535 1 ) ( -82.4854 45.5464 27.9697 1 ) ( -82.6601 45.5531 27.9792 1 ) ( -82.8612 45.5244 27.9699 1 ) ( -83.053 45.4725 27.9581 1 ) ( -83.2545 45.4292 27.975 1 ) ( -83.4397 45.3541 28.0022 1 ) ( -83.534 45.1789 27.9974 1 ) ( -83.5869 44.9689 27.983 1 ) ( -83.6413 44.8072 27.9801 1 ) ( -83.691 44.6065 27.9725 1 ) ( -83.7027 44.5962 27.9759 1 ) 
( -82.2593 45.5176 27.9323 1 ) ( -82.2834 45.5241 27.9364 1 ) ( -82.4783 45.5434 27.9521 1 ) ( -82.6535 45.5509 27.9613 1 ) ( -82.8554 45.5231 27.9521 1 ) ( -83.048 45.4716 27.9407 1 ) ( -83.2498 45.428 27.9574 1 ) ( -83.4356 45.3523 27.9839 1 ) ( -83.532 45.1779 27.979 1 ) ( -83.5872 44.9688 27.9648 1 ) ( -83.6426 44.807 27.9621 1 ) ( -83.6936 44.606 27.9548 1 ) ( -83.7053 44.5955 27.9582 1 ) 
( -82.1924 45.4785 27.7797 1 ) ( -82.2162 45.4853 27.7828 1 ) ( -82.415 45.5169 27.7951 1 ) ( -82.5943 45.5312 27.8016 1 ) ( -82.8039 45.511 27.7929 1 ) ( -83.0035 45.4639 27.7845 1 ) ( -83.2079 45.4168 27.7998 1 ) ( -83.3988 45.3361 27.8205 1 ) ( -83.5146 45.1693 27.8148 1 ) ( -83.5898 44.9677 27.8025 1 ) ( -83.655 44.8049 27.8009 1 ) ( -83.7169 44.6018 27.7965 1 ) ( -83.728 44.5894 27.7994 1 ) 
( -82.1345 45.4446 27.6477 1 ) ( -82.1581 45.4518 27.65 1 ) ( -82.3602 45.494 27.6594 1 ) ( -82.5431 45.5142 27.6635 1 ) ( -82.7593 45.5005 27.6553 1 ) ( -82.965 45.4572 27.6495 1 ) ( -83.1716 45.4072 27.6635 1 ) ( -83.3671 45.3221 27.6792 1 ) ( -83.4996 45.1618 27.6728 1 ) ( -83.592 44.9668 27.6622 1 ) ( -83.6658 44.8031 27.6616 1 ) ( -83.7371 44.5981 27.6595 1 ) ( -83.7476 44.5841 27.662 1 ) 
( -82.0624 45.4025 27.4834 1 ) ( -82.0858 45.41 27.4847 1 ) ( -82.292 45.4654 27.4904 1 ) ( -82.4793 45.4931 27.4915 1 ) ( -82.7038 45.4875 27.4839 1 ) ( -82.9171 45.4489 27.4813 1 ) ( -83.1264 45.3952 27.4939 1 ) ( -83.3275 45.3046 27.5033 1 ) ( -83.4809 45.1524 27.496 1 ) ( -83.5947 44.9657 27.4875 1 ) ( -83.6791 44.8009 27.4881 1 ) ( -83.7622 44.5936 27.489 1 ) ( -83.772 44.5775 27.491 1 ) 
( -82.0045 45.3686 27.3514 1 ) ( -82.0277 45.3765 27.3519 1 ) ( -82.2372 45.4425 27.3547 1 ) ( -82.4281 45.4761 27.3534 1 ) ( -82.6593 45.4771 27.3463 1 ) ( -82.8786 45.4422 27.3463 1 ) ( -83.0902 45.3856 27.3576 1 ) ( -83.2957 45.2906 27.362 1 ) ( -83.4658 45.1449 27.3539 1 ) ( -83.5969 44.9648 27.3472 1 ) ( -83.6898 44.7991 27.3487 1 ) ( -83.7824 44.5899 27.352 1 ) ( -83.7917 44.5721 27.3537 1 ) 
( -81.9376 45.3294 27.1988 1 ) ( -81.9605 45.3378 27.1984 1 ) ( -82.1739 45.416 27.1977 1 ) ( -82.3689 45.4565 27.1936 1 ) ( -82.6077 45.465 27.1871 1 ) ( -82.8341 45.4344 27.1901 1 ) ( -83.0482 45.3744 27.2 1 ) ( -83.259 45.2744 27.1985 1 ) ( -83.4484 45.1362 27.1897 1 ) ( -83.5994 44.9638 27.1849 1 ) ( -83.7023 44.797 27.1876 1 ) ( -83.8058 44.5856 27.1937 1 ) ( -83.8144 44.566 27.1949 1 ) 
( -81.9301 45.3251 27.1817 1 ) ( -81.953 45.3334 27.1812 1 ) ( -82.1668 45.413 27.1802 1 ) ( -82.3623 45.4543 27.1758 1 ) ( -82.602 45.4636 27.1693 1 ) ( -82.8292 45.4336 27.1727 1 ) ( -83.0435 45.3732 27.1824 1 ) ( -83.2549 45.2726 27.1803 1 ) ( -83.4465 45.1353 27.1713 1 ) ( -83.5997 44.9637 27.1668 1 ) ( -83.7036 44.7968 27.1696 1 ) ( -83.8084 44.5852 27.176 1 ) ( -83.8169 44.5653 27.1771 1 ) 
