 Knots U 
0 0 0 0 0.0958988 0.192958 0.292547 0.393618 0.495493 0.597974 0.700273 0.802006 0.902 1 1 1 1 
 Knots V 
0 0 0 0 0.102234 0.203082 0.304829 0.405002 0.504111 0.604164 0.703135 0.80323 0.902612 1 1 1 1 
 Poles & Weights 
( -73.5004 52.6527 1.11842 1 ) ( -73.5044 52.6542 1.09754 1 ) ( -73.5304 52.642 0.897969 1 ) ( -73.5827 52.629 0.733249 1 ) ( -73.6784 52.6096 0.55093 1 ) ( -73.8003 52.6108 0.395101 1 ) ( -73.9403 52.6538 0.258386 1 ) ( -74.0924 52.6925 0.135808 1 ) ( -74.2538 52.7403 0.0329848 1 ) ( -74.4317 52.8091 -0.0432331 1 ) ( -74.5853 52.878 -0.0900614 1 ) ( -74.7641 52.9694 -0.0817916 1 ) ( -74.7835 52.9792 -0.0795639 1 ) 
( -73.491 52.6695 1.07392 1 ) ( -73.4949 52.6709 1.0535 1 ) ( -73.5204 52.6574 0.858243 1 ) ( -73.572 52.6436 0.697158 1 ) ( -73.6667 52.6236 0.518965 1 ) ( -73.7873 52.6243 0.366798 1 ) ( -73.9259 52.6665 0.233411 1 ) ( -74.0763 52.7047 0.113857 1 ) ( -74.2358 52.7522 0.0138608 1 ) ( -74.4117 52.8209 -0.0596716 1 ) ( -74.5633 52.8897 -0.104457 1 ) ( -74.7396 52.9812 -0.0945905 1 ) ( -74.7587 52.991 -0.0921969 1 ) 
( -73.3397 53.0003 1.00756 1 ) ( -73.3452 53 0.988407 1 ) ( -73.3862 52.9739 0.806011 1 ) ( -73.4488 52.9508 0.654949 1 ) ( -73.5543 52.9227 0.487088 1 ) ( -73.6829 52.9167 0.34208 1 ) ( -73.8277 52.9503 0.21232 1 ) ( -73.9822 52.9828 0.0936557 1 ) ( -74.1446 53.026 -0.00707295 1 ) ( -74.3217 53.0913 -0.0838086 1 ) ( -74.4724 53.158 -0.13319 1 ) ( -74.6447 53.2489 -0.13609 1 ) ( -74.6635 53.2586 -0.135186 1 ) 
( -73.1793 53.2326 0.86455 1 ) ( -73.1858 53.2309 0.847073 1 ) ( -73.2362 53.1934 0.681064 1 ) ( -73.3051 53.1619 0.54323 1 ) ( -73.4159 53.1265 0.389632 1 ) ( -73.5476 53.1144 0.255841 1 ) ( -73.6936 53.1402 0.134206 1 ) ( -73.8477 53.1675 0.021199 1 ) ( -74.0085 53.2068 -0.0753651 1 ) ( -74.1822 53.2689 -0.149945 1 ) ( -74.3286 53.3337 -0.199236 1 ) ( -74.4932 53.424 -0.208653 1 ) ( -74.5111 53.4336 -0.208544 1 ) 
( -72.9598 53.5151 0.765038 1 ) ( -72.9677 53.5116 0.748631 1 ) ( -73.0325 53.4593 0.593659 1 ) ( -73.1116 53.4166 0.46422 1 ) ( -73.2319 53.3712 0.318994 1 ) ( -73.3703 53.3504 0.190403 1 ) ( -73.5212 53.3656 0.0702977 1 ) ( -73.6781 53.3852 -0.0439873 1 ) ( -73.8403 53.4184 -0.143482 1 ) ( -74.0137 53.4752 -0.223627 1 ) ( -74.1579 53.5364 -0.279547 1 ) ( -74.3169 53.6242 -0.304322 1 ) ( -74.3343 53.6335 -0.30599 1 ) 
( -72.7325 53.7807 0.677887 1 ) ( -72.7424 53.7757 0.662257 1 ) ( -72.8269 53.7126 0.515615 1 ) ( -72.9207 53.6621 0.392238 1 ) ( -73.0562 53.6105 0.25267 1 ) ( -73.2067 53.5848 0.126746 1 ) ( -73.368 53.5931 0.00568843 1 ) ( -73.5332 53.6088 -0.112279 1 ) ( -73.7025 53.6394 -0.21705 1 ) ( -73.8813 53.6947 -0.305145 1 ) ( -74.0283 53.7553 -0.369642 1 ) ( -74.1875 53.8443 -0.411869 1 ) ( -74.205 53.8538 -0.415542 1 ) 
( -72.5238 53.9508 0.418693 1 ) ( -72.5354 53.945 0.40517 1 ) ( -72.6365 53.8762 0.279044 1 ) ( -72.7424 53.8226 0.17234 1 ) ( -72.8898 53.7702 0.0509009 1 ) ( -73.0494 53.7448 -0.0604647 1 ) ( -73.2178 53.7517 -0.170483 1 ) ( -73.3881 53.7687 -0.280253 1 ) ( -73.5611 53.8022 -0.378551 1 ) ( -73.7419 53.8615 -0.462407 1 ) ( -73.8888 53.9264 -0.525323 1 ) ( -74.0447 54.0221 -0.573303 1 ) ( -74.062 54.0323 -0.577698 1 ) 
( -72.2898 54.0868 0.184175 1 ) ( -72.3033 54.08 0.172137 1 ) ( -72.4222 54.0042 0.0607885 1 ) ( -72.5414 53.9462 -0.0342154 1 ) ( -72.7021 53.8916 -0.143341 1 ) ( -72.8722 53.8651 -0.24564 1 ) ( -73.0492 53.869 -0.350087 1 ) ( -73.2262 53.8859 -0.45702 1 ) ( -73.4045 53.9207 -0.554116 1 ) ( -73.589 53.9824 -0.639152 1 ) ( -73.7373 54.05 -0.704966 1 ) ( -73.8918 54.1507 -0.763707 1 ) ( -73.9089 54.1615 -0.769372 1 ) 
( -72.0497 54.1906 -0.0595713 1 ) ( -72.065 54.1827 -0.0701733 1 ) ( -72.2008 54.0991 -0.167154 1 ) ( -72.3323 54.036 -0.25084 1 ) ( -72.5053 53.9784 -0.348134 1 ) ( -72.6847 53.9501 -0.441885 1 ) ( -72.8692 53.9503 -0.541362 1 ) ( -73.0516 53.9664 -0.646115 1 ) ( -73.234 54.0018 -0.742694 1 ) ( -73.421 54.0652 -0.829675 1 ) ( -73.5695 54.1352 -0.899065 1 ) ( -73.7212 54.2403 -0.969516 1 ) ( -73.7381 54.2516 -0.976555 1 ) 
( -71.8071 54.2454 -0.340242 1 ) ( -71.8238 54.2359 -0.34882 1 ) ( -71.9733 54.1393 -0.426042 1 ) ( -72.1145 54.0668 -0.493729 1 ) ( -72.2964 54.001 -0.573704 1 ) ( -72.4819 53.9659 -0.653701 1 ) ( -72.6707 53.9574 -0.742994 1 ) ( -72.8552 53.9676 -0.84043 1 ) ( -73.0385 53.9988 -0.931427 1 ) ( -73.2244 54.0588 -1.01512 1 ) ( -73.3701 54.1267 -1.08375 1 ) ( -73.5155 54.2314 -1.16099 1 ) ( -73.5318 54.2426 -1.16886 1 ) 
( -71.5933 54.2654 -0.58953 1 ) ( -71.6112 54.2543 -0.596138 1 ) ( -71.772 54.1453 -0.654313 1 ) ( -71.921 54.0632 -0.706411 1 ) ( -72.1103 53.9889 -0.769287 1 ) ( -72.3008 53.9464 -0.835258 1 ) ( -72.493 53.9289 -0.913451 1 ) ( -72.6792 53.9326 -1.00217 1 ) ( -72.863 53.9585 -1.08592 1 ) ( -73.0479 54.0139 -1.16417 1 ) ( -73.1913 54.0787 -1.22988 1 ) ( -73.3314 54.1811 -1.31009 1 ) ( -73.3471 54.1921 -1.31836 1 ) 
( -71.546 54.0946 -0.911723 1 ) ( -71.5631 54.0842 -0.915811 1 ) ( -71.7182 53.9842 -0.949706 1 ) ( -71.8599 53.9119 -0.981852 1 ) ( -72.038 53.852 -1.02274 1 ) ( -72.2155 53.8243 -1.07048 1 ) ( -72.3924 53.8201 -1.13393 1 ) ( -72.5614 53.8398 -1.21079 1 ) ( -72.7268 53.8831 -1.28443 1 ) ( -72.8907 53.9578 -1.35467 1 ) ( -73.0146 54.0395 -1.41566 1 ) ( -73.1288 54.1635 -1.498 1 ) ( -73.1418 54.1769 -1.50661 1 ) 
( -71.5468 54.0704 -0.947306 1 ) ( -71.5637 54.06 -0.951076 1 ) ( -71.7174 53.9605 -0.981944 1 ) ( -71.8574 53.8887 -1.01157 1 ) ( -72.0335 53.8297 -1.04964 1 ) ( -72.2088 53.803 -1.09496 1 ) ( -72.3832 53.7995 -1.15631 1 ) ( -72.5496 53.8204 -1.23136 1 ) ( -72.7122 53.8649 -1.30338 1 ) ( -72.873 53.941 -1.37217 1 ) ( -72.9942 54.0239 -1.43215 1 ) ( -73.1049 54.1496 -1.51406 1 ) ( -73.1175 54.1631 -1.52263 1 ) 
