 Knots U 
0 0 0 0 0.097121 0.195372 0.295085 0.396058 0.497409 0.598285 0.698396 0.798617 0.899504 1 1 1 1 
 Knots V 
0 0 0 0 0.049859 0.0999983 0.15015 0.200303 0.250453 0.300607 0.35076 0.400897 0.451034 0.501173 0.551312 0.601447 0.651594 0.701726 0.751836 0.802115 0.851959 0.902083 0.953622 1 1 1 1 
 Poles & Weights 
( -75.1643 46.1985 -8.51962 1 ) ( -75.1506 46.196 -8.52023 1 ) ( -75.0297 46.1728 -8.52589 1 ) ( -74.9258 46.1441 -8.5326 1 ) ( -74.8031 46.1027 -8.54207 1 ) ( -74.6873 46.0576 -8.55071 1 ) ( -74.5704 46.0133 -8.55575 1 ) ( -74.4531 45.9758 -8.55393 1 ) ( -74.3356 45.9502 -8.54278 1 ) ( -74.2117 45.944 -8.51657 1 ) ( -74.108 45.9502 -8.48684 1 ) ( -73.9887 45.9494 -8.45368 1 ) ( -73.9752 45.95 -8.44947 1 ) 
( -75.149 46.2254 -8.53865 1 ) ( -75.1354 46.2229 -8.53916 1 ) ( -75.0157 46.2 -8.54388 1 ) ( -74.9128 46.1716 -8.54979 1 ) ( -74.7911 46.1308 -8.55829 1 ) ( -74.6763 46.0864 -8.56602 1 ) ( -74.5604 46.0428 -8.57014 1 ) ( -74.4441 46.0059 -8.56741 1 ) ( -74.3276 45.9809 -8.55537 1 ) ( -74.2047 45.9752 -8.52827 1 ) ( -74.1019 45.9818 -8.49783 1 ) ( -73.9838 45.9816 -8.4638 1 ) ( -73.9703 45.9822 -8.45949 1 ) 
( -75.0747 46.5008 -8.65926 1 ) ( -75.0618 46.4983 -8.65894 1 ) ( -74.9474 46.4753 -8.65627 1 ) ( -74.8484 46.4482 -8.65579 1 ) ( -74.731 46.4098 -8.65667 1 ) ( -74.6198 46.3686 -8.65715 1 ) ( -74.5074 46.3285 -8.65399 1 ) ( -74.3945 46.2951 -8.64409 1 ) ( -74.2815 46.273 -8.62506 1 ) ( -74.1627 46.2694 -8.59102 1 ) ( -74.0633 46.2773 -8.55501 1 ) ( -73.9493 46.2794 -8.51407 1 ) ( -73.9364 46.2803 -8.509 1 ) 
( -75.0409 46.7608 -8.73613 1 ) ( -75.0281 46.758 -8.73571 1 ) ( -74.9146 46.732 -8.73216 1 ) ( -74.8158 46.7034 -8.73098 1 ) ( -74.6982 46.6641 -8.73101 1 ) ( -74.5865 46.6228 -8.73068 1 ) ( -74.4733 46.5829 -8.72676 1 ) ( -74.3597 46.5495 -8.71619 1 ) ( -74.2461 46.527 -8.69664 1 ) ( -74.1268 46.5222 -8.66235 1 ) ( -74.0271 46.5287 -8.62631 1 ) ( -73.9131 46.5299 -8.58491 1 ) ( -73.9002 46.5308 -8.57981 1 ) 
( -74.9741 47.0551 -8.8523 1 ) ( -74.9617 47.052 -8.85177 1 ) ( -74.8514 47.0234 -8.84718 1 ) ( -74.7545 46.9938 -8.84514 1 ) ( -74.6388 46.9543 -8.84414 1 ) ( -74.5284 46.9138 -8.84284 1 ) ( -74.4165 46.8751 -8.838 1 ) ( -74.3039 46.8427 -8.82663 1 ) ( -74.1917 46.8206 -8.80645 1 ) ( -74.0739 46.8153 -8.77184 1 ) ( -73.9757 46.821 -8.73577 1 ) ( -73.8636 46.8221 -8.69381 1 ) ( -73.8509 46.8229 -8.68866 1 ) 
( -74.9156 47.3396 -8.95939 1 ) ( -74.9035 47.3362 -8.95877 1 ) ( -74.7957 47.3047 -8.9534 1 ) ( -74.7001 47.2741 -8.95075 1 ) ( -74.5857 47.2341 -8.949 1 ) ( -74.4761 47.1941 -8.947 1 ) ( -74.3647 47.1562 -8.94151 1 ) ( -74.2527 47.1245 -8.9296 1 ) ( -74.1411 47.1025 -8.90903 1 ) ( -74.0243 47.0965 -8.87437 1 ) ( -73.927 47.1011 -8.83846 1 ) ( -73.8162 47.1018 -8.79619 1 ) ( -73.8037 47.1026 -8.79102 1 ) 
( -74.8556 47.6284 -9.06568 1 ) ( -74.8438 47.6246 -9.06501 1 ) ( -74.7385 47.5902 -9.05907 1 ) ( -74.6444 47.5583 -9.05599 1 ) ( -74.5313 47.5178 -9.05372 1 ) ( -74.4225 47.4782 -9.05121 1 ) ( -74.3117 47.441 -9.04528 1 ) ( -74.2004 47.4099 -9.03306 1 ) ( -74.0895 47.3879 -9.01232 1 ) ( -73.9737 47.3811 -8.97783 1 ) ( -73.8773 47.3845 -8.94227 1 ) ( -73.7679 47.3847 -8.89991 1 ) ( -73.7555 47.3854 -8.89474 1 ) 
( -74.7959 47.9153 -9.1734 1 ) ( -74.7843 47.9112 -9.17268 1 ) ( -74.6815 47.8739 -9.16633 1 ) ( -74.5887 47.8407 -9.16293 1 ) ( -74.4768 47.7996 -9.16028 1 ) ( -74.3687 47.7604 -9.15742 1 ) ( -74.2585 47.7238 -9.15119 1 ) ( -74.1476 47.6933 -9.13878 1 ) ( -74.0373 47.6713 -9.11801 1 ) ( -73.9224 47.6636 -9.08384 1 ) ( -73.8269 47.6659 -9.04875 1 ) ( -73.7188 47.6656 -9.00643 1 ) ( -73.7066 47.6662 -9.00128 1 ) 
( -74.7404 48.2017 -9.28614 1 ) ( -74.7291 48.1972 -9.2853 1 ) ( -74.6283 48.157 -9.27791 1 ) ( -74.5365 48.1227 -9.27366 1 ) ( -74.4254 48.0812 -9.26999 1 ) ( -74.3176 48.0425 -9.26616 1 ) ( -74.2074 48.0067 -9.25902 1 ) ( -74.0966 47.9769 -9.24581 1 ) ( -73.9865 47.955 -9.2244 1 ) ( -73.8721 47.9465 -9.1899 1 ) ( -73.7771 47.9477 -9.15475 1 ) ( -73.6698 47.9469 -9.11187 1 ) ( -73.6577 47.9475 -9.10667 1 ) 
( -74.6693 48.4861 -9.39467 1 ) ( -74.6584 48.4813 -9.39378 1 ) ( -74.5611 48.4384 -9.3859 1 ) ( -74.4715 48.403 -9.38129 1 ) ( -74.3628 48.3612 -9.37717 1 ) ( -74.2567 48.3231 -9.37291 1 ) ( -74.1482 48.2883 -9.36541 1 ) ( -74.0389 48.2593 -9.35195 1 ) ( -73.9306 48.2376 -9.33044 1 ) ( -73.8181 48.2286 -9.2962 1 ) ( -73.725 48.2288 -9.26147 1 ) ( -73.62 48.2278 -9.21856 1 ) ( -73.6082 48.2283 -9.21338 1 ) 
( -74.5958 48.7703 -9.50225 1 ) ( -74.5853 48.7652 -9.50133 1 ) ( -74.4917 48.7195 -9.49316 1 ) ( -74.4046 48.6831 -9.48835 1 ) ( -74.2984 48.641 -9.48398 1 ) ( -74.1943 48.6035 -9.4795 1 ) ( -74.0875 48.5695 -9.47183 1 ) ( -73.98 48.5413 -9.45832 1 ) ( -73.8736 48.5199 -9.43691 1 ) ( -73.7633 48.5102 -9.40312 1 ) ( -73.6721 48.5094 -9.36897 1 ) ( -73.5697 48.5081 -9.32624 1 ) ( -73.5582 48.5086 -9.3211 1 ) 
( -74.5259 49.0549 -9.61084 1 ) ( -74.5158 49.0495 -9.60989 1 ) ( -74.4255 49.001 -9.60139 1 ) ( -74.3405 48.9634 -9.59636 1 ) ( -74.2364 48.9209 -9.59171 1 ) ( -74.1338 48.8839 -9.58697 1 ) ( -74.0285 48.8508 -9.5791 1 ) ( -73.9224 48.8233 -9.5655 1 ) ( -73.8174 48.802 -9.54417 1 ) ( -73.709 48.7916 -9.51079 1 ) ( -73.6194 48.7898 -9.47721 1 ) ( -73.5191 48.7881 -9.43462 1 ) ( -73.5078 48.7885 -9.42951 1 ) 
( -74.4543 49.3392 -9.71924 1 ) ( -74.4447 49.3335 -9.71827 1 ) ( -74.3578 49.2822 -9.70953 1 ) ( -74.275 49.2435 -9.70434 1 ) ( -74.1731 49.2005 -9.6995 1 ) ( -74.0723 49.1641 -9.69458 1 ) ( -73.9685 49.1318 -9.68659 1 ) ( -73.8639 49.105 -9.67299 1 ) ( -73.7605 49.0839 -9.65181 1 ) ( -73.654 49.0727 -9.61894 1 ) ( -73.5662 49.0698 -9.58598 1 ) ( -73.4682 49.0678 -9.54362 1 ) ( -73.4572 49.0682 -9.53855 1 ) 
( -74.3832 49.6234 -9.82821 1 ) ( -74.374 49.6174 -9.82722 1 ) ( -74.2905 49.5633 -9.81825 1 ) ( -74.2098 49.5234 -9.81293 1 ) ( -74.1101 49.48 -9.80791 1 ) ( -74.0109 49.444 -9.80283 1 ) ( -73.9085 49.4125 -9.79474 1 ) ( -73.8053 49.3865 -9.78116 1 ) ( -73.7035 49.3654 -9.76015 1 ) ( -73.5988 49.3536 -9.7278 1 ) ( -73.5127 49.3496 -9.69549 1 ) ( -73.4169 49.3471 -9.65337 1 ) ( -73.4061 49.3475 -9.64834 1 ) 
( -74.3121 49.9077 -9.93688 1 ) ( -74.3032 49.9014 -9.93586 1 ) ( -74.2231 49.8444 -9.92664 1 ) ( -74.1446 49.8034 -9.92116 1 ) ( -74.0471 49.7596 -9.91594 1 ) ( -73.9495 49.7242 -9.91067 1 ) ( -73.8486 49.6935 -9.90246 1 ) ( -73.7468 49.6681 -9.88887 1 ) ( -73.6466 49.6472 -9.868 1 ) ( -73.5438 49.6346 -9.83615 1 ) ( -73.4593 49.6295 -9.80445 1 ) ( -73.3657 49.6267 -9.76255 1 ) ( -73.3552 49.627 -9.75757 1 ) 
( -74.241 50.1917 -10.0461 1 ) ( -74.2325 50.185 -10.045 1 ) ( -74.1559 50.1254 -10.0353 1 ) ( -74.0795 50.0833 -10.0295 1 ) ( -73.9843 50.0392 -10.0238 1 ) ( -73.8884 50.0044 -10.0181 1 ) ( -73.7891 49.9747 -10.0096 1 ) ( -73.6888 49.9501 -9.99573 1 ) ( -73.5902 49.9295 -9.97478 1 ) ( -73.4893 49.9163 -9.94318 1 ) ( -73.4066 49.9103 -9.91191 1 ) ( -73.3153 49.9072 -9.87 1 ) ( -73.305 49.9075 -9.86503 1 ) 
( -74.1698 50.4749 -10.1582 1 ) ( -74.1617 50.4679 -10.157 1 ) ( -74.0884 50.4056 -10.1466 1 ) ( -74.0142 50.3625 -10.1402 1 ) ( -73.9211 50.3181 -10.1339 1 ) ( -73.8268 50.284 -10.1276 1 ) ( -73.7289 50.2552 -10.1184 1 ) ( -73.6301 50.2314 -10.1041 1 ) ( -73.533 50.2111 -10.0829 1 ) ( -73.434 50.1973 -10.0513 1 ) ( -73.3529 50.1903 -10.0203 1 ) ( -73.2638 50.187 -9.97812 1 ) ( -73.2538 50.1872 -9.97314 1 ) 
( -74.0988 50.7634 -10.2583 1 ) ( -74.0912 50.756 -10.2572 1 ) ( -74.0215 50.6907 -10.2468 1 ) ( -73.9497 50.6463 -10.2405 1 ) ( -73.8591 50.6014 -10.2343 1 ) ( -73.7667 50.5676 -10.2281 1 ) ( -73.6706 50.5394 -10.2191 1 ) ( -73.5734 50.5163 -10.2051 1 ) ( -73.4782 50.4958 -10.1843 1 ) ( -73.3813 50.4812 -10.1535 1 ) ( -73.3022 50.473 -10.1234 1 ) ( -73.2155 50.4691 -10.0818 1 ) ( -73.2058 50.4693 -10.0769 1 ) 
( -74.0281 51.0333 -10.3862 1 ) ( -74.0209 51.0259 -10.3848 1 ) ( -73.9548 50.9595 -10.3718 1 ) ( -73.8854 50.9155 -10.3632 1 ) ( -73.7972 50.8719 -10.3543 1 ) ( -73.7067 50.8403 -10.3455 1 ) ( -73.6122 50.8147 -10.3339 1 ) ( -73.5167 50.794 -10.3175 1 ) ( -73.4233 50.7754 -10.2944 1 ) ( -73.3285 50.7618 -10.2616 1 ) ( -73.2512 50.7541 -10.23 1 ) ( -73.167 50.7515 -10.1861 1 ) ( -73.1576 50.7519 -10.181 1 ) 
( -73.9558 51.3423 -10.4942 1 ) ( -73.9487 51.334 -10.4931 1 ) ( -73.8838 51.2606 -10.4829 1 ) ( -73.8145 51.2119 -10.4769 1 ) ( -73.7261 51.1637 -10.471 1 ) ( -73.6349 51.1287 -10.4651 1 ) ( -73.5396 51.1 -10.4566 1 ) ( -73.4432 51.076 -10.4433 1 ) ( -73.349 51.0535 -10.4234 1 ) ( -73.2537 51.035 -10.3944 1 ) ( -73.1761 51.0227 -10.3661 1 ) ( -73.0919 51.0157 -10.3256 1 ) ( -73.0824 51.0155 -10.3209 1 ) 
( -73.8848 51.5981 -10.5065 1 ) ( -73.879 51.5903 -10.5052 1 ) ( -73.8248 51.5211 -10.4933 1 ) ( -73.7642 51.477 -10.4857 1 ) ( -73.6859 51.435 -10.478 1 ) ( -73.604 51.4067 -10.4703 1 ) ( -73.518 51.3849 -10.4601 1 ) ( -73.4308 51.3677 -10.4452 1 ) ( -73.3459 51.3517 -10.4238 1 ) ( -73.2605 51.3392 -10.3935 1 ) ( -73.1912 51.3315 -10.3643 1 ) ( -73.1167 51.3306 -10.3224 1 ) ( -73.1084 51.331 -10.3175 1 ) 
( -73.8513 51.8101 -10.7502 1 ) ( -73.8449 51.8019 -10.748 1 ) ( -73.7859 51.7292 -10.7277 1 ) ( -73.7203 51.6835 -10.713 1 ) ( -73.6356 51.6405 -10.6967 1 ) ( -73.5472 51.6122 -10.681 1 ) ( -73.4543 51.5907 -10.6626 1 ) ( -73.3602 51.5738 -10.6396 1 ) ( -73.2686 51.5575 -10.6104 1 ) ( -73.1765 51.5437 -10.5722 1 ) ( -73.1017 51.5344 -10.5367 1 ) ( -73.0213 51.5326 -10.487 1 ) ( -73.0122 51.533 -10.4813 1 ) 
( -73.8511 51.8374 -10.784 1 ) ( -73.8444 51.8288 -10.7819 1 ) ( -73.7823 51.7524 -10.7629 1 ) ( -73.714 51.7037 -10.7493 1 ) ( -73.626 51.6573 -10.7343 1 ) ( -73.5343 51.6258 -10.7198 1 ) ( -73.4381 51.6012 -10.7026 1 ) ( -73.3408 51.5811 -10.6809 1 ) ( -73.2459 51.5614 -10.653 1 ) ( -73.1504 51.5441 -10.6163 1 ) ( -73.0728 51.5319 -10.582 1 ) ( -72.9892 51.5267 -10.5336 1 ) ( -72.9798 51.5267 -10.528 1 ) 
