 Knots U 
0 0 0 0 0.0998829 0.199776 0.30024 0.400422 0.500479 0.600653 0.700656 0.800466 0.900185 1 1 1 1 
 Knots V 
0 0 0 0 0.100644 0.201865 0.298709 0.397235 0.494143 0.596264 0.696962 0.797954 0.898966 1 1 1 1 
 Poles & Weights 
( -70.2926 54.2983 -7.57596 1 ) ( -70.2686 54.3023 -7.55949 1 ) ( -70.0832 54.3048 -7.35979 1 ) ( -69.891 54.3232 -7.22592 1 ) ( -69.6453 54.3456 -7.09305 1 ) ( -69.415 54.3387 -6.95449 1 ) ( -69.1836 54.3187 -6.81341 1 ) ( -68.939 54.3096 -6.69697 1 ) ( -68.6954 54.2831 -6.58711 1 ) ( -68.4409 54.2285 -6.48134 1 ) ( -68.2204 54.1795 -6.4156 1 ) ( -67.9613 54.1252 -6.36706 1 ) ( -67.933 54.118 -6.35953 1 ) 
( -70.238 54.3168 -7.67444 1 ) ( -70.2144 54.3215 -7.65712 1 ) ( -70.0334 54.3312 -7.45057 1 ) ( -69.8452 54.3553 -7.31021 1 ) ( -69.6046 54.3844 -7.16938 1 ) ( -69.379 54.384 -7.02348 1 ) ( -69.1523 54.3708 -6.87509 1 ) ( -68.9125 54.3683 -6.75105 1 ) ( -68.6736 54.3482 -6.6337 1 ) ( -68.4241 54.3007 -6.52016 1 ) ( -68.2077 54.2575 -6.44762 1 ) ( -67.9537 54.2094 -6.3912 1 ) ( -67.9259 54.2029 -6.38283 1 ) 
( -70.2097 54.6805 -7.8728 1 ) ( -70.1867 54.6854 -7.85643 1 ) ( -70.0062 54.6987 -7.6634 1 ) ( -69.8203 54.7231 -7.53204 1 ) ( -69.5836 54.7515 -7.4002 1 ) ( -69.3605 54.7519 -7.26486 1 ) ( -69.1359 54.7399 -7.12774 1 ) ( -68.8994 54.7369 -7.0132 1 ) ( -68.6637 54.7171 -6.90546 1 ) ( -68.4172 54.6708 -6.8023 1 ) ( -68.2039 54.6282 -6.73697 1 ) ( -67.9544 54.5786 -6.68795 1 ) ( -67.927 54.572 -6.68065 1 ) 
( -70.0696 54.9104 -8.22012 1 ) ( -70.0481 54.917 -8.20224 1 ) ( -69.8779 54.9486 -8 1 ) ( -69.7028 54.9864 -7.85791 1 ) ( -69.4798 55.0296 -7.7119 1 ) ( -69.2689 55.0455 -7.56465 1 ) ( -69.0562 55.0497 -7.41605 1 ) ( -68.8326 55.0613 -7.28845 1 ) ( -68.6095 55.0566 -7.16795 1 ) ( -68.3761 55.027 -7.05178 1 ) ( -68.1742 54.998 -6.97408 1 ) ( -67.9387 54.9619 -6.91025 1 ) ( -67.9128 54.9568 -6.90151 1 ) 
( -69.9964 55.2616 -8.50544 1 ) ( -69.9755 55.2689 -8.4882 1 ) ( -69.808 55.3104 -8.29746 1 ) ( -69.637 55.3534 -8.16215 1 ) ( -69.4205 55.4015 -8.02227 1 ) ( -69.2144 55.4239 -7.8831 1 ) ( -69.006 55.4352 -7.74337 1 ) ( -68.7881 55.4518 -7.62261 1 ) ( -68.5705 55.4531 -7.50911 1 ) ( -68.3425 55.4308 -7.40063 1 ) ( -68.1458 55.4073 -7.32765 1 ) ( -67.9173 55.375 -7.26826 1 ) ( -67.8921 55.3705 -7.2603 1 ) 
( -70.1728 55.737 -8.46346 1 ) ( -70.15 55.7432 -8.45013 1 ) ( -69.9615 55.7769 -8.30013 1 ) ( -69.7739 55.81 -8.19758 1 ) ( -69.5391 55.8454 -8.09469 1 ) ( -69.314 55.8569 -7.99313 1 ) ( -69.0861 55.8578 -7.89205 1 ) ( -68.8498 55.8624 -7.80801 1 ) ( -68.6139 55.8524 -7.73109 1 ) ( -68.3665 55.8193 -7.6612 1 ) ( -68.1541 55.7862 -7.61908 1 ) ( -67.9087 55.741 -7.59401 1 ) ( -67.8816 55.735 -7.59014 1 ) 
( -70.2846 56.1814 -8.54585 1 ) ( -70.2605 56.1881 -8.53419 1 ) ( -70.056 56.2294 -8.40497 1 ) ( -69.8564 56.2659 -8.3174 1 ) ( -69.6088 56.3041 -8.23035 1 ) ( -69.37 56.3199 -8.14619 1 ) ( -69.1278 56.3257 -8.06339 1 ) ( -68.8785 56.3333 -7.9956 1 ) ( -68.6296 56.327 -7.935 1 ) ( -68.3684 56.299 -7.88255 1 ) ( -68.1449 56.2696 -7.85336 1 ) ( -67.8881 56.2261 -7.84211 1 ) ( -67.8596 56.2203 -7.84006 1 ) 
( -70.1001 56.4179 -8.97376 1 ) ( -70.078 56.4256 -8.96131 1 ) ( -69.8878 56.4789 -8.83 1 ) ( -69.7025 56.5231 -8.73765 1 ) ( -69.4731 56.5691 -8.6433 1 ) ( -69.2505 56.5939 -8.55403 1 ) ( -69.0243 56.6093 -8.46668 1 ) ( -68.7921 56.6248 -8.39258 1 ) ( -68.5601 56.6271 -8.32593 1 ) ( -68.3162 56.609 -8.26749 1 ) ( -68.1079 56.5874 -8.23171 1 ) ( -67.8692 56.5506 -8.21213 1 ) ( -67.8428 56.5457 -8.20939 1 ) 
( -70.0358 56.7502 -9.26635 1 ) ( -70.0145 56.758 -9.25476 1 ) ( -69.827 56.8156 -9.13656 1 ) ( -69.6459 56.8602 -9.05262 1 ) ( -69.423 56.9057 -8.96642 1 ) ( -69.2053 56.9315 -8.88706 1 ) ( -68.9836 56.9485 -8.81039 1 ) ( -68.757 56.9637 -8.74503 1 ) ( -68.5305 56.9665 -8.68726 1 ) ( -68.2921 56.9501 -8.63847 1 ) ( -68.089 56.9293 -8.60915 1 ) ( -67.8574 56.8911 -8.59605 1 ) ( -67.8316 56.8861 -8.5943 1 ) 
( -69.9346 57.0679 -9.60722 1 ) ( -69.9144 57.0759 -9.59629 1 ) ( -69.7336 57.1377 -9.48958 1 ) ( -69.5602 57.1829 -9.41253 1 ) ( -69.3478 57.2279 -9.33266 1 ) ( -69.139 57.2547 -9.26149 1 ) ( -68.9256 57.2733 -9.19377 1 ) ( -68.7087 57.2882 -9.13541 1 ) ( -68.4917 57.2915 -9.08479 1 ) ( -68.2629 57.2767 -9.04384 1 ) ( -68.0684 57.2567 -9.01942 1 ) ( -67.8477 57.2171 -9.011 1 ) ( -67.8232 57.212 -9.01004 1 ) 
( -69.8063 57.2966 -9.93999 1 ) ( -69.7875 57.3052 -9.92897 1 ) ( -69.6162 57.3757 -9.82595 1 ) ( -69.4527 57.4256 -9.74949 1 ) ( -69.2532 57.4754 -9.6688 1 ) ( -69.0556 57.5081 -9.5986 1 ) ( -68.8533 57.533 -9.53242 1 ) ( -68.6483 57.5527 -9.47397 1 ) ( -68.4431 57.5615 -9.42345 1 ) ( -68.2264 57.5533 -9.38292 1 ) ( -68.0426 57.5383 -9.35744 1 ) ( -67.835 57.5026 -9.34708 1 ) ( -67.8118 57.4979 -9.34612 1 ) 
( -69.7971 57.6686 -10.1696 1 ) ( -69.7784 57.6772 -10.1599 1 ) ( -69.6042 57.7503 -10.0747 1 ) ( -69.4401 57.7994 -10.0107 1 ) ( -69.2412 57.8469 -9.94288 1 ) ( -69.0429 57.879 -9.88718 1 ) ( -68.8394 57.904 -9.83632 1 ) ( -68.6346 57.9218 -9.79125 1 ) ( -68.4293 57.9295 -9.75418 1 ) ( -68.2123 57.9213 -9.72808 1 ) ( -68.0287 57.9058 -9.71307 1 ) ( -67.8226 57.867 -9.71374 1 ) ( -67.7995 57.862 -9.71428 1 ) 
( -69.7341 57.6656 -10.2669 1 ) ( -69.7161 57.6744 -10.2568 1 ) ( -69.5479 57.7491 -10.1679 1 ) ( -69.3893 57.7994 -10.1004 1 ) ( -69.1969 57.8483 -10.0284 1 ) ( -69.0047 57.8818 -9.96878 1 ) ( -68.8075 57.9082 -9.91402 1 ) ( -68.6088 57.9273 -9.86489 1 ) ( -68.4098 57.9364 -9.82383 1 ) ( -68.1992 57.9296 -9.79358 1 ) ( -68.0212 57.9153 -9.77493 1 ) ( -67.8214 57.8778 -9.77138 1 ) ( -67.799 57.8729 -9.77147 1 ) 
