 Knots U 
0 0 0 0 0.0908722 0.183122 0.278739 0.378293 0.480846 0.58848 0.674933 0.784773 0.892403 1 1 1 1 
 Knots V 
0 0 0 0 0.114339 0.2233 0.326664 0.427809 0.525696 0.620204 0.713736 0.808298 0.903854 1 1 1 1 
 Poles & Weights 
( -73.2724 54.9243 -11.4632 1 ) ( -73.2871 54.922 -11.4776 1 ) ( -73.3969 54.9206 -11.6216 1 ) ( -73.5152 54.9076 -11.7215 1 ) ( -73.6911 54.8782 -11.7953 1 ) ( -73.8734 54.8264 -11.8154 1 ) ( -74.0354 54.7335 -11.7979 1 ) ( -74.1183 54.6365 -11.7646 1 ) ( -74.1394 54.4177 -11.6833 1 ) ( -74.1343 54.2603 -11.6248 1 ) ( -74.1516 54.1401 -11.5826 1 ) ( -74.1811 53.8946 -11.4962 1 ) ( -74.1834 53.9338 -11.511 1 ) 
( -73.2748 54.9422 -11.4895 1 ) ( -73.2896 54.94 -11.5037 1 ) ( -73.397 54.9331 -11.6447 1 ) ( -73.5136 54.9164 -11.7423 1 ) ( -73.6867 54.8824 -11.8138 1 ) ( -73.8663 54.8261 -11.8324 1 ) ( -74.0294 54.7334 -11.8142 1 ) ( -74.1147 54.6383 -11.7807 1 ) ( -74.1382 54.4202 -11.6993 1 ) ( -74.1313 54.2593 -11.6405 1 ) ( -74.1476 54.1364 -11.5981 1 ) ( -74.1783 53.8895 -11.5114 1 ) ( -74.179 53.9274 -11.5261 1 ) 
( -73.2127 54.9517 -11.7254 1 ) ( -73.2296 54.9514 -11.737 1 ) ( -73.3268 54.9147 -11.8511 1 ) ( -73.4381 54.8805 -11.9283 1 ) ( -73.5986 54.8255 -11.9793 1 ) ( -73.7646 54.7471 -11.9824 1 ) ( -73.9459 54.6702 -11.9547 1 ) ( -74.0562 54.5997 -11.9171 1 ) ( -74.1091 54.4039 -11.8305 1 ) ( -74.0956 54.2274 -11.7667 1 ) ( -74.11 54.0934 -11.7201 1 ) ( -74.1618 53.8542 -11.6263 1 ) ( -74.1488 53.8793 -11.6412 1 ) 
( -73.1848 55.0173 -11.9311 1 ) ( -73.2033 55.018 -11.9406 1 ) ( -73.2884 54.9481 -12.0307 1 ) ( -73.3924 54.8926 -12.09 1 ) ( -73.5385 54.8121 -12.1232 1 ) ( -73.6894 54.7078 -12.113 1 ) ( -73.8848 54.6397 -12.0779 1 ) ( -74.0166 54.5879 -12.0376 1 ) ( -74.0936 54.4056 -11.9477 1 ) ( -74.0716 54.2097 -11.8804 1 ) ( -74.0823 54.0613 -11.8308 1 ) ( -74.1501 53.8212 -11.7323 1 ) ( -74.1249 53.8355 -11.7471 1 ) 
( -73.1657 55.1354 -12.1648 1 ) ( -73.186 55.1369 -12.1718 1 ) ( -73.2564 55.0238 -12.2342 1 ) ( -73.3516 54.9398 -12.2727 1 ) ( -73.4801 54.8252 -12.2855 1 ) ( -73.6126 54.6864 -12.2602 1 ) ( -73.8246 54.6249 -12.2169 1 ) ( -73.9815 54.5923 -12.1738 1 ) ( -74.0866 54.4212 -12.081 1 ) ( -74.0543 54.1989 -12.01 1 ) ( -74.0605 54.0308 -11.9574 1 ) ( -74.1467 53.7841 -11.8542 1 ) ( -74.107 53.7865 -11.8687 1 ) 
( -73.1303 55.2322 -12.3875 1 ) ( -73.1528 55.2346 -12.392 1 ) ( -73.2127 55.0828 -12.4274 1 ) ( -73.3026 54.9736 -12.4456 1 ) ( -73.4181 54.829 -12.4381 1 ) ( -73.5368 54.6596 -12.3977 1 ) ( -73.7678 54.6064 -12.3456 1 ) ( -73.9511 54.5933 -12.2991 1 ) ( -74.0871 54.4352 -12.2023 1 ) ( -74.048 54.1898 -12.127 1 ) ( -74.0523 54.0045 -12.0709 1 ) ( -74.161 53.7545 -11.9619 1 ) ( -74.1069 53.7451 -11.9763 1 ) 
( -73.0948 55.3294 -12.6137 1 ) ( -73.1197 55.3329 -12.6156 1 ) ( -73.171 55.1425 -12.6228 1 ) ( -73.2573 55.0084 -12.6196 1 ) ( -73.3618 54.8339 -12.5906 1 ) ( -73.4683 54.6342 -12.5341 1 ) ( -73.7208 54.5901 -12.4723 1 ) ( -73.9323 54.5973 -12.4217 1 ) ( -74.1023 54.4533 -12.3197 1 ) ( -74.0582 54.1851 -12.2394 1 ) ( -74.0621 53.9828 -12.179 1 ) ( -74.1964 53.7303 -12.0629 1 ) ( -74.1274 53.709 -12.0775 1 ) 
( -73.0722 55.4378 -12.8417 1 ) ( -73.0997 55.4423 -12.8409 1 ) ( -73.1438 55.2126 -12.8184 1 ) ( -73.2277 55.0531 -12.7926 1 ) ( -73.3225 54.8481 -12.7409 1 ) ( -73.4182 54.6174 -12.667 1 ) ( -73.6941 54.5823 -12.5944 1 ) ( -73.9357 54.6101 -12.5389 1 ) ( -74.1423 54.4802 -12.4303 1 ) ( -74.0944 54.1887 -12.344 1 ) ( -74.0989 53.969 -12.2786 1 ) ( -74.2616 53.7139 -12.1539 1 ) ( -74.1769 53.6804 -12.1689 1 ) 
( -73.0774 55.5511 -13.0643 1 ) ( -73.1076 55.5567 -13.0606 1 ) ( -73.1446 55.2883 -13.0081 1 ) ( -73.2262 55.1038 -12.9592 1 ) ( -73.3116 54.8689 -12.8841 1 ) ( -73.3966 54.6078 -12.7922 1 ) ( -73.6957 54.5818 -12.708 1 ) ( -73.967 54.63 -12.6469 1 ) ( -74.2097 54.5143 -12.5308 1 ) ( -74.1581 54.1999 -12.4379 1 ) ( -74.1633 53.9632 -12.367 1 ) ( -74.354 53.7056 -12.2324 1 ) ( -74.254 53.6601 -12.2479 1 ) 
( -73.0907 55.6691 -13.2929 1 ) ( -73.1237 55.6758 -13.2862 1 ) ( -73.1548 55.368 -13.2019 1 ) ( -73.2353 55.1582 -13.1286 1 ) ( -73.3125 54.8931 -13.0286 1 ) ( -73.3879 54.6011 -12.9174 1 ) ( -73.7124 54.585 -12.8203 1 ) ( -74.0153 54.6547 -12.7529 1 ) ( -74.2972 54.5542 -12.628 1 ) ( -74.243 54.2166 -12.5274 1 ) ( -74.25 53.9628 -12.4502 1 ) ( -74.4717 53.7035 -12.3044 1 ) ( -74.3555 53.6454 -12.3207 1 ) 
( -73.096 55.7674 -13.4854 1 ) ( -73.1317 55.7752 -13.4762 1 ) ( -73.1593 55.4346 -13.3647 1 ) ( -73.2404 55.2039 -13.2704 1 ) ( -73.3122 54.9137 -13.1491 1 ) ( -73.381 54.5961 -13.0212 1 ) ( -73.7285 54.5887 -12.9129 1 ) ( -74.0593 54.6767 -12.8398 1 ) ( -74.376 54.5895 -12.7069 1 ) ( -74.3211 54.2328 -12.5996 1 ) ( -74.3307 53.9648 -12.5169 1 ) ( -74.5807 53.7045 -12.3609 1 ) ( -74.4506 53.6359 -12.3779 1 ) 
( -73.1045 55.8797 -13.7049 1 ) ( -73.1433 55.8886 -13.6927 1 ) ( -73.1676 55.511 -13.5499 1 ) ( -73.2498 55.2566 -13.4314 1 ) ( -73.3163 54.938 -13.2853 1 ) ( -73.3783 54.5915 -13.1382 1 ) ( -73.7527 54.5943 -13.0167 1 ) ( -74.1158 54.7034 -12.9369 1 ) ( -74.4733 54.6316 -12.7943 1 ) ( -74.418 54.2533 -12.6791 1 ) ( -74.4311 53.9694 -12.5897 1 ) ( -74.7145 53.7084 -12.4217 1 ) ( -74.5683 53.6276 -12.4396 1 ) 
( -73.1034 55.8919 -13.7294 1 ) ( -73.1425 55.901 -13.7168 1 ) ( -73.1666 55.5193 -13.5705 1 ) ( -73.249 55.2622 -13.4494 1 ) ( -73.315 54.9406 -13.3006 1 ) ( -73.3764 54.5908 -13.1513 1 ) ( -73.7539 54.5947 -13.0284 1 ) ( -74.1208 54.7062 -12.9478 1 ) ( -74.4829 54.6361 -12.8043 1 ) ( -74.4277 54.2554 -12.6882 1 ) ( -74.4412 53.9696 -12.598 1 ) ( -74.7285 53.7086 -12.4288 1 ) ( -74.5805 53.6264 -12.4467 1 ) 
