 Knots U 
0 0 0 0 0.0986556 0.197155 0.295427 0.39412 0.493889 0.595225 0.695986 0.796307 0.897595 1 1 1 1 
 Knots V 
0 0 0 0 0.0994414 0.19895 0.29892 0.398946 0.498717 0.598901 0.699152 0.799417 0.899712 1 1 1 1 
 Poles & Weights 
( -67.933 54.118 -6.35953 1 ) ( -67.9099 54.122 -6.35686 1 ) ( -67.7437 54.1509 -6.39605 1 ) ( -67.5954 54.1793 -6.43207 1 ) ( -67.4281 54.2152 -6.50142 1 ) ( -67.2707 54.2405 -6.57883 1 ) ( -67.0996 54.2421 -6.63575 1 ) ( -66.9664 54.1991 -6.75101 1 ) ( -66.8132 54.1842 -6.83922 1 ) ( -66.674 54.1505 -6.9518 1 ) ( -66.58 54.1009 -7.06843 1 ) ( -66.4674 54.0565 -7.18609 1 ) ( -66.4642 54.0398 -7.21251 1 ) 
( -67.9272 54.1816 -6.37007 1 ) ( -67.9044 54.1853 -6.36776 1 ) ( -67.7395 54.2112 -6.40963 1 ) ( -67.5923 54.2368 -6.44805 1 ) ( -67.4264 54.2693 -6.52001 1 ) ( -67.2704 54.2913 -6.60003 1 ) ( -67.1009 54.2896 -6.65999 1 ) ( -66.969 54.2437 -6.7777 1 ) ( -66.8175 54.2255 -6.86877 1 ) ( -66.68 54.1883 -6.98428 1 ) ( -66.5873 54.136 -7.10321 1 ) ( -66.4764 54.0883 -7.2237 1 ) ( -66.4733 54.0714 -7.25028 1 ) 
( -67.9265 54.5785 -6.68383 1 ) ( -67.9024 54.5809 -6.68191 1 ) ( -67.7245 54.5943 -6.723 1 ) ( -67.566 54.6079 -6.76115 1 ) ( -67.3859 54.6255 -6.8306 1 ) ( -67.2173 54.6318 -6.90913 1 ) ( -67.0372 54.615 -6.97111 1 ) ( -66.8924 54.5577 -7.086 1 ) ( -66.7307 54.5243 -7.17783 1 ) ( -66.5822 54.4718 -7.29346 1 ) ( -66.4793 54.4078 -7.41119 1 ) ( -66.3585 54.3452 -7.53233 1 ) ( -66.3533 54.3278 -7.55769 1 ) 
( -67.9124 54.9672 -6.90954 1 ) ( -67.8876 54.9681 -6.90857 1 ) ( -67.7004 54.9665 -6.95427 1 ) ( -67.5341 54.966 -6.99684 1 ) ( -67.344 54.9662 -7.06963 1 ) ( -67.1667 54.9546 -7.15215 1 ) ( -66.9796 54.9205 -7.22131 1 ) ( -66.8257 54.8491 -7.33901 1 ) ( -66.6575 54.7982 -7.43681 1 ) ( -66.5018 54.7279 -7.55812 1 ) ( -66.3921 54.6501 -7.67946 1 ) ( -66.2648 54.5705 -7.80645 1 ) ( -66.2581 54.5522 -7.83132 1 ) 
( -67.8923 55.3648 -7.25565 1 ) ( -67.8674 55.3648 -7.25488 1 ) ( -67.6763 55.3536 -7.29809 1 ) ( -67.5068 55.3437 -7.33888 1 ) ( -67.3124 55.3319 -7.40727 1 ) ( -67.1317 55.3075 -7.48654 1 ) ( -66.9435 55.2614 -7.55608 1 ) ( -66.7859 55.1814 -7.66914 1 ) ( -66.617 55.1183 -7.76604 1 ) ( -66.46 55.0355 -7.88569 1 ) ( -66.3484 54.9487 -8.00428 1 ) ( -66.2206 54.8571 -8.13026 1 ) ( -66.2128 54.8386 -8.15367 1 ) 
( -67.8814 55.7407 -7.59474 1 ) ( -67.856 55.7399 -7.59403 1 ) ( -67.6588 55.7202 -7.63355 1 ) ( -67.4841 55.702 -7.6715 1 ) ( -67.2829 55.6795 -7.73432 1 ) ( -67.0965 55.6436 -7.80915 1 ) ( -66.9048 55.5865 -7.87775 1 ) ( -66.7411 55.4992 -7.98508 1 ) ( -66.5691 55.4249 -8.0798 1 ) ( -66.4085 55.3311 -8.1965 1 ) ( -66.2929 55.2363 -8.31132 1 ) ( -66.1619 55.1338 -8.43504 1 ) ( -66.1529 55.1152 -8.45689 1 ) 
( -67.8602 56.2072 -7.82983 1 ) ( -67.8348 56.2046 -7.8305 1 ) ( -67.6339 56.1676 -7.87788 1 ) ( -67.4565 56.133 -7.92318 1 ) ( -67.2511 56.0904 -7.99254 1 ) ( -67.0617 56.0338 -8.07455 1 ) ( -66.8691 55.9568 -8.15402 1 ) ( -66.7021 55.8531 -8.26714 1 ) ( -66.5296 55.7587 -8.37133 1 ) ( -66.368 55.6443 -8.49727 1 ) ( -66.2507 55.5335 -8.6185 1 ) ( -66.1194 55.4113 -8.75152 1 ) ( -66.1095 55.3917 -8.77309 1 ) 
( -67.8426 56.5508 -8.21395 1 ) ( -67.817 56.5478 -8.21431 1 ) ( -67.6127 56.5051 -8.25483 1 ) ( -67.4325 56.4646 -8.29448 1 ) ( -67.2231 56.4143 -8.3549 1 ) ( -67.0308 56.3489 -8.42929 1 ) ( -66.8375 56.2638 -8.5046 1 ) ( -66.6671 56.1555 -8.60878 1 ) ( -66.4943 56.0529 -8.70761 1 ) ( -66.3319 55.9303 -8.82726 1 ) ( -66.213 55.814 -8.9419 1 ) ( -66.0814 55.6837 -9.0695 1 ) ( -66.0705 55.6643 -9.08916 1 ) 
( -67.8317 56.8849 -8.59308 1 ) ( -67.8058 56.8816 -8.59308 1 ) ( -67.596 56.8345 -8.62629 1 ) ( -67.4112 56.7892 -8.65992 1 ) ( -67.1958 56.7324 -8.71096 1 ) ( -66.9985 56.6596 -8.77728 1 ) ( -66.8024 56.5677 -8.84797 1 ) ( -66.6267 56.4561 -8.94279 1 ) ( -66.4513 56.3464 -9.03581 1 ) ( -66.286 56.217 -9.14869 1 ) ( -66.1637 56.0962 -9.25637 1 ) ( -66.0298 55.9591 -9.3781 1 ) ( -66.0177 55.9402 -9.3958 1 ) 
( -67.8232 57.2112 -9.00966 1 ) ( -67.7971 57.2078 -9.00912 1 ) ( -67.5824 57.158 -9.03322 1 ) ( -67.3936 57.1092 -9.05925 1 ) ( -67.1727 57.0476 -9.09894 1 ) ( -66.9712 56.9687 -9.15535 1 ) ( -66.7729 56.8716 -9.2197 1 ) ( -66.5926 56.7583 -9.30328 1 ) ( -66.4156 56.6431 -9.38875 1 ) ( -66.248 56.5084 -9.493 1 ) ( -66.123 56.3845 -9.5921 1 ) ( -65.9874 56.2422 -9.70623 1 ) ( -65.9742 56.2239 -9.72173 1 ) 
( -67.8117 57.5019 -9.34853 1 ) ( -67.7855 57.4982 -9.34768 1 ) ( -67.5676 57.4441 -9.36542 1 ) ( -67.3762 57.3908 -9.38621 1 ) ( -67.1516 57.3233 -9.41773 1 ) ( -66.9473 57.2375 -9.46711 1 ) ( -66.7481 57.1342 -9.52746 1 ) ( -66.5646 57.0176 -9.60287 1 ) ( -66.3871 56.8959 -9.68331 1 ) ( -66.2186 56.7549 -9.78167 1 ) ( -66.092 56.6268 -9.8747 1 ) ( -65.9559 56.4783 -9.98373 1 ) ( -65.9418 56.4602 -9.99752 1 ) 
( -67.7999 57.8532 -9.70874 1 ) ( -67.7733 57.849 -9.70771 1 ) ( -67.5493 57.7892 -9.71969 1 ) ( -67.3527 57.7298 -9.73583 1 ) ( -67.1213 57.6544 -9.75959 1 ) ( -66.9114 57.5597 -9.80247 1 ) ( -66.7087 57.4482 -9.85978 1 ) ( -66.5192 57.3269 -9.92739 1 ) ( -66.3385 57.1968 -10.0036 1 ) ( -66.1663 57.0475 -10.0968 1 ) ( -66.0357 56.9137 -10.1843 1 ) ( -65.8966 56.757 -10.289 1 ) ( -65.8813 56.7392 -10.301 1 ) 
( -67.799 57.8729 -9.77147 1 ) ( -67.7724 57.8689 -9.7702 1 ) ( -67.5483 57.8102 -9.77962 1 ) ( -67.3516 57.7516 -9.79354 1 ) ( -67.1201 57.6771 -9.81442 1 ) ( -66.9101 57.5832 -9.85463 1 ) ( -66.7076 57.4724 -9.90964 1 ) ( -66.518 57.3523 -9.97445 1 ) ( -66.3376 57.223 -10.0482 1 ) ( -66.1656 57.0745 -10.1389 1 ) ( -66.0351 56.9416 -10.224 1 ) ( -65.8962 56.7857 -10.3263 1 ) ( -65.8808 56.7681 -10.3379 1 ) 
