 Knots U 
0 0 0 0 0.0946464 0.190779 0.289964 0.39081 0.492506 0.59502 0.698065 0.799001 0.899132 1 1 1 1 
 Knots V 
0 0 0 0 0.0998469 0.199782 0.300189 0.40079 0.501414 0.601815 0.701714 0.80139 0.90075 1 1 1 1 
 Poles & Weights 
( -75.7241 53.8501 1.45083 1 ) ( -75.719 53.8497 1.46984 1 ) ( -75.6658 53.8444 1.6421 1 ) ( -75.6 53.8238 1.7851 1 ) ( -75.5064 53.7928 1.9411 1 ) ( -75.3917 53.7548 2.06924 1 ) ( -75.2575 53.7098 2.18029 1 ) ( -75.1108 53.6565 2.27338 1 ) ( -74.9625 53.5969 2.35052 1 ) ( -74.7997 53.5232 2.4056 1 ) ( -74.6594 53.4523 2.42131 1 ) ( -74.505 53.3676 2.4107 1 ) ( -74.4863 53.3582 2.4122 1 ) 
( -75.6969 53.9115 1.4455 1 ) ( -75.6921 53.9115 1.46429 1 ) ( -75.6417 53.9097 1.63438 1 ) ( -75.5785 53.8919 1.77592 1 ) ( -75.488 53.864 1.93064 1 ) ( -75.3765 53.8288 2.05789 1 ) ( -75.2458 53.7863 2.16831 1 ) ( -75.1028 53.7351 2.26101 1 ) ( -74.9582 53.6775 2.33804 1 ) ( -74.7997 53.6056 2.39332 1 ) ( -74.6634 53.536 2.40948 1 ) ( -74.5134 53.4525 2.39968 1 ) ( -74.4952 53.4432 2.40125 1 ) 
( -75.4002 54.3621 1.39305 1 ) ( -75.3945 54.3637 1.40978 1 ) ( -75.337 54.3786 1.55906 1 ) ( -75.2683 54.374 1.68649 1 ) ( -75.1721 54.359 1.82835 1 ) ( -75.0571 54.334 1.94644 1 ) ( -74.9248 54.2995 2.04993 1 ) ( -74.7822 54.2527 2.13787 1 ) ( -74.6391 54.1985 2.21261 1 ) ( -74.4849 54.1278 2.26838 1 ) ( -74.3546 54.0565 2.28754 1 ) ( -74.2123 53.97 2.28375 1 ) ( -74.1951 53.9602 2.28573 1 ) 
( -75.1739 54.762 1.23712 1 ) ( -75.1664 54.7644 1.25227 1 ) ( -75.0933 54.7872 1.38536 1 ) ( -75.0117 54.7882 1.50221 1 ) ( -74.901 54.7778 1.6349 1 ) ( -74.7738 54.7552 1.74698 1 ) ( -74.6307 54.7211 1.84644 1 ) ( -74.4792 54.6714 1.93226 1 ) ( -74.3282 54.6138 2.007 1 ) ( -74.1682 54.5372 2.06535 1 ) ( -74.035 54.4585 2.08897 1 ) ( -73.8902 54.3629 2.09246 1 ) ( -73.8728 54.3519 2.09505 1 ) 
( -74.8902 55.1663 0.952587 1 ) ( -74.8817 55.1708 0.966469 1 ) ( -74.8004 55.2135 1.08601 1 ) ( -74.7126 55.2303 1.19521 1 ) ( -74.5952 55.236 1.3228 1 ) ( -74.4637 55.2265 1.43331 1 ) ( -74.3183 55.2033 1.53362 1 ) ( -74.1666 55.1606 1.62257 1 ) ( -74.0163 55.1091 1.70279 1 ) ( -73.8602 55.0363 1.77006 1 ) ( -73.7327 54.9581 1.80392 1 ) ( -73.5953 54.8618 1.82153 1 ) ( -73.5789 54.8506 1.8255 1 ) 
( -74.5785 55.4821 0.632541 1 ) ( -74.5688 55.4882 0.64488 1 ) ( -74.4779 55.5477 0.748382 1 ) ( -74.3825 55.5777 0.847614 1 ) ( -74.2568 55.5963 0.967203 1 ) ( -74.1194 55.5971 1.07321 1 ) ( -73.9699 55.582 1.1713 1 ) ( -73.8161 55.5438 1.26019 1 ) ( -73.6648 55.4958 1.34271 1 ) ( -73.5105 55.4242 1.41536 1 ) ( -73.3868 55.3445 1.45636 1 ) ( -73.2545 55.2452 1.48453 1 ) ( -73.2388 55.2336 1.48947 1 ) 
( -74.2439 55.7893 0.316695 1 ) ( -74.2335 55.7967 0.326703 1 ) ( -74.1368 55.869 0.4069 1 ) ( -74.0371 55.9088 0.489875 1 ) ( -73.9069 55.9365 0.594109 1 ) ( -73.7674 55.9437 0.688592 1 ) ( -73.6176 55.9328 0.777354 1 ) ( -73.4656 55.895 0.859118 1 ) ( -73.317 55.8468 0.93707 1 ) ( -73.1685 55.7722 1.00779 1 ) ( -73.0521 55.6874 1.04976 1 ) ( -72.9288 55.5813 1.08172 1 ) ( -72.9143 55.5687 1.0868 1 ) 
( -73.8854 55.9893 -0.0544073 1 ) ( -73.8742 55.9984 -0.0465459 1 ) ( -73.7717 56.0874 0.0120448 1 ) ( -73.6677 56.1403 0.0802355 1 ) ( -73.5332 56.181 0.170848 1 ) ( -73.3916 56.1984 0.255468 1 ) ( -73.2415 56.1955 0.336589 1 ) ( -73.0913 56.1619 0.412905 1 ) ( -72.9454 56.1172 0.487926 1 ) ( -72.8029 56.0437 0.558462 1 ) ( -72.6937 55.9571 0.602882 1 ) ( -72.5794 55.8478 0.640268 1 ) ( -72.5661 55.8347 0.645683 1 ) 
( -73.6181 56.116 -0.522121 1 ) ( -73.6047 56.1258 -0.515557 1 ) ( -73.4834 56.2231 -0.47075 1 ) ( -73.3638 56.2817 -0.410563 1 ) ( -73.2117 56.3266 -0.325625 1 ) ( -73.0551 56.346 -0.24327 1 ) ( -72.8917 56.3427 -0.162088 1 ) ( -72.7303 56.305 -0.0835324 1 ) ( -72.5746 56.2555 -0.00398567 1 ) ( -72.4243 56.1744 0.0743251 1 ) ( -72.311 56.0787 0.127918 1 ) ( -72.193 55.9582 0.178128 1 ) ( -72.1793 55.9436 0.184784 1 ) 
( -73.393 56.1137 -1.04586 1 ) ( -73.3771 56.1248 -1.04068 1 ) ( -73.2336 56.2346 -1.0106 1 ) ( -73.0955 56.3027 -0.959072 1 ) ( -72.9222 56.3563 -0.880419 1 ) ( -72.7475 56.3816 -0.800779 1 ) ( -72.5677 56.3819 -0.719897 1 ) ( -72.392 56.344 -0.639369 1 ) ( -72.2234 56.2935 -0.555459 1 ) ( -72.0624 56.2087 -0.469424 1 ) ( -71.9423 56.107 -0.406594 1 ) ( -71.8179 55.9787 -0.343374 1 ) ( -71.8035 55.9631 -0.335468 1 ) 
( -73.1825 56.0293 -1.47042 1 ) ( -73.1651 56.042 -1.4668 1 ) ( -73.0088 56.1679 -1.4526 1 ) ( -72.8603 56.2487 -1.41139 1 ) ( -72.6754 56.3151 -1.3416 1 ) ( -72.4913 56.3507 -1.26768 1 ) ( -72.3036 56.3595 -1.19054 1 ) ( -72.1218 56.3268 -1.11185 1 ) ( -71.9481 56.2807 -1.02766 1 ) ( -71.7842 56.1983 -0.938762 1 ) ( -71.6637 56.0965 -0.871239 1 ) ( -71.5397 55.9669 -0.800477 1 ) ( -71.5255 55.951 -0.791933 1 ) 
( -72.929 55.9551 -1.95227 1 ) ( -72.9096 55.9676 -1.95 1 ) ( -72.7366 56.0931 -1.95005 1 ) ( -72.5742 56.1722 -1.91726 1 ) ( -72.3736 56.2341 -1.85362 1 ) ( -72.1765 56.2632 -1.78241 1 ) ( -71.9775 56.2629 -1.70567 1 ) ( -71.7866 56.2176 -1.62519 1 ) ( -71.6048 56.1584 -1.53691 1 ) ( -71.4353 56.0595 -1.4407 1 ) ( -71.3123 55.9409 -1.36439 1 ) ( -71.1865 55.7918 -1.28123 1 ) ( -71.1722 55.7734 -1.2715 1 ) 
( -72.898 55.9391 -1.99997 1 ) ( -72.8785 55.9518 -1.99794 1 ) ( -72.7045 56.0792 -2.00045 1 ) ( -72.5414 56.1598 -1.96935 1 ) ( -72.34 56.2232 -1.90729 1 ) ( -72.1425 56.2536 -1.83724 1 ) ( -71.9432 56.2543 -1.76142 1 ) ( -71.7521 56.2094 -1.68161 1 ) ( -71.5704 56.1508 -1.59373 1 ) ( -71.4012 56.052 -1.49762 1 ) ( -71.2788 55.9334 -1.42111 1 ) ( -71.1538 55.7839 -1.33742 1 ) ( -71.1395 55.7655 -1.32766 1 ) 
