 Knots U 
0 0 0 0 0.0985343 0.197407 0.296469 0.395716 0.496474 0.59699 0.696874 0.798249 0.899171 1 1 1 1 
 Knots V 
0 0 0 0 0.100629 0.200984 0.301384 0.401848 0.502307 0.602613 0.702726 0.802622 0.901881 1 1 1 1 
 Poles & Weights 
( -67.353 50.4267 -6.15917 1 ) ( -67.3156 50.4162 -6.18616 1 ) ( -67.1826 50.2791 -6.4862 1 ) ( -67.1233 50.2166 -6.79276 1 ) ( -67.0676 50.1016 -7.13859 1 ) ( -67.0959 49.9694 -7.47686 1 ) ( -67.1246 49.8702 -7.81776 1 ) ( -67.1784 49.7802 -8.16125 1 ) ( -67.2628 49.6918 -8.50182 1 ) ( -67.36 49.6152 -8.84892 1 ) ( -67.4359 49.5507 -9.14948 1 ) ( -67.6585 49.5527 -9.44111 1 ) ( -67.6817 49.5589 -9.46922 1 ) 
( -67.3325 50.4657 -6.15943 1 ) ( -67.2954 50.4551 -6.1865 1 ) ( -67.1626 50.3184 -6.48634 1 ) ( -67.1037 50.2554 -6.79252 1 ) ( -67.0481 50.1402 -7.13806 1 ) ( -67.076 50.0079 -7.47599 1 ) ( -67.1047 49.9084 -7.81672 1 ) ( -67.158 49.8178 -8.16004 1 ) ( -67.243 49.7291 -8.50025 1 ) ( -67.3414 49.6522 -8.84687 1 ) ( -67.4174 49.5873 -9.14732 1 ) ( -67.6398 49.5881 -9.43898 1 ) ( -67.663 49.5941 -9.46704 1 ) 
( -67.1566 50.8146 -6.16196 1 ) ( -67.1224 50.8039 -6.18974 1 ) ( -66.9916 50.6696 -6.48825 1 ) ( -66.9353 50.6025 -6.79151 1 ) ( -66.8803 50.4852 -7.13497 1 ) ( -66.9029 50.3525 -7.47023 1 ) ( -66.9312 50.2495 -7.80989 1 ) ( -66.9794 50.1539 -8.15218 1 ) ( -67.0699 50.0626 -8.48972 1 ) ( -67.1782 49.9829 -8.83244 1 ) ( -67.2546 49.9149 -9.13233 1 ) ( -67.4742 49.9044 -9.42472 1 ) ( -67.4971 49.9083 -9.45232 1 ) 
( -67.01 51.1201 -6.22542 1 ) ( -66.9784 51.1093 -6.25327 1 ) ( -66.8509 50.9785 -6.54533 1 ) ( -66.7983 50.9089 -6.84145 1 ) ( -66.7455 50.791 -7.17764 1 ) ( -66.7651 50.6594 -7.50528 1 ) ( -66.7945 50.5545 -7.8388 1 ) ( -66.8398 50.4557 -8.17491 1 ) ( -66.9366 50.3636 -8.50481 1 ) ( -67.0552 50.2826 -8.83872 1 ) ( -67.1333 50.213 -9.13356 1 ) ( -67.352 50.1939 -9.42129 1 ) ( -67.3748 50.1961 -9.44796 1 ) 
( -66.8579 51.4897 -6.30735 1 ) ( -66.8292 51.4788 -6.33527 1 ) ( -66.7044 51.3519 -6.6196 1 ) ( -66.655 51.279 -6.90717 1 ) ( -66.6033 51.1601 -7.23464 1 ) ( -66.6181 51.0294 -7.55315 1 ) ( -66.6476 50.922 -7.87928 1 ) ( -66.6881 50.8191 -8.20797 1 ) ( -66.7911 50.7256 -8.52871 1 ) ( -66.9206 50.6428 -8.85207 1 ) ( -66.9997 50.571 -9.14083 1 ) ( -67.216 50.5414 -9.42294 1 ) ( -67.2386 50.5416 -9.44849 1 ) 
( -66.7377 51.8503 -6.39758 1 ) ( -66.7119 51.8392 -6.42553 1 ) ( -66.5881 51.7158 -6.70208 1 ) ( -66.5406 51.6397 -6.98115 1 ) ( -66.4886 51.5197 -7.29988 1 ) ( -66.4973 51.3897 -7.60929 1 ) ( -66.5255 51.2798 -7.92797 1 ) ( -66.56 51.1728 -8.2492 1 ) ( -66.6676 51.0777 -8.56079 1 ) ( -66.8062 50.993 -8.87367 1 ) ( -66.8849 50.9191 -9.15629 1 ) ( -67.0975 50.8792 -9.43265 1 ) ( -67.1198 50.8774 -9.4571 1 ) 
( -66.6351 52.2169 -6.50268 1 ) ( -66.6118 52.2058 -6.53059 1 ) ( -66.4878 52.0859 -6.79853 1 ) ( -66.441 52.0064 -7.06836 1 ) ( -66.3873 51.8853 -7.37748 1 ) ( -66.3885 51.7558 -7.67693 1 ) ( -66.414 51.6433 -7.98736 1 ) ( -66.4411 51.5321 -8.30028 1 ) ( -66.5519 51.4355 -8.60188 1 ) ( -66.6982 51.3489 -8.90341 1 ) ( -66.7754 51.2727 -9.17918 1 ) ( -66.9829 51.2223 -9.44897 1 ) ( -67.0048 51.2186 -9.47223 1 ) 
( -66.5637 52.5871 -6.61994 1 ) ( -66.5427 52.5758 -6.64775 1 ) ( -66.4151 52.4589 -6.90665 1 ) ( -66.3662 52.3758 -7.16687 1 ) ( -66.3074 52.253 -7.46595 1 ) ( -66.2979 52.1238 -7.75503 1 ) ( -66.3174 52.0082 -8.05677 1 ) ( -66.3339 51.8925 -8.36098 1 ) ( -66.4447 51.7938 -8.65215 1 ) ( -66.5953 51.7048 -8.9419 1 ) ( -66.6681 51.626 -9.21044 1 ) ( -66.8672 51.5647 -9.47324 1 ) ( -66.8883 51.559 -9.49526 1 ) 
( -66.5053 52.9549 -6.73927 1 ) ( -66.4865 52.9434 -6.76696 1 ) ( -66.3548 52.8295 -7.01668 1 ) ( -66.3032 52.7426 -7.26719 1 ) ( -66.2388 52.6181 -7.55608 1 ) ( -66.2179 52.489 -7.83464 1 ) ( -66.231 52.3704 -8.12756 1 ) ( -66.2363 52.2499 -8.42289 1 ) ( -66.3463 52.1492 -8.70352 1 ) ( -66.5006 52.0578 -8.98135 1 ) ( -66.5686 51.9762 -9.24254 1 ) ( -66.7587 51.9041 -9.49817 1 ) ( -66.779 51.8963 -9.51894 1 ) 
( -66.4805 53.3381 -6.87578 1 ) ( -66.4638 53.3266 -6.90308 1 ) ( -66.3265 53.2165 -7.14074 1 ) ( -66.2712 53.1264 -7.37897 1 ) ( -66.1996 53.001 -7.65468 1 ) ( -66.1657 52.8728 -7.9198 1 ) ( -66.1709 52.7516 -8.20105 1 ) ( -66.1632 52.6271 -8.48466 1 ) ( -66.2714 52.525 -8.75178 1 ) ( -66.4282 52.4318 -9.01465 1 ) ( -66.4901 52.3481 -9.26603 1 ) ( -66.6697 52.2655 -9.51169 1 ) ( -66.6889 52.2557 -9.53092 1 ) 
( -66.4665 53.646 -7.02225 1 ) ( -66.452 53.6347 -7.0486 1 ) ( -66.3144 53.5311 -7.27018 1 ) ( -66.2596 53.4411 -7.49298 1 ) ( -66.1863 53.3182 -7.75146 1 ) ( -66.1458 53.194 -7.99937 1 ) ( -66.1485 53.074 -8.26493 1 ) ( -66.1343 52.9494 -8.53276 1 ) ( -66.2451 52.8494 -8.78259 1 ) ( -66.4085 52.7581 -9.02683 1 ) ( -66.4689 52.6754 -9.26481 1 ) ( -66.6439 52.5873 -9.49611 1 ) ( -66.6627 52.5761 -9.51344 1 ) 
( -66.4579 53.9979 -7.19729 1 ) ( -66.4443 53.9862 -7.22325 1 ) ( -66.2898 53.8838 -7.43311 1 ) ( -66.2213 53.7884 -7.64398 1 ) ( -66.129 53.662 -7.88965 1 ) ( -66.0645 53.5361 -8.12449 1 ) ( -66.048 53.4112 -8.37872 1 ) ( -66.0099 53.2801 -8.63513 1 ) ( -66.1072 53.1762 -8.87185 1 ) ( -66.2613 53.0805 -9.10157 1 ) ( -66.3058 52.9935 -9.32999 1 ) ( -66.459 52.8926 -9.5516 1 ) ( -66.4756 52.8793 -9.56741 1 ) 
( -66.4642 54.0398 -7.21251 1 ) ( -66.4506 54.0281 -7.23852 1 ) ( -66.2926 53.9252 -7.44792 1 ) ( -66.2212 53.8287 -7.65819 1 ) ( -66.1253 53.7012 -7.9033 1 ) ( -66.0565 53.5745 -8.13753 1 ) ( -66.0364 53.4484 -8.39133 1 ) ( -65.994 53.3159 -8.64732 1 ) ( -66.0882 53.211 -8.88342 1 ) ( -66.2397 53.1142 -9.11238 1 ) ( -66.281 53.0262 -9.34047 1 ) ( -66.4302 52.9233 -9.56184 1 ) ( -66.4465 52.9096 -9.57758 1 ) 
