 Knots U 
0 0 0 0 0.0982699 0.197149 0.296449 0.396015 0.495805 0.595939 0.696465 0.797176 0.898168 1 1 1 1 
 Knots V 
0 0 0 0 0.0977164 0.196689 0.292339 0.392177 0.495208 0.595917 0.69686 0.79797 0.898953 1 1 1 1 
 Poles & Weights 
( -68.0414 52.2289 -10.3995 1 ) ( -68.0589 52.2223 -10.4063 1 ) ( -68.2159 52.164 -10.4634 1 ) ( -68.3622 52.1225 -10.4956 1 ) ( -68.5386 52.0775 -10.5287 1 ) ( -68.7096 52.0415 -10.5523 1 ) ( -68.8846 52.0109 -10.5693 1 ) ( -69.0624 51.9856 -10.5781 1 ) ( -69.2402 51.9673 -10.5793 1 ) ( -69.4247 51.9677 -10.5735 1 ) ( -69.579 51.9818 -10.5652 1 ) ( -69.7455 52.0366 -10.5509 1 ) ( -69.764 52.0439 -10.5494 1 ) 
( -68.0074 52.1941 -10.4443 1 ) ( -68.0252 52.1882 -10.4509 1 ) ( -68.1857 52.1362 -10.5071 1 ) ( -68.3351 52.1004 -10.5385 1 ) ( -68.515 52.0624 -10.5704 1 ) ( -68.6896 52.0334 -10.5928 1 ) ( -68.8681 52.0099 -10.6085 1 ) ( -69.0494 51.9921 -10.6158 1 ) ( -69.2306 51.9813 -10.6154 1 ) ( -69.4184 51.9896 -10.6078 1 ) ( -69.5755 52.0104 -10.5977 1 ) ( -69.745 52.0726 -10.5813 1 ) ( -69.7638 52.0807 -10.5795 1 ) 
( -67.8548 52.2432 -10.708 1 ) ( -67.8745 52.2375 -10.7155 1 ) ( -68.0518 52.1883 -10.7783 1 ) ( -68.2162 52.1569 -10.8151 1 ) ( -68.4142 52.1253 -10.8528 1 ) ( -68.6063 52.104 -10.8798 1 ) ( -68.8024 52.0893 -10.8994 1 ) ( -69.0008 52.0822 -10.9096 1 ) ( -69.1982 52.0836 -10.9108 1 ) ( -69.4021 52.1053 -10.9033 1 ) ( -69.5724 52.1373 -10.8927 1 ) ( -69.7555 52.2109 -10.8736 1 ) ( -69.7759 52.2202 -10.8715 1 ) 
( -67.6882 52.1563 -10.9669 1 ) ( -67.71 52.1522 -10.9747 1 ) ( -67.9058 52.118 -11.0405 1 ) ( -68.0867 52.1013 -11.0796 1 ) ( -68.3046 52.0883 -11.1193 1 ) ( -68.5158 52.0861 -11.1474 1 ) ( -68.7312 52.0918 -11.1677 1 ) ( -68.9484 52.1064 -11.1775 1 ) ( -69.1639 52.1308 -11.1773 1 ) ( -69.386 52.1771 -11.167 1 ) ( -69.5712 52.2299 -11.1533 1 ) ( -69.7701 52.3258 -11.1292 1 ) ( -69.7923 52.3375 -11.1265 1 ) 
( -67.5205 52.1555 -11.2784 1 ) ( -67.5442 52.1533 -11.2862 1 ) ( -67.7567 52.1356 -11.3528 1 ) ( -67.9526 52.1354 -11.3922 1 ) ( -68.1884 52.1437 -11.4314 1 ) ( -68.4172 52.1634 -11.458 1 ) ( -68.6502 52.1925 -11.476 1 ) ( -68.8844 52.2326 -11.4823 1 ) ( -69.1159 52.2839 -11.4774 1 ) ( -69.3539 52.3591 -11.4604 1 ) ( -69.552 52.4361 -11.4402 1 ) ( -69.7642 52.558 -11.4066 1 ) ( -69.7879 52.5726 -11.4028 1 ) 
( -67.4566 52.3996 -11.5107 1 ) ( -67.4808 52.3963 -11.5191 1 ) ( -67.6984 52.3694 -11.5907 1 ) ( -67.899 52.3633 -11.6341 1 ) ( -68.1408 52.3657 -11.6772 1 ) ( -68.3753 52.3811 -11.7067 1 ) ( -68.6141 52.4071 -11.7269 1 ) ( -68.8535 52.4459 -11.7344 1 ) ( -69.0896 52.4977 -11.7293 1 ) ( -69.3315 52.5738 -11.7107 1 ) ( -69.5324 52.6517 -11.6882 1 ) ( -69.7466 52.7733 -11.6503 1 ) ( -69.7705 52.7877 -11.6459 1 ) 
( -67.3977 52.6563 -11.7392 1 ) ( -67.4224 52.6518 -11.7482 1 ) ( -67.6446 52.6145 -11.8247 1 ) ( -67.8495 52.6012 -11.872 1 ) ( -68.0966 52.5963 -11.919 1 ) ( -68.3365 52.6062 -11.9515 1 ) ( -68.5805 52.6277 -11.974 1 ) ( -68.8248 52.6638 -11.9825 1 ) ( -69.065 52.7146 -11.9773 1 ) ( -69.3103 52.7903 -11.9572 1 ) ( -69.5137 52.8678 -11.9326 1 ) ( -69.7295 52.9876 -11.8903 1 ) ( -69.7535 53.0017 -11.8855 1 ) 
( -67.3081 52.8552 -11.9971 1 ) ( -67.3336 52.8501 -12.0065 1 ) ( -67.5639 52.8086 -12.087 1 ) ( -67.7762 52.7937 -12.1373 1 ) ( -68.0323 52.7881 -12.187 1 ) ( -68.2811 52.7989 -12.2212 1 ) ( -68.5339 52.8225 -12.2447 1 ) ( -68.7864 52.8626 -12.2531 1 ) ( -69.0341 52.919 -12.2465 1 ) ( -69.2864 53.0013 -12.2233 1 ) ( -69.4951 53.0842 -12.1953 1 ) ( -69.7158 53.2088 -12.1472 1 ) ( -69.7404 53.2234 -12.1417 1 ) 
( -67.2314 53.0733 -12.2396 1 ) ( -67.2576 53.0674 -12.2495 1 ) ( -67.4944 53.0196 -12.3341 1 ) ( -67.7128 53.0011 -12.3876 1 ) ( -67.9762 52.9927 -12.4404 1 ) ( -68.2322 53.0021 -12.4765 1 ) ( -68.4922 53.0255 -12.5014 1 ) ( -68.7515 53.0672 -12.51 1 ) ( -69.0051 53.127 -12.5024 1 ) ( -69.2627 53.2133 -12.4766 1 ) ( -69.4756 53.2996 -12.4456 1 ) ( -69.6997 53.4267 -12.3922 1 ) ( -69.7246 53.4415 -12.3861 1 ) 
( -67.154 53.3062 -12.4899 1 ) ( -67.1809 53.2996 -12.5003 1 ) ( -67.4238 53.245 -12.5892 1 ) ( -67.6479 53.2227 -12.646 1 ) ( -67.9183 53.211 -12.702 1 ) ( -68.1812 53.2189 -12.7403 1 ) ( -68.4481 53.2419 -12.7665 1 ) ( -68.7138 53.2852 -12.7754 1 ) ( -68.973 53.3482 -12.7667 1 ) ( -69.2356 53.4385 -12.7383 1 ) ( -69.4521 53.5282 -12.7042 1 ) ( -69.6792 53.6578 -12.6452 1 ) ( -69.7044 53.6727 -12.6384 1 ) 
( -67.0847 53.4934 -12.7037 1 ) ( -67.1122 53.4862 -12.7145 1 ) ( -67.3607 53.4271 -12.8067 1 ) ( -67.5898 53.4026 -12.8661 1 ) ( -67.8665 53.3894 -12.9244 1 ) ( -68.1356 53.3972 -12.9641 1 ) ( -68.4086 53.4211 -12.9912 1 ) ( -68.6799 53.4669 -12.9999 1 ) ( -68.9442 53.5339 -12.99 1 ) ( -69.2112 53.629 -12.9589 1 ) ( -69.4311 53.7225 -12.9218 1 ) ( -69.661 53.8555 -12.8579 1 ) ( -69.6865 53.8707 -12.8505 1 ) 
( -67.0106 53.7174 -12.9456 1 ) ( -67.0388 53.7093 -12.9569 1 ) ( -67.2939 53.6427 -13.0536 1 ) ( -67.5292 53.6137 -13.1165 1 ) ( -67.8133 53.5963 -13.1781 1 ) ( -68.0898 53.6016 -13.2202 1 ) ( -68.3702 53.624 -13.249 1 ) ( -68.6483 53.6702 -13.2583 1 ) ( -68.9187 53.7392 -13.2478 1 ) ( -69.1913 53.837 -13.2145 1 ) ( -69.4154 53.9328 -13.1748 1 ) ( -69.6488 54.067 -13.106 1 ) ( -69.6747 54.0823 -13.098 1 ) 
( -66.9972 53.7321 -12.9773 1 ) ( -67.0255 53.7241 -12.9886 1 ) ( -67.2819 53.6577 -13.0857 1 ) ( -67.5184 53.6291 -13.1489 1 ) ( -67.8039 53.6124 -13.2107 1 ) ( -68.0818 53.6185 -13.253 1 ) ( -68.3636 53.6419 -13.2818 1 ) ( -68.643 53.6892 -13.291 1 ) ( -68.9147 53.7596 -13.2803 1 ) ( -69.1884 53.859 -13.2465 1 ) ( -69.4135 53.956 -13.2064 1 ) ( -69.6479 54.0915 -13.1368 1 ) ( -69.6739 54.1069 -13.1287 1 ) 
