 Knots U 
0 0 0 0 0.100938 0.201434 0.301212 0.400527 0.500031 0.600724 0.700933 0.800404 0.900057 1 1 1 1 
 Knots V 
0 0 0 0 0.0996151 0.199258 0.299122 0.399209 0.499397 0.599624 0.699879 0.799982 0.900037 1 1 1 1 
 Poles & Weights 
( -68.5492 50.8552 -5.54901 1 ) ( -68.5333 50.8502 -5.54963 1 ) ( -68.3886 50.8236 -5.55568 1 ) ( -68.2624 50.8018 -5.57347 1 ) ( -68.1165 50.77 -5.60278 1 ) ( -67.9853 50.7261 -5.64409 1 ) ( -67.8645 50.6601 -5.69865 1 ) ( -67.7544 50.589 -5.7656 1 ) ( -67.6476 50.5285 -5.8451 1 ) ( -67.5372 50.4893 -5.94368 1 ) ( -67.4468 50.4669 -6.03353 1 ) ( -67.3624 50.4297 -6.14606 1 ) ( -67.353 50.4267 -6.15917 1 ) 
( -68.5435 50.8937 -5.54246 1 ) ( -68.5274 50.8888 -5.54307 1 ) ( -68.3814 50.8625 -5.54991 1 ) ( -68.2539 50.841 -5.56825 1 ) ( -68.1065 50.8096 -5.59843 1 ) ( -67.9738 50.7662 -5.64055 1 ) ( -67.8513 50.7006 -5.69555 1 ) ( -67.7396 50.6295 -5.76344 1 ) ( -67.6312 50.5691 -5.84344 1 ) ( -67.5192 50.5296 -5.94259 1 ) ( -67.4277 50.5067 -6.03309 1 ) ( -67.3419 50.469 -6.14611 1 ) ( -67.3324 50.4659 -6.1594 1 ) 
( -68.4807 51.2303 -5.53587 1 ) ( -68.4629 51.226 -5.53588 1 ) ( -68.3063 51.2031 -5.54469 1 ) ( -68.169 51.1846 -5.56348 1 ) ( -68.0107 51.1577 -5.59608 1 ) ( -67.8668 51.1189 -5.64031 1 ) ( -67.7305 51.0578 -5.69406 1 ) ( -67.608 50.9873 -5.76529 1 ) ( -67.4864 50.9293 -5.84466 1 ) ( -67.3627 50.8881 -5.94365 1 ) ( -67.2633 50.8607 -6.03542 1 ) ( -67.1662 50.8199 -6.14769 1 ) ( -67.1563 50.8153 -6.16204 1 ) 
( -68.4243 51.5259 -5.559 1 ) ( -68.405 51.5222 -5.55886 1 ) ( -68.2401 51.502 -5.57257 1 ) ( -68.0952 51.4861 -5.59456 1 ) ( -67.9281 51.4628 -5.63262 1 ) ( -67.7754 51.428 -5.6819 1 ) ( -67.628 51.3707 -5.7378 1 ) ( -67.4969 51.3005 -5.81516 1 ) ( -67.3648 51.2445 -5.89716 1 ) ( -67.2317 51.2015 -5.99935 1 ) ( -67.1262 51.1699 -6.09506 1 ) ( -67.0201 51.1264 -6.20984 1 ) ( -67.0099 51.1203 -6.22548 1 ) 
( -68.3612 51.8763 -5.59422 1 ) ( -68.3404 51.8733 -5.59387 1 ) ( -68.1674 51.8572 -5.6133 1 ) ( -68.0148 51.8449 -5.63898 1 ) ( -67.8393 51.827 -5.68341 1 ) ( -67.6779 51.7976 -5.73858 1 ) ( -67.5191 51.7456 -5.79691 1 ) ( -67.3795 51.6767 -5.88144 1 ) ( -67.2366 51.6237 -5.96645 1 ) ( -67.0942 51.5795 -6.07233 1 ) ( -66.983 51.5437 -6.17259 1 ) ( -66.868 51.4976 -6.29027 1 ) ( -66.8577 51.49 -6.30742 1 ) 
( -68.2991 52.208 -5.65534 1 ) ( -68.2772 52.2058 -5.65462 1 ) ( -68.0991 52.1946 -5.67797 1 ) ( -67.9417 52.1868 -5.70583 1 ) ( -67.7609 52.1749 -5.75474 1 ) ( -67.5937 52.1518 -5.81398 1 ) ( -67.4268 52.1059 -5.87307 1 ) ( -67.2818 52.0392 -5.96291 1 ) ( -67.1313 51.9901 -6.04925 1 ) ( -66.9828 51.9459 -6.15703 1 ) ( -66.8685 51.9068 -6.2603 1 ) ( -66.7478 51.8593 -6.37919 1 ) ( -66.7377 51.8504 -6.39763 1 ) 
( -68.2368 52.5411 -5.72739 1 ) ( -68.214 52.5398 -5.72633 1 ) ( -68.0326 52.5339 -5.75401 1 ) ( -67.8717 52.5311 -5.78441 1 ) ( -67.6875 52.5258 -5.83822 1 ) ( -67.5164 52.5096 -5.90196 1 ) ( -67.343 52.4703 -5.96219 1 ) ( -67.1944 52.4063 -6.05776 1 ) ( -67.038 52.3616 -6.14582 1 ) ( -66.8853 52.3178 -6.2559 1 ) ( -66.7695 52.276 -6.36254 1 ) ( -66.6447 52.2275 -6.48302 1 ) ( -66.635 52.2173 -6.50279 1 ) 
( -68.1745 52.8688 -5.82188 1 ) ( -68.1511 52.8685 -5.82038 1 ) ( -67.9695 52.8689 -5.85137 1 ) ( -67.8079 52.8718 -5.88339 1 ) ( -67.6235 52.874 -5.94105 1 ) ( -67.4516 52.8654 -6.00825 1 ) ( -67.275 52.8337 -6.06858 1 ) ( -67.1258 52.7732 -6.16886 1 ) ( -66.9666 52.7339 -6.25762 1 ) ( -66.8129 52.6914 -6.36893 1 ) ( -66.6983 52.6476 -6.47804 1 ) ( -66.5726 52.5989 -6.59909 1 ) ( -66.5636 52.5875 -6.62008 1 ) 
( -68.1132 53.1876 -5.93097 1 ) ( -68.0894 53.1884 -5.92888 1 ) ( -67.9087 53.1957 -5.96193 1 ) ( -67.7475 53.2047 -5.99448 1 ) ( -67.5641 53.2151 -6.05465 1 ) ( -67.3926 53.2147 -6.12405 1 ) ( -67.214 53.1912 -6.18321 1 ) ( -67.0655 53.1348 -6.28693 1 ) ( -66.9047 53.1014 -6.37514 1 ) ( -66.7513 53.0609 -6.48638 1 ) ( -66.6389 53.0156 -6.59685 1 ) ( -66.5135 52.9675 -6.71723 1 ) ( -66.5053 52.955 -6.73929 1 ) 
( -68.0491 53.5142 -6.06369 1 ) ( -68.0253 53.5161 -6.06091 1 ) ( -67.8491 53.5312 -6.09546 1 ) ( -67.6915 53.5473 -6.128 1 ) ( -67.5129 53.5668 -6.19012 1 ) ( -67.3454 53.5758 -6.26117 1 ) ( -67.1683 53.5613 -6.31846 1 ) ( -67.0241 53.51 -6.42512 1 ) ( -66.8651 53.4834 -6.51212 1 ) ( -66.7158 53.4457 -6.62261 1 ) ( -66.6089 53.3995 -6.73392 1 ) ( -66.4872 53.3525 -6.85297 1 ) ( -66.4804 53.3389 -6.87607 1 ) 
( -67.9959 53.7833 -6.18745 1 ) ( -67.9721 53.7861 -6.18433 1 ) ( -67.8004 53.807 -6.22214 1 ) ( -67.6463 53.8283 -6.25644 1 ) ( -67.4725 53.8548 -6.3223 1 ) ( -67.3089 53.8708 -6.39674 1 ) ( -67.1338 53.8633 -6.45452 1 ) ( -66.9938 53.8154 -6.56565 1 ) ( -66.8371 53.7938 -6.65364 1 ) ( -66.6919 53.7576 -6.7656 1 ) ( -66.59 53.71 -6.8794 1 ) ( -66.4722 53.6633 -6.99933 1 ) ( -66.4666 53.6487 -7.02354 1 ) 
( -67.9395 54.0838 -6.34203 1 ) ( -67.9157 54.0877 -6.33842 1 ) ( -67.7494 54.1154 -6.37919 1 ) ( -67.5995 54.1429 -6.41481 1 ) ( -67.4313 54.1775 -6.48412 1 ) ( -67.2726 54.2017 -6.56167 1 ) ( -67.0999 54.2023 -6.6192 1 ) ( -66.965 54.1585 -6.73467 1 ) ( -66.8111 54.1428 -6.82302 1 ) ( -66.6708 54.1086 -6.93586 1 ) ( -66.575 54.0595 -7.05181 1 ) ( -66.4619 54.0133 -7.17197 1 ) ( -66.4575 53.9976 -7.19735 1 ) 
( -67.933 54.118 -6.35953 1 ) ( -67.9093 54.122 -6.35581 1 ) ( -67.7443 54.1508 -6.39647 1 ) ( -67.5957 54.1792 -6.43184 1 ) ( -67.4289 54.215 -6.50109 1 ) ( -67.2715 54.2404 -6.57853 1 ) ( -67.0999 54.2422 -6.63558 1 ) ( -66.9663 54.1991 -6.75109 1 ) ( -66.8135 54.1843 -6.83903 1 ) ( -66.6745 54.1506 -6.9515 1 ) ( -66.5802 54.1016 -7.0673 1 ) ( -66.4683 54.0557 -7.18705 1 ) ( -66.4642 54.0398 -7.21251 1 ) 
