 Knots U 
0 0 0 0 0.0970969 0.193586 0.290086 0.389273 0.491262 0.592772 0.693841 0.795496 0.897549 1 1 1 1 
 Knots V 
0 0 0 0 0.100513 0.200955 0.301311 0.401363 0.501475 0.601427 0.701421 0.801418 0.900807 1 1 1 1 
 Poles & Weights 
( -82.3612 55.7019 -11.3113 1 ) ( -82.362 55.6991 -11.3218 1 ) ( -82.369 55.6746 -11.4142 1 ) ( -82.3752 55.6528 -11.4961 1 ) ( -82.3827 55.6267 -11.5946 1 ) ( -82.3897 55.602 -11.6875 1 ) ( -82.3967 55.5775 -11.7795 1 ) ( -82.4038 55.5526 -11.8736 1 ) ( -82.4109 55.5278 -11.967 1 ) ( -82.4182 55.502 -12.0638 1 ) ( -82.4244 55.4804 -12.1454 1 ) ( -82.4314 55.4557 -12.2382 1 ) ( -82.4322 55.453 -12.2485 1 ) 
( -82.3948 55.5619 -11.2578 1 ) ( -82.3958 55.559 -11.2681 1 ) ( -82.4048 55.5334 -11.3584 1 ) ( -82.4127 55.5109 -11.4384 1 ) ( -82.4221 55.484 -11.5349 1 ) ( -82.4307 55.459 -11.6262 1 ) ( -82.4392 55.4344 -11.7169 1 ) ( -82.4477 55.4091 -11.8095 1 ) ( -82.4562 55.384 -11.9014 1 ) ( -82.4652 55.3582 -11.9967 1 ) ( -82.4727 55.3366 -12.077 1 ) ( -82.4809 55.312 -12.1685 1 ) ( -82.4819 55.3093 -12.1787 1 ) 
( -82.5867 54.2862 -10.7782 1 ) ( -82.5881 54.2827 -10.7882 1 ) ( -82.5992 54.2533 -10.8774 1 ) ( -82.6085 54.2283 -10.9571 1 ) ( -82.6185 54.2005 -11.0549 1 ) ( -82.6259 54.1784 -11.1503 1 ) ( -82.6318 54.1582 -11.2465 1 ) ( -82.6368 54.1359 -11.3441 1 ) ( -82.6426 54.1141 -11.4408 1 ) ( -82.6497 54.0934 -11.5415 1 ) ( -82.6549 54.0768 -11.6267 1 ) ( -82.6586 54.0585 -11.724 1 ) ( -82.6591 54.0565 -11.7348 1 ) 
( -82.4846 53.1445 -10.3763 1 ) ( -82.4868 53.1402 -10.3861 1 ) ( -82.504 53.1055 -10.4745 1 ) ( -82.5185 53.0765 -10.5541 1 ) ( -82.5337 53.0458 -10.6532 1 ) ( -82.5444 53.024 -10.7525 1 ) ( -82.5524 53.0056 -10.8536 1 ) ( -82.5587 52.9838 -10.9557 1 ) ( -82.5666 52.9627 -11.0568 1 ) ( -82.5766 52.9444 -11.1625 1 ) ( -82.5837 52.9304 -11.2521 1 ) ( -82.5877 52.9155 -11.3547 1 ) ( -82.5885 52.914 -11.3661 1 ) 
( -82.2053 51.8147 -9.92384 1 ) ( -82.2084 51.8096 -9.93327 1 ) ( -82.2326 51.7684 -10.0195 1 ) ( -82.2529 51.7345 -10.0978 1 ) ( -82.2739 51.7002 -10.1972 1 ) ( -82.2881 51.6788 -10.2997 1 ) ( -82.2984 51.6625 -10.4055 1 ) ( -82.3058 51.6412 -10.5118 1 ) ( -82.3158 51.6209 -10.6168 1 ) ( -82.3291 51.6052 -10.7271 1 ) ( -82.3381 51.5942 -10.8208 1 ) ( -82.3421 51.5832 -10.9284 1 ) ( -82.343 51.5822 -10.9404 1 ) 
( -81.6904 50.5924 -9.53313 1 ) ( -81.694 50.5861 -9.54402 1 ) ( -81.7216 50.5368 -9.64424 1 ) ( -81.7444 50.4964 -9.73571 1 ) ( -81.7675 50.4565 -9.85246 1 ) ( -81.7818 50.4335 -9.97428 1 ) ( -81.7909 50.4171 -10.1007 1 ) ( -81.7961 50.3943 -10.2274 1 ) ( -81.8047 50.3727 -10.3525 1 ) ( -81.8175 50.3574 -10.484 1 ) ( -81.8254 50.3475 -10.5959 1 ) ( -81.8261 50.3384 -10.7246 1 ) ( -81.8268 50.3377 -10.739 1 ) 
( -80.9837 49.4455 -9.19023 1 ) ( -80.9882 49.4379 -9.20285 1 ) ( -81.0228 49.3776 -9.31935 1 ) ( -81.0515 49.3286 -9.42591 1 ) ( -81.0805 49.2802 -9.56251 1 ) ( -81.0986 49.253 -9.70597 1 ) ( -81.1101 49.2339 -9.85524 1 ) ( -81.1168 49.2069 -10.0047 1 ) ( -81.1277 49.1815 -10.1523 1 ) ( -81.1439 49.164 -10.3075 1 ) ( -81.1539 49.1529 -10.4396 1 ) ( -81.155 49.143 -10.5916 1 ) ( -81.1559 49.1422 -10.6086 1 ) 
( -80.0769 48.4259 -8.91233 1 ) ( -80.0825 48.4173 -8.92375 1 ) ( -80.1256 48.3503 -9.03089 1 ) ( -80.1615 48.2961 -9.12982 1 ) ( -80.1979 48.2437 -9.25895 1 ) ( -80.2212 48.2163 -9.39828 1 ) ( -80.2365 48.1987 -9.54488 1 ) ( -80.2461 48.1717 -9.69098 1 ) ( -80.2608 48.1465 -9.83506 1 ) ( -80.2818 48.131 -9.98713 1 ) ( -80.2953 48.1224 -10.1168 1 ) ( -80.2981 48.1158 -10.2665 1 ) ( -80.2994 48.1156 -10.2833 1 ) 
( -79.0384 47.5413 -8.6993 1 ) ( -79.0446 47.5323 -8.70938 1 ) ( -79.0926 47.4622 -8.80593 1 ) ( -79.1324 47.4061 -8.89615 1 ) ( -79.1725 47.3536 -9.01647 1 ) ( -79.1974 47.3299 -9.15038 1 ) ( -79.2131 47.3174 -9.29301 1 ) ( -79.222 47.294 -9.43446 1 ) ( -79.2369 47.2728 -9.57373 1 ) ( -79.2591 47.2632 -9.72129 1 ) ( -79.2728 47.2603 -9.84748 1 ) ( -79.2739 47.2607 -9.99344 1 ) ( -79.2751 47.2612 -10.0098 1 ) 
( -77.803 46.8457 -8.56481 1 ) ( -77.8105 46.8345 -8.57457 1 ) ( -77.8695 46.7466 -8.6696 1 ) ( -77.9186 46.6757 -8.75915 1 ) ( -77.9687 46.6075 -8.88041 1 ) ( -78.0011 46.5727 -9.01822 1 ) ( -78.0229 46.551 -9.16617 1 ) ( -78.037 46.5166 -9.31242 1 ) ( -78.058 46.4847 -9.45629 1 ) ( -78.0875 46.4659 -9.60908 1 ) ( -78.1066 46.4559 -9.73997 1 ) ( -78.1117 46.4489 -9.89161 1 ) ( -78.1135 46.4487 -9.90861 1 ) 
( -76.6983 46.2976 -8.50741 1 ) ( -76.7071 46.285 -8.51769 1 ) ( -76.7763 46.1858 -8.61819 1 ) ( -76.8342 46.1055 -8.71316 1 ) ( -76.8939 46.028 -8.84242 1 ) ( -76.9337 45.9876 -8.99032 1 ) ( -76.9617 45.9617 -9.1495 1 ) ( -76.9813 45.9217 -9.3067 1 ) ( -77.0085 45.8845 -9.46129 1 ) ( -77.0452 45.8618 -9.62559 1 ) ( -77.0698 45.8491 -9.76641 1 ) ( -77.0794 45.8395 -9.92965 1 ) ( -77.0818 45.8391 -9.94794 1 ) 
( -75.3248 46.1748 -8.51726 1 ) ( -75.3345 46.1595 -8.52843 1 ) ( -75.4102 46.039 -8.63794 1 ) ( -75.4734 45.9407 -8.74155 1 ) ( -75.5385 45.8436 -8.88289 1 ) ( -75.5815 45.7885 -9.04508 1 ) ( -75.6115 45.7494 -9.21983 1 ) ( -75.6321 45.6946 -9.39233 1 ) ( -75.661 45.6429 -9.56196 1 ) ( -75.7005 45.6069 -9.74229 1 ) ( -75.7269 45.5838 -9.89688 1 ) ( -75.7363 45.5628 -10.0761 1 ) ( -75.7388 45.5612 -10.0962 1 ) 
( -75.1643 46.1985 -8.51962 1 ) ( -75.1743 46.1823 -8.53076 1 ) ( -75.2531 46.054 -8.64015 1 ) ( -75.319 45.9489 -8.74373 1 ) ( -75.3871 45.8438 -8.88522 1 ) ( -75.4328 45.7815 -9.04788 1 ) ( -75.4652 45.7356 -9.22324 1 ) ( -75.4882 45.6736 -9.3963 1 ) ( -75.5197 45.6147 -9.56646 1 ) ( -75.562 45.5715 -9.7474 1 ) ( -75.5905 45.5425 -9.90253 1 ) ( -75.6022 45.5148 -10.0824 1 ) ( -75.605 45.5124 -10.1026 1 ) 
