 Knots U 
0 0 0 0 0.101234 0.20031 0.300594 0.401721 0.502673 0.603192 0.702401 0.801599 0.900609 1 1 1 1 
 Knots V 
0 0 0 0 0.1 0.2 0.3 0.4 0.5 0.6 0.7 0.8 0.9 1 1 1 1 
 Poles & Weights 
( -76.3659 47.0294 2.37099 1 ) ( -76.368 47.0341 2.34685 1 ) ( -76.3699 47.0621 2.12444 1 ) ( -76.4186 47.0568 1.93625 1 ) ( -76.53 47.0152 1.73906 1 ) ( -76.6779 46.9819 1.57143 1 ) ( -76.8444 46.9998 1.41902 1 ) ( -77.0277 47.0337 1.29581 1 ) ( -77.2316 47.0316 1.21122 1 ) ( -77.4589 46.995 1.16954 1 ) ( -77.653 46.9824 1.15888 1 ) ( -77.875 46.9969 1.16614 1 ) ( -77.899 46.9947 1.16724 1 ) 
( -76.3339 47.0922 2.35699 1 ) ( -76.336 47.0969 2.3329 1 ) ( -76.3382 47.1245 2.11079 1 ) ( -76.3869 47.119 1.92281 1 ) ( -76.4981 47.0777 1.72579 1 ) ( -76.6457 47.0448 1.5583 1 ) ( -76.8119 47.0629 1.40606 1 ) ( -76.9949 47.0969 1.28286 1 ) ( -77.1984 47.0953 1.19805 1 ) ( -77.4251 47.06 1.15598 1 ) ( -77.6188 47.0482 1.14493 1 ) ( -77.8403 47.0637 1.1522 1 ) ( -77.8642 47.0616 1.15331 1 ) 
( -76.0499 47.6496 2.23285 1 ) ( -76.0523 47.6541 2.20915 1 ) ( -76.0567 47.6775 1.98967 1 ) ( -76.1058 47.6713 1.80365 1 ) ( -76.2155 47.6322 1.60809 1 ) ( -76.3604 47.6027 1.44178 1 ) ( -76.524 47.6233 1.2911 1 ) ( -76.7039 47.6577 1.16796 1 ) ( -76.9033 47.6612 1.08125 1 ) ( -77.1252 47.6363 1.03573 1 ) ( -77.315 47.6327 1.02113 1 ) ( -77.532 47.6556 1.02848 1 ) ( -77.5554 47.6547 1.02974 1 ) 
( -75.8007 48.1386 2.12393 1 ) ( -75.8033 48.1429 2.10057 1 ) ( -75.8097 48.1627 1.8834 1 ) ( -75.8591 48.1559 1.69909 1 ) ( -75.9675 48.1187 1.50483 1 ) ( -76.1101 48.0922 1.33955 1 ) ( -76.2714 48.115 1.19022 1 ) ( -76.4485 48.1498 1.06715 1 ) ( -76.6444 48.1576 0.978757 1 ) ( -76.862 48.1419 0.930211 1 ) ( -77.0484 48.1455 0.912521 1 ) ( -77.2615 48.175 0.919935 1 ) ( -77.2845 48.1751 0.921314 1 ) 
( -75.5042 48.7205 1.9943 1 ) ( -75.5069 48.7246 1.97135 1 ) ( -75.5157 48.7401 1.75693 1 ) ( -75.5656 48.7326 1.57467 1 ) ( -75.6723 48.6977 1.38193 1 ) ( -75.8123 48.6747 1.21788 1 ) ( -75.9708 48.7001 1.07017 1 ) ( -76.1447 48.7354 0.947176 1 ) ( -76.3363 48.7484 0.85679 1 ) ( -76.5489 48.7436 0.804641 1 ) ( -76.7312 48.7558 0.783263 1 ) ( -76.9397 48.7931 0.790755 1 ) ( -76.9621 48.7944 0.792283 1 ) 
( -75.2203 49.2777 1.87019 1 ) ( -75.2232 49.2815 1.84764 1 ) ( -75.2343 49.293 1.63584 1 ) ( -75.2846 49.2847 1.45554 1 ) ( -75.3898 49.252 1.26427 1 ) ( -75.5271 49.2324 1.1014 1 ) ( -75.683 49.2603 0.955239 1 ) ( -75.8537 49.2961 0.832313 1 ) ( -76.0413 49.3141 0.740016 1 ) ( -76.249 49.3198 0.68442 1 ) ( -76.4275 49.3401 0.65951 1 ) ( -76.6315 49.3849 0.667077 1 ) ( -76.6534 49.3874 0.668747 1 ) 
( -74.9332 49.841 1.7447 1 ) ( -74.9364 49.8447 1.72255 1 ) ( -74.9497 49.852 1.51341 1 ) ( -75.0004 49.843 1.33509 1 ) ( -75.104 49.8124 1.1453 1 ) ( -75.2387 49.7963 0.983622 1 ) ( -75.392 49.8267 0.839026 1 ) ( -75.5595 49.8629 0.716172 1 ) ( -75.743 49.886 0.621944 1 ) ( -75.9459 49.9023 0.562861 1 ) ( -76.1205 49.9309 0.534381 1 ) ( -76.32 49.9833 0.542024 1 ) ( -76.3412 49.9869 0.543838 1 ) 
( -74.6461 50.4044 1.61922 1 ) ( -74.6495 50.4078 1.59747 1 ) ( -74.6651 50.411 1.39098 1 ) ( -74.7163 50.4012 1.21463 1 ) ( -74.8183 50.3729 1.02633 1 ) ( -74.9504 50.3602 0.865844 1 ) ( -75.101 50.3931 0.722814 1 ) ( -75.2654 50.4298 0.600031 1 ) ( -75.4448 50.458 0.503873 1 ) ( -75.6427 50.4848 0.441302 1 ) ( -75.8134 50.5216 0.409252 1 ) ( -76.0084 50.5816 0.41697 1 ) ( -76.0291 50.5865 0.418929 1 ) 
( -74.3622 50.9616 1.49511 1 ) ( -74.3658 50.9648 1.47375 1 ) ( -74.3837 50.9638 1.2699 1 ) ( -74.4352 50.9534 1.09551 1 ) ( -74.5358 50.9272 0.908673 1 ) ( -74.6652 50.9179 0.749361 1 ) ( -74.8132 50.9533 0.607879 1 ) ( -74.9744 50.9905 0.485168 1 ) ( -75.1498 51.0236 0.387099 1 ) ( -75.3429 51.0609 0.321081 1 ) ( -75.5097 51.1059 0.285499 1 ) ( -75.7002 51.1734 0.293292 1 ) ( -75.7204 51.1794 0.295393 1 ) 
( -74.0656 51.5435 1.36548 1 ) ( -74.0695 51.5465 1.34454 1 ) ( -74.0897 51.5413 1.14342 1 ) ( -74.1417 51.5301 0.971078 1 ) ( -74.2406 51.5062 0.785778 1 ) ( -74.3673 51.5005 0.627697 1 ) ( -74.5126 51.5384 0.487832 1 ) ( -74.6705 51.5761 0.365195 1 ) ( -74.8417 51.6144 0.265132 1 ) ( -75.0297 51.6626 0.195511 1 ) ( -75.1925 51.7162 0.156241 1 ) ( -75.3784 51.7915 0.164113 1 ) ( -75.398 51.7988 0.166362 1 ) 
( -73.8165 52.0325 1.25656 1 ) ( -73.8205 52.0353 1.23596 1 ) ( -73.8427 52.0265 1.03715 1 ) ( -73.895 52.0146 0.866523 1 ) ( -73.9926 51.9927 0.682511 1 ) ( -74.117 51.99 0.525463 1 ) ( -74.26 52.03 0.386958 1 ) ( -74.4152 52.0681 0.264383 1 ) ( -74.5828 52.1109 0.162644 1 ) ( -74.7665 52.1683 0.0899965 1 ) ( -74.9259 52.229 0.0476276 1 ) ( -75.1079 52.3109 0.0555645 1 ) ( -75.1271 52.3192 0.0579391 1 ) 
( -73.5325 52.5899 1.13241 1 ) ( -73.5367 52.5924 1.11221 1 ) ( -73.5612 52.5795 0.916031 1 ) ( -73.6139 52.5669 0.747359 1 ) ( -73.71 52.5471 0.564815 1 ) ( -73.8318 52.5478 0.408946 1 ) ( -73.9721 52.5904 0.271988 1 ) ( -74.1242 52.629 0.149485 1 ) ( -74.2877 52.6767 0.0458352 1 ) ( -74.4666 52.7445 -0.0302613 1 ) ( -74.6222 52.8135 -0.0761625 1 ) ( -74.7997 52.9028 -0.0681508 1 ) ( -74.8183 52.9123 -0.0656335 1 ) 
( -73.5004 52.6527 1.11842 1 ) ( -73.5047 52.6552 1.09826 1 ) ( -73.5294 52.6418 0.902377 1 ) ( -73.5822 52.6292 0.733926 1 ) ( -73.6781 52.6097 0.551547 1 ) ( -73.7996 52.6107 0.395811 1 ) ( -73.9397 52.6536 0.259028 1 ) ( -74.0914 52.6922 0.136533 1 ) ( -74.2544 52.7405 0.0326674 1 ) ( -74.4328 52.8095 -0.043818 1 ) ( -74.5879 52.8794 -0.0901173 1 ) ( -74.7649 52.9696 -0.0820972 1 ) ( -74.7835 52.9792 -0.0795639 1 ) 
