 Knots U 
0 0 0 0 0.0928527 0.187964 0.285392 0.388345 0.493611 0.598191 0.703871 0.806658 0.903787 1 1 1 1 
 Knots V 
0 0 0 0 0.093209 0.188744 0.288187 0.389648 0.496283 0.606175 0.70928 0.809221 0.905751 1 1 1 1 
 Poles & Weights 
( -83.7027 44.5962 27.9759 1 ) ( -83.7057 44.5711 27.9761 1 ) ( -83.7392 44.3647 27.9762 1 ) ( -83.7558 44.1834 27.976 1 ) ( -83.7573 43.9593 27.975 1 ) ( -83.732 43.7581 27.9759 1 ) ( -83.6817 43.561 27.9793 1 ) ( -83.6179 43.356 27.9782 1 ) ( -83.5646 43.1456 27.9652 1 ) ( -83.4747 42.9539 27.953 1 ) ( -83.3381 42.8436 27.9557 1 ) ( -83.1212 42.7878 27.9743 1 ) ( -83.1 42.7786 27.9759 1 ) 
( -83.6948 44.613 27.9749 1 ) ( -83.6972 44.588 27.9752 1 ) ( -83.7271 44.3808 27.9753 1 ) ( -83.7403 44.199 27.9756 1 ) ( -83.7382 43.9738 27.9751 1 ) ( -83.7111 43.7703 27.9758 1 ) ( -83.6595 43.5707 27.9794 1 ) ( -83.5945 43.3633 27.9788 1 ) ( -83.54 43.1507 27.9659 1 ) ( -83.4495 42.9563 27.9539 1 ) ( -83.3131 42.843 27.9567 1 ) ( -83.0975 42.7833 27.9754 1 ) ( -83.0764 42.7737 27.977 1 ) 
( -83.6386 44.807 27.979 1 ) ( -83.6348 44.782 27.9805 1 ) ( -83.6264 44.5627 27.9794 1 ) ( -83.6038 44.3729 27.983 1 ) ( -83.5637 44.1329 27.986 1 ) ( -83.5169 43.9027 27.9835 1 ) ( -83.4495 43.6746 27.9865 1 ) ( -83.3692 43.4397 27.9891 1 ) ( -83.3008 43.2016 27.9773 1 ) ( -83.2015 42.9768 27.9643 1 ) ( -83.0658 42.8309 27.9669 1 ) ( -82.8602 42.7279 27.985 1 ) ( -82.8395 42.7139 27.9868 1 ) 
( -83.5867 44.9726 27.9834 1 ) ( -83.5777 44.9478 27.9859 1 ) ( -83.5367 44.7208 27.9832 1 ) ( -83.4835 44.5264 27.9894 1 ) ( -83.4111 44.2765 27.9948 1 ) ( -83.3476 44.0261 27.9893 1 ) ( -83.2667 43.7762 27.9915 1 ) ( -83.1735 43.5206 27.9964 1 ) ( -83.0933 43.2634 27.985 1 ) ( -82.9867 43.0152 27.971 1 ) ( -82.8515 42.844 27.9729 1 ) ( -82.6544 42.7066 27.9901 1 ) ( -82.6341 42.6893 27.992 1 ) 
( -83.532 45.1845 27.9977 1 ) ( -83.5167 45.1603 28.0012 1 ) ( -83.4362 44.9258 27.9954 1 ) ( -83.3462 44.7274 28.0033 1 ) ( -83.2346 44.4676 28.0102 1 ) ( -83.1502 44.1949 27.9997 1 ) ( -83.0525 43.9211 27.9996 1 ) ( -82.943 43.6426 28.0059 1 ) ( -82.8479 43.3644 27.9936 1 ) ( -82.7315 43.0904 27.9769 1 ) ( -82.596 42.8906 27.9769 1 ) ( -82.4079 42.7145 27.9916 1 ) ( -82.388 42.6933 27.9934 1 ) 
( -83.437 45.3561 28.0019 1 ) ( -83.4161 45.3333 28.0064 1 ) ( -83.3015 45.0989 27.9981 1 ) ( -83.1793 44.903 28.0083 1 ) ( -83.0341 44.6413 28.0173 1 ) ( -82.934 44.354 28.0025 1 ) ( -82.8244 44.0638 28.0006 1 ) ( -82.7037 43.7704 28.0088 1 ) ( -82.5986 43.4788 27.9963 1 ) ( -82.4775 43.1869 27.9775 1 ) ( -82.3459 42.9658 27.9762 1 ) ( -82.1716 42.7588 27.9891 1 ) ( -82.1525 42.7347 27.9909 1 ) 
( -83.2543 45.429 27.975 1 ) ( -83.229 45.4092 27.9809 1 ) ( -83.0904 45.1872 27.9725 1 ) ( -82.9448 45.0047 27.987 1 ) ( -82.7768 44.7543 28.0006 1 ) ( -82.6704 44.4646 27.9839 1 ) ( -82.5585 44.1707 27.9826 1 ) ( -82.4367 43.8753 27.9952 1 ) ( -82.3309 43.5825 27.9848 1 ) ( -82.215 43.2858 27.9663 1 ) ( -82.0959 43.0548 27.9659 1 ) ( -81.9447 42.8298 27.9793 1 ) ( -81.9276 42.8043 27.9814 1 ) 
( -83.0587 45.4711 27.9582 1 ) ( -83.0293 45.4546 27.965 1 ) ( -82.8688 45.248 27.9537 1 ) ( -82.7018 45.0812 27.9699 1 ) ( -82.513 44.8453 27.9849 1 ) ( -82.4016 44.5568 27.9637 1 ) ( -82.2885 44.2629 27.9603 1 ) ( -82.1664 43.9692 27.9742 1 ) ( -82.061 43.6787 27.9631 1 ) ( -81.9509 43.381 27.9422 1 ) ( -81.8446 43.1438 27.94 1 ) ( -81.7162 42.9054 27.9512 1 ) ( -81.701 42.8788 27.9532 1 ) 
( -82.8626 45.5242 27.9697 1 ) ( -82.8299 45.5122 27.9776 1 ) ( -82.6538 45.3306 27.9632 1 ) ( -82.4707 45.1882 27.9813 1 ) ( -82.2681 44.9771 27.9978 1 ) ( -82.159 44.6983 27.9717 1 ) ( -82.0526 44.4128 27.9661 1 ) ( -81.9384 44.1297 27.9815 1 ) ( -81.8411 43.8501 27.9696 1 ) ( -81.7455 43.5602 27.9461 1 ) ( -81.6601 43.324 27.9421 1 ) ( -81.5643 43.0797 27.951 1 ) ( -81.5521 43.053 27.953 1 ) 
( -82.663 45.5525 27.979 1 ) ( -82.6279 45.5463 27.9881 1 ) ( -82.4443 45.4001 27.9731 1 ) ( -82.2521 45.291 27.9951 1 ) ( -82.0443 45.1155 28.0158 1 ) ( -81.9457 44.856 27.9872 1 ) ( -81.8544 44.5888 27.9817 1 ) ( -81.7568 44.3265 28.001 1 ) ( -81.6758 44.0674 27.9907 1 ) ( -81.6035 43.7954 27.967 1 ) ( -81.5469 43.5691 27.9634 1 ) ( -81.4926 43.3285 27.9723 1 ) ( -81.4843 43.3027 27.9744 1 ) 
( -82.4917 45.5476 27.9707 1 ) ( -82.4548 45.5466 27.981 1 ) ( -82.2667 45.4328 27.9664 1 ) ( -82.0685 45.3542 27.9926 1 ) ( -81.8583 45.2115 28.0178 1 ) ( -81.7703 44.9712 27.988 1 ) ( -81.6932 44.7223 27.9836 1 ) ( -81.6112 44.4804 28.0071 1 ) ( -81.5457 44.2414 27.9992 1 ) ( -81.4947 43.9874 27.9763 1 ) ( -81.4637 43.7721 27.9738 1 ) ( -81.4457 43.5377 27.9837 1 ) ( -81.441 43.513 27.9861 1 ) 
( -82.2878 45.5268 27.9523 1 ) ( -82.2486 45.5319 27.964 1 ) ( -82.0545 45.4564 27.9493 1 ) ( -81.8486 45.4138 27.9799 1 ) ( -81.6348 45.3098 28.0098 1 ) ( -81.5587 45.0918 27.978 1 ) ( -81.498 44.8642 27.9742 1 ) ( -81.434 44.6462 28.0022 1 ) ( -81.3862 44.4308 27.9964 1 ) ( -81.3599 44.1978 27.9739 1 ) ( -81.3589 43.9952 27.9722 1 ) ( -81.3836 43.7676 27.9826 1 ) ( -81.383 43.7443 27.9854 1 ) 
( -82.2668 45.522 27.9493 1 ) ( -82.2275 45.5278 27.9612 1 ) ( -82.0333 45.4564 27.9467 1 ) ( -81.827 45.4176 27.9778 1 ) ( -81.6132 45.3178 28.0084 1 ) ( -81.5386 45.1024 27.9765 1 ) ( -81.4799 44.8774 27.9729 1 ) ( -81.4181 44.6621 28.0016 1 ) ( -81.3723 44.4494 27.9961 1 ) ( -81.3487 44.2189 27.9738 1 ) ( -81.3509 44.018 27.9724 1 ) ( -81.3801 43.7916 27.983 1 ) ( -81.3799 43.7684 27.9858 1 ) 
