 Knots U 
0 0 0 0 0.101373 0.203438 0.305526 0.407841 0.510784 0.611994 0.712801 0.811371 0.905868 1 1 1 1 
 Knots V 
0 0 0 0 0.098113 0.195582 0.29429 0.393753 0.4943 0.595149 0.696397 0.797505 0.898629 1 1 1 1 
 Poles & Weights 
( -71.3699 46.7139 -7.3611 1 ) ( -71.3456 46.7246 -7.35191 1 ) ( -71.1368 46.8407 -7.24983 1 ) ( -70.9731 46.96 -7.14812 1 ) ( -70.7557 47.0897 -7.05484 1 ) ( -70.5412 47.2131 -6.97747 1 ) ( -70.3338 47.3416 -6.8972 1 ) ( -70.1272 47.4818 -6.81231 1 ) ( -69.9335 47.6252 -6.72876 1 ) ( -69.7338 47.7813 -6.64587 1 ) ( -69.5605 47.9198 -6.578 1 ) ( -69.3666 48.0786 -6.5115 1 ) ( -69.3453 48.0958 -6.50442 1 ) 
( -71.3456 46.7831 -7.42844 1 ) ( -71.3214 46.7937 -7.41819 1 ) ( -71.1134 46.9052 -7.30569 1 ) ( -70.9494 47.0209 -7.19629 1 ) ( -70.7318 47.1458 -7.09369 1 ) ( -70.5171 47.2642 -7.00758 1 ) ( -70.3093 47.3891 -6.91936 1 ) ( -70.1022 47.5242 -6.82658 1 ) ( -69.9079 47.6623 -6.73584 1 ) ( -69.7077 47.8133 -6.64651 1 ) ( -69.5347 47.9457 -6.57377 1 ) ( -69.3418 48.0988 -6.50325 1 ) ( -69.3205 48.1158 -6.49576 1 ) 
( -71.5058 47.1149 -7.03473 1 ) ( -71.4781 47.1285 -7.02574 1 ) ( -71.2388 47.2289 -6.9189 1 ) ( -71.0384 47.3384 -6.82635 1 ) ( -70.7795 47.4514 -6.74344 1 ) ( -70.5245 47.5548 -6.67816 1 ) ( -70.2734 47.6768 -6.6172 1 ) ( -70.0229 47.7966 -6.55508 1 ) ( -69.7848 47.917 -6.49814 1 ) ( -69.5398 48.0523 -6.4542 1 ) ( -69.3349 48.1559 -6.42792 1 ) ( -69.1131 48.2879 -6.42274 1 ) ( -69.0877 48.3067 -6.42263 1 ) 
( -71.5871 47.4793 -6.8725 1 ) ( -71.557 47.4948 -6.86272 1 ) ( -71.2965 47.5792 -6.74319 1 ) ( -71.0695 47.6778 -6.65032 1 ) ( -70.7807 47.774 -6.56652 1 ) ( -70.4967 47.858 -6.5021 1 ) ( -70.2138 47.9714 -6.44785 1 ) ( -69.9313 48.0714 -6.39498 1 ) ( -69.6609 48.1701 -6.35065 1 ) ( -69.3831 48.2853 -6.32879 1 ) ( -69.1557 48.3577 -6.32789 1 ) ( -68.9148 48.465 -6.36294 1 ) ( -68.8866 48.4847 -6.36745 1 ) 
( -71.5862 47.9828 -6.89546 1 ) ( -71.5545 48 -6.8825 1 ) ( -71.2799 48.0592 -6.72727 1 ) ( -71.0309 48.1396 -6.61612 1 ) ( -70.7182 48.2093 -6.5097 1 ) ( -70.4107 48.2642 -6.42561 1 ) ( -70.101 48.3612 -6.3587 1 ) ( -69.792 48.4315 -6.2956 1 ) ( -69.4942 48.4985 -6.24567 1 ) ( -69.1887 48.5835 -6.2284 1 ) ( -68.9446 48.6138 -6.2387 1 ) ( -68.6919 48.6857 -6.30019 1 ) ( -68.6615 48.7058 -6.30784 1 ) 
( -71.6166 48.4253 -6.75566 1 ) ( -71.583 48.4446 -6.74147 1 ) ( -71.2923 48.4847 -6.56872 1 ) ( -71.0201 48.552 -6.45447 1 ) ( -70.6818 48.6016 -6.34376 1 ) ( -70.3491 48.6337 -6.25747 1 ) ( -70.0113 48.7199 -6.195 1 ) ( -69.6742 48.7669 -6.13913 1 ) ( -69.3476 48.8083 -6.10033 1 ) ( -69.013 48.8696 -6.10474 1 ) ( -68.7504 48.8639 -6.14088 1 ) ( -68.4839 48.9069 -6.24465 1 ) ( -68.4511 48.9279 -6.25717 1 ) 
( -71.5733 48.8985 -6.71737 1 ) ( -71.5387 48.9196 -6.70089 1 ) ( -71.2396 48.938 -6.50094 1 ) ( -70.9507 48.99 -6.37529 1 ) ( -70.5946 49.0168 -6.25028 1 ) ( -70.2445 49.0234 -6.15221 1 ) ( -69.886 49.0964 -6.08471 1 ) ( -69.5285 49.1174 -6.02633 1 ) ( -69.1805 49.1307 -5.98926 1 ) ( -68.8245 49.1656 -6.00556 1 ) ( -68.5504 49.1216 -6.05902 1 ) ( -68.2777 49.133 -6.19561 1 ) ( -68.2434 49.1546 -6.21196 1 ) 
( -71.4946 49.3577 -6.66663 1 ) ( -71.4594 49.3811 -6.64814 1 ) ( -71.1567 49.3806 -6.42341 1 ) ( -70.8551 49.4197 -6.28855 1 ) ( -70.4862 49.4266 -6.15186 1 ) ( -70.1232 49.4106 -6.04455 1 ) ( -69.7486 49.4731 -5.97455 1 ) ( -69.3755 49.4711 -5.91632 1 ) ( -69.0107 49.459 -5.88355 1 ) ( -68.6381 49.4703 -5.91452 1 ) ( -68.3566 49.3904 -5.98777 1 ) ( -68.0825 49.373 -6.16001 1 ) ( -68.0472 49.3956 -6.18051 1 ) 
( -71.4477 49.8145 -6.57957 1 ) ( -71.4119 49.8401 -6.55963 1 ) ( -71.1037 49.8217 -6.31554 1 ) ( -70.788 49.8487 -6.17591 1 ) ( -70.4045 49.8367 -6.03292 1 ) ( -70.027 49.799 -5.92148 1 ) ( -69.6347 49.8519 -5.85396 1 ) ( -69.2443 49.8277 -5.80092 1 ) ( -68.8611 49.7914 -5.77729 1 ) ( -68.4703 49.7801 -5.8278 1 ) ( -68.1799 49.6654 -5.92496 1 ) ( -67.9025 49.6203 -6.13726 1 ) ( -67.8659 49.6439 -6.16238 1 ) 
( -71.3419 50.291 -6.57075 1 ) ( -71.306 50.319 -6.54842 1 ) ( -70.9978 50.2821 -6.27583 1 ) ( -70.6723 50.2968 -6.12416 1 ) ( -70.2795 50.2653 -5.96608 1 ) ( -69.8925 50.2052 -5.84218 1 ) ( -69.4874 50.2484 -5.76919 1 ) ( -69.0846 50.2013 -5.71332 1 ) ( -68.6879 50.1398 -5.69127 1 ) ( -68.2838 50.1052 -5.7539 1 ) ( -67.9892 49.9544 -5.86887 1 ) ( -67.7141 49.8805 -6.11505 1 ) ( -67.6769 49.9052 -6.14412 1 ) 
( -71.2557 50.6917 -6.54979 1 ) ( -71.2197 50.7217 -6.52572 1 ) ( -70.9115 50.6695 -6.23174 1 ) ( -70.5778 50.674 -6.07218 1 ) ( -70.1771 50.6264 -5.90409 1 ) ( -69.7821 50.5477 -5.77229 1 ) ( -69.3661 50.5829 -5.69729 1 ) ( -68.953 50.5169 -5.64168 1 ) ( -68.5448 50.4344 -5.62352 1 ) ( -68.1296 50.3806 -5.69905 1 ) ( -67.8314 50.1994 -5.83135 1 ) ( -67.5583 50.1016 -6.10868 1 ) ( -67.5205 50.1273 -6.14138 1 ) 
( -71.1808 51.1426 -6.45844 1 ) ( -71.1447 51.1751 -6.43339 1 ) ( -70.8373 51.1078 -6.12436 1 ) ( -70.4946 51.1026 -5.96374 1 ) ( -70.0858 51.039 -5.7938 1 ) ( -69.6823 50.9414 -5.66215 1 ) ( -69.2547 50.9697 -5.59384 1 ) ( -68.8305 50.8844 -5.54777 1 ) ( -68.4099 50.7803 -5.54293 1 ) ( -67.9827 50.7067 -5.64237 1 ) ( -67.681 50.4933 -5.80239 1 ) ( -67.4107 50.3705 -6.124 1 ) ( -67.3724 50.3975 -6.16178 1 ) 
( -71.1439 51.1918 -6.48507 1 ) ( -71.108 51.2246 -6.45946 1 ) ( -70.8032 51.1556 -6.14447 1 ) ( -70.4619 51.1494 -5.98009 1 ) ( -70.0547 51.084 -5.80557 1 ) ( -69.6529 50.9843 -5.66974 1 ) ( -69.2265 51.0119 -5.59806 1 ) ( -68.8037 50.9244 -5.54881 1 ) ( -68.3842 50.8179 -5.54139 1 ) ( -67.9583 50.7422 -5.63927 1 ) ( -67.6585 50.5251 -5.79873 1 ) ( -67.3911 50.3996 -6.12126 1 ) ( -67.353 50.4267 -6.15917 1 ) 
