 Knots U 
0 0 0 0 0.0441619 0.0886439 0.136878 0.1895 0.240844 0.292461 0.34404 0.395624 0.447208 0.498794 0.550381 0.60197 0.653562 0.705147 0.756735 0.808271 0.859683 0.911145 0.955837 1 1 1 1 
 Knots V 
0 0 0 0 0.11844 0.236871 0.356137 0.475712 0.593372 0.693085 0.775319 0.851738 0.92531 1 1 1 1 
 Poles & Weights 
( -82.3612 55.7019 -11.3113 1 ) ( -82.3142 55.6913 -11.3008 1 ) ( -81.9171 55.6098 -11.2163 1 ) ( -81.543 55.5231 -11.1866 1 ) ( -81.115 55.4288 -11.1645 1 ) ( -80.7361 55.3523 -11.1523 1 ) ( -80.3138 55.256 -11.1349 1 ) ( -79.9081 55.1613 -11.1231 1 ) ( -79.4935 55.083 -11.1208 1 ) ( -79.0834 54.9901 -11.1175 1 ) ( -78.673 54.8974 -11.118 1 ) ( -78.2624 54.8062 -11.1228 1 ) ( -77.8519 54.7144 -11.1311 1 ) ( -77.443 54.6158 -11.142 1 ) ( -77.0351 54.5135 -11.1538 1 ) ( -76.6243 54.4255 -11.1756 1 ) ( -76.2124 54.344 -11.2025 1 ) ( -75.8014 54.2633 -11.2343 1 ) ( -75.3894 54.1844 -11.2786 1 ) ( -74.9939 54.1244 -11.3051 1 ) ( -74.61 54.0602 -11.3499 1 ) ( -74.2125 53.9429 -11.499 1 ) ( -74.1834 53.9338 -11.511 1 ) 
( -82.3546 55.7179 -11.3184 1 ) ( -82.3079 55.7078 -11.3063 1 ) ( -81.9118 55.6253 -11.2265 1 ) ( -81.5388 55.5384 -11.1989 1 ) ( -81.1116 55.4452 -11.1726 1 ) ( -80.7322 55.3677 -11.1628 1 ) ( -80.3097 55.2716 -11.1442 1 ) ( -79.9037 55.1767 -11.1326 1 ) ( -79.489 55.098 -11.13 1 ) ( -79.0787 55.005 -11.1265 1 ) ( -78.668 54.9121 -11.1268 1 ) ( -78.2572 54.8206 -11.1314 1 ) ( -77.8465 54.7285 -11.1397 1 ) ( -77.4374 54.6298 -11.1504 1 ) ( -77.0292 54.5272 -11.1621 1 ) ( -76.6183 54.4389 -11.1839 1 ) ( -76.2062 54.3568 -11.2105 1 ) ( -75.795 54.2763 -11.243 1 ) ( -75.3828 54.1979 -11.2871 1 ) ( -74.9868 54.1368 -11.3148 1 ) ( -74.6043 54.0726 -11.3567 1 ) ( -74.2081 53.956 -11.5015 1 ) ( -74.1787 53.9467 -11.5138 1 ) 
( -82.3179 55.8963 -11.3886 1 ) ( -82.2737 55.8919 -11.3576 1 ) ( -81.8878 55.8 -11.3339 1 ) ( -81.5286 55.7123 -11.3307 1 ) ( -81.1096 55.6324 -11.2591 1 ) ( -80.7225 55.5442 -11.2794 1 ) ( -80.2988 55.4518 -11.2487 1 ) ( -79.889 55.3555 -11.2407 1 ) ( -79.4716 55.2751 -11.2363 1 ) ( -79.0582 55.1812 -11.2331 1 ) ( -78.6445 55.0873 -11.2334 1 ) ( -78.2307 54.9945 -11.2382 1 ) ( -77.8171 54.9009 -11.2469 1 ) ( -77.405 54.8012 -11.2583 1 ) ( -76.9938 54.6977 -11.271 1 ) ( -76.58 54.6074 -11.2941 1 ) ( -76.1657 54.5204 -11.3192 1 ) ( -75.7512 54.4432 -11.3614 1 ) ( -75.3365 54.372 -11.4052 1 ) ( -74.9354 54.3006 -11.4489 1 ) ( -74.5671 54.237 -11.4607 1 ) ( -74.1841 54.1295 -11.5577 1 ) ( -74.1526 54.1173 -11.5749 1 ) 
( -82.2842 56.0466 -11.4439 1 ) ( -82.2421 56.0469 -11.397 1 ) ( -81.8652 55.9471 -11.4207 1 ) ( -81.518 55.8587 -11.4382 1 ) ( -81.1062 55.7902 -11.3285 1 ) ( -80.7131 55.6929 -11.3743 1 ) ( -80.2886 55.6036 -11.3336 1 ) ( -79.8759 55.5062 -11.3287 1 ) ( -79.4567 55.4243 -11.3229 1 ) ( -79.041 55.3297 -11.3201 1 ) ( -78.6251 55.235 -11.3204 1 ) ( -78.2092 55.141 -11.3256 1 ) ( -77.7934 55.0462 -11.3347 1 ) ( -77.3791 54.9457 -11.3469 1 ) ( -76.9657 54.8413 -11.3605 1 ) ( -76.55 54.7494 -11.3848 1 ) ( -76.134 54.6583 -11.4088 1 ) ( -75.7171 54.5838 -11.4592 1 ) ( -75.3007 54.5187 -11.503 1 ) ( -74.8957 54.4386 -11.5602 1 ) ( -74.5396 54.3756 -11.5467 1 ) ( -74.1681 54.2757 -11.6035 1 ) ( -74.1348 54.2611 -11.6249 1 ) 
( -82.2507 56.2255 -11.5005 1 ) ( -82.2113 56.2316 -11.4347 1 ) ( -81.846 56.1229 -11.5161 1 ) ( -81.5137 56.0343 -11.5593 1 ) ( -81.1116 55.98 -11.4049 1 ) ( -80.7119 55.8724 -11.4821 1 ) ( -80.2873 55.7876 -11.4302 1 ) ( -79.872 55.6894 -11.43 1 ) ( -79.4514 55.6065 -11.4234 1 ) ( -79.0339 55.5115 -11.422 1 ) ( -78.6162 55.4166 -11.4233 1 ) ( -78.1985 55.3219 -11.4299 1 ) ( -77.781 55.2261 -11.4404 1 ) ( -77.3649 55.1253 -11.4544 1 ) ( -76.9497 55.0207 -11.47 1 ) ( -76.5324 54.9274 -11.4967 1 ) ( -76.1154 54.832 -11.5203 1 ) ( -75.6964 54.7615 -11.5816 1 ) ( -75.2786 54.7043 -11.6261 1 ) ( -74.8697 54.6144 -11.7005 1 ) ( -74.5292 54.5526 -11.6575 1 ) ( -74.1723 54.4626 -11.667 1 ) ( -74.1369 54.4452 -11.6935 1 ) 
( -82.2061 56.3988 -11.5697 1 ) ( -82.1692 56.4104 -11.4856 1 ) ( -81.8149 56.2926 -11.6214 1 ) ( -81.497 56.2033 -11.6884 1 ) ( -81.1039 56.1621 -11.4902 1 ) ( -80.6978 56.0441 -11.5966 1 ) ( -80.2732 55.9629 -11.5331 1 ) ( -79.8553 55.8635 -11.5365 1 ) ( -79.4332 55.7789 -11.5282 1 ) ( -79.0137 55.6832 -11.5272 1 ) ( -78.5942 55.5874 -11.5286 1 ) ( -78.1747 55.4914 -11.5355 1 ) ( -77.7556 55.3943 -11.5465 1 ) ( -77.3376 55.2926 -11.5613 1 ) ( -76.9205 55.1871 -11.5779 1 ) ( -76.5017 55.092 -11.606 1 ) ( -76.0835 54.9919 -11.6282 1 ) ( -75.6625 54.9246 -11.6989 1 ) ( -75.2433 54.8744 -11.7433 1 ) ( -74.8305 54.7746 -11.8333 1 ) ( -74.5048 54.7135 -11.7611 1 ) ( -74.1618 54.6324 -11.7245 1 ) ( -74.1244 54.6122 -11.7558 1 ) 
( -82.1424 56.5636 -11.666 1 ) ( -82.1076 56.58 -11.5648 1 ) ( -81.7611 56.4519 -11.7486 1 ) ( -81.4542 56.36 -11.8354 1 ) ( -81.067 56.3288 -11.594 1 ) ( -80.6527 56.1994 -11.7253 1 ) ( -80.2255 56.1195 -11.6486 1 ) ( -79.8027 56.0169 -11.6529 1 ) ( -79.3769 55.9289 -11.6406 1 ) ( -78.9531 55.8304 -11.6375 1 ) ( -78.5294 55.7318 -11.6366 1 ) ( -78.1059 55.6327 -11.6413 1 ) ( -77.6826 55.5322 -11.6503 1 ) ( -77.2605 55.4278 -11.6635 1 ) ( -76.8393 55.3195 -11.6786 1 ) ( -76.4165 55.2206 -11.7055 1 ) ( -75.9948 55.1142 -11.7241 1 ) ( -75.5694 55.0479 -11.8012 1 ) ( -75.1465 55.0022 -11.8429 1 ) ( -74.7278 54.8912 -11.9451 1 ) ( -74.4135 54.8289 -11.8436 1 ) ( -74.0809 54.7539 -11.7616 1 ) ( -74.0415 54.731 -11.7972 1 ) 
( -82.1387 56.7218 -11.738 1 ) ( -82.1054 56.7433 -11.6184 1 ) ( -81.761 56.6031 -11.8538 1 ) ( -81.46 56.5075 -11.962 1 ) ( -81.0724 56.486 -11.6748 1 ) ( -80.6436 56.3433 -11.8329 1 ) ( -80.2069 56.2638 -11.7423 1 ) ( -79.7727 56.1568 -11.7478 1 ) ( -79.3364 56.0639 -11.7316 1 ) ( -78.9018 55.9614 -11.7265 1 ) ( -78.4673 55.8588 -11.7232 1 ) ( -78.033 55.7552 -11.726 1 ) ( -77.5991 55.6502 -11.7331 1 ) ( -77.1661 55.5418 -11.7447 1 ) ( -76.7341 55.4293 -11.7585 1 ) ( -76.3008 55.3255 -11.7844 1 ) ( -75.869 55.2113 -11.7994 1 ) ( -75.4326 55.1449 -11.8835 1 ) ( -74.9993 55.103 -11.9227 1 ) ( -74.5682 54.9792 -12.0381 1 ) ( -74.2603 54.9146 -11.9056 1 ) ( -73.9321 54.845 -11.7753 1 ) ( -73.89 54.8191 -11.8154 1 ) 
( -82.3031 56.8489 -11.7126 1 ) ( -82.2702 56.8759 -11.5735 1 ) ( -81.9181 56.723 -11.8679 1 ) ( -81.6144 56.6238 -12.0022 1 ) ( -81.216 56.6131 -11.6688 1 ) ( -80.7622 56.4564 -11.8588 1 ) ( -80.305 56.3777 -11.7565 1 ) ( -79.8483 56.2663 -11.7665 1 ) ( -79.3907 56.1687 -11.7492 1 ) ( -78.9342 56.0623 -11.7452 1 ) ( -78.478 55.9556 -11.7427 1 ) ( -78.022 55.8476 -11.7465 1 ) ( -77.5665 55.7381 -11.7548 1 ) ( -77.1117 55.6257 -11.7679 1 ) ( -76.658 55.5092 -11.7835 1 ) ( -76.2032 55.4003 -11.8116 1 ) ( -75.7504 55.2781 -11.8258 1 ) ( -75.292 55.2121 -11.9207 1 ) ( -74.8374 55.1746 -11.9605 1 ) ( -74.3834 55.0372 -12.0932 1 ) ( -74.0729 54.9705 -11.9301 1 ) ( -73.739 54.9073 -11.751 1 ) ( -73.6933 54.8782 -11.7963 1 ) 
( -82.4837 56.9551 -11.6402 1 ) ( -82.4512 56.9875 -11.4819 1 ) ( -82.0915 56.8216 -11.8341 1 ) ( -81.785 56.7184 -11.9939 1 ) ( -81.3757 56.7179 -11.6144 1 ) ( -80.8971 56.547 -11.8356 1 ) ( -80.4195 56.4686 -11.7212 1 ) ( -79.9406 56.3524 -11.7353 1 ) ( -79.4619 56.2495 -11.7165 1 ) ( -78.9837 56.1388 -11.7132 1 ) ( -78.5059 56.0277 -11.711 1 ) ( -78.0284 55.9149 -11.7155 1 ) ( -77.5514 55.8004 -11.7246 1 ) ( -77.0751 55.6835 -11.7388 1 ) ( -76.5998 55.5627 -11.7557 1 ) ( -76.1237 55.4483 -11.7856 1 ) ( -75.65 55.3176 -11.7986 1 ) ( -75.1699 55.2516 -11.9039 1 ) ( -74.6941 55.218 -11.9437 1 ) ( -74.2174 55.0668 -12.0932 1 ) ( -73.9042 54.9976 -11.8994 1 ) ( -73.5647 54.9401 -11.6717 1 ) ( -73.5154 54.9078 -11.7221 1 ) 
( -82.6093 57.0418 -11.5672 1 ) ( -82.5774 57.0787 -11.3922 1 ) ( -82.2142 56.9012 -11.7925 1 ) ( -81.9082 56.7942 -11.9727 1 ) ( -81.4927 56.8019 -11.5523 1 ) ( -80.9958 56.6185 -11.7989 1 ) ( -80.5039 56.5397 -11.6727 1 ) ( -80.0091 56.419 -11.6888 1 ) ( -79.5152 56.3112 -11.6673 1 ) ( -79.0216 56.1963 -11.6632 1 ) ( -78.5285 56.081 -11.6598 1 ) ( -78.0356 55.9636 -11.6634 1 ) ( -77.5433 55.8444 -11.6717 1 ) ( -77.0516 55.7233 -11.6854 1 ) ( -76.5609 55.5982 -11.702 1 ) ( -76.0696 55.4787 -11.7319 1 ) ( -75.5812 55.3403 -11.7425 1 ) ( -75.0855 55.2737 -11.8552 1 ) ( -74.5947 55.243 -11.8936 1 ) ( -74.1015 55.0795 -12.0561 1 ) ( -73.7889 55.0077 -11.8348 1 ) ( -73.4477 54.9546 -11.564 1 ) ( -73.3955 54.9196 -11.6186 1 ) 
( -82.7401 57.1345 -11.476 1 ) ( -82.7092 57.1765 -11.2824 1 ) ( -82.3436 56.9859 -11.7354 1 ) ( -82.0395 56.8745 -11.9376 1 ) ( -81.6189 56.891 -11.4708 1 ) ( -81.1029 56.6934 -11.7449 1 ) ( -80.5968 56.6142 -11.6048 1 ) ( -80.0857 56.4881 -11.6224 1 ) ( -79.5767 56.3747 -11.5971 1 ) ( -79.0674 56.2548 -11.5912 1 ) ( -78.5586 56.1346 -11.5857 1 ) ( -78.0503 56.0118 -11.5876 1 ) ( -77.5425 55.8872 -11.5942 1 ) ( -77.0352 55.7611 -11.6066 1 ) ( -76.5289 55.6311 -11.622 1 ) ( -76.0224 55.5057 -11.6512 1 ) ( -75.5191 55.3585 -11.6583 1 ) ( -75.0076 55.2911 -11.7784 1 ) ( -74.5017 55.2635 -11.8145 1 ) ( -73.9915 55.0861 -11.9907 1 ) ( -73.6811 55.0111 -11.738 1 ) ( -73.3397 54.9628 -11.4184 1 ) ( -73.2843 54.9246 -11.4777 1 ) 
( -82.7517 57.1433 -11.4666 1 ) ( -82.7209 57.1858 -11.2712 1 ) ( -82.3551 56.9938 -11.7293 1 ) ( -82.0511 56.8819 -11.9337 1 ) ( -81.63 56.8993 -11.4623 1 ) ( -81.1122 56.7003 -11.7391 1 ) ( -80.6047 56.621 -11.5977 1 ) ( -80.092 56.4944 -11.6154 1 ) ( -79.5815 56.3804 -11.5897 1 ) ( -79.0707 56.26 -11.5836 1 ) ( -78.5605 56.1393 -11.5779 1 ) ( -78.0507 56.016 -11.5795 1 ) ( -77.5414 55.8907 -11.586 1 ) ( -77.0325 55.7642 -11.5983 1 ) ( -76.5247 55.6337 -11.6136 1 ) ( -76.0167 55.5076 -11.6427 1 ) ( -75.5119 55.3595 -11.6494 1 ) ( -74.9989 55.292 -11.7702 1 ) ( -74.4915 55.2646 -11.8061 1 ) ( -73.9797 55.0859 -11.9836 1 ) ( -73.6695 55.0106 -11.7279 1 ) ( -73.328 54.9627 -11.4034 1 ) ( -73.2724 54.9243 -11.4632 1 ) 
