 Knots U 
0 0 0 0 0.105916 0.211074 0.314794 0.415663 0.514999 0.613336 0.709964 0.80559 0.902526 1 1 1 1 
 Knots V 
0 0 0 0 0.100001 0.200043 0.300381 0.399907 0.500231 0.600887 0.700738 0.80182 0.901396 1 1 1 1 
 Poles & Weights 
( -74.4863 53.3582 2.4122 1 ) ( -74.4692 53.3504 2.41018 1 ) ( -74.2942 53.2541 2.39943 1 ) ( -74.1551 53.1662 2.35248 1 ) ( -74.0004 53.0623 2.26928 1 ) ( -73.8673 52.9741 2.15304 1 ) ( -73.7499 52.9037 2.01063 1 ) ( -73.64 52.8303 1.85809 1 ) ( -73.5503 52.7621 1.69422 1 ) ( -73.5155 52.7195 1.50002 1 ) ( -73.5153 52.6986 1.32603 1 ) ( -73.4972 52.6547 1.14057 1 ) ( -73.5004 52.6527 1.11842 1 ) 
( -74.4978 53.4406 2.40339 1 ) ( -74.4805 53.4322 2.40083 1 ) ( -74.3028 53.3299 2.38634 1 ) ( -74.1615 53.2368 2.33631 1 ) ( -74.0044 53.1266 2.24984 1 ) ( -73.8691 53.032 2.13063 1 ) ( -73.7498 52.9549 1.98504 1 ) ( -73.638 52.8751 1.82993 1 ) ( -73.5467 52.8006 1.66315 1 ) ( -73.5098 52.7511 1.46599 1 ) ( -73.5075 52.7243 1.28973 1 ) ( -73.4878 52.6744 1.10093 1 ) ( -73.4907 52.6717 1.0785 1 ) 
( -74.1941 53.9612 2.28484 1 ) ( -74.1785 53.9508 2.28083 1 ) ( -74.0105 53.8328 2.26449 1 ) ( -73.8791 53.7257 2.21451 1 ) ( -73.7348 53.598 2.13186 1 ) ( -73.614 53.4842 2.0184 1 ) ( -73.5129 53.3858 1.87673 1 ) ( -73.4175 53.2858 1.73123 1 ) ( -73.3459 53.1918 1.57053 1 ) ( -73.3257 53.12 1.38098 1 ) ( -73.3345 53.0734 1.2127 1 ) ( -73.3341 53.0075 1.02542 1 ) ( -73.338 53.0027 1.0043 1 ) 
( -73.8732 54.3515 2.09524 1 ) ( -73.8595 54.3393 2.0901 1 ) ( -73.703 54.208 2.07342 1 ) ( -73.583 54.089 2.02456 1 ) ( -73.4531 53.9464 1.9465 1 ) ( -73.3483 53.8163 1.83927 1 ) ( -73.2659 53.6997 1.70226 1 ) ( -73.188 53.5823 1.56632 1 ) ( -73.1368 53.4718 1.41213 1 ) ( -73.1345 53.381 1.23048 1 ) ( -73.1556 53.3175 1.0702 1 ) ( -73.1752 53.2379 0.88547 1 ) ( -73.1803 53.2312 0.865622 1 ) 
( -73.5809 54.8478 1.82748 1 ) ( -73.568 54.8334 1.82214 1 ) ( -73.4131 54.6843 1.81563 1 ) ( -73.296 54.5496 1.77734 1 ) ( -73.1707 54.3873 1.71565 1 ) ( -73.0724 54.2358 1.62646 1 ) ( -73.0001 54.0957 1.50566 1 ) ( -72.9308 53.9559 1.39168 1 ) ( -72.8915 53.8238 1.2558 1 ) ( -72.8975 53.7083 1.09469 1 ) ( -72.9226 53.6231 0.953109 1 ) ( -72.9539 53.5254 0.781891 1 ) ( -72.959 53.5163 0.764781 1 ) 
( -73.2372 55.2356 1.48776 1 ) ( -73.2258 55.2199 1.48316 1 ) ( -73.0768 55.0619 1.49534 1 ) ( -72.9665 54.9192 1.47497 1 ) ( -72.8502 54.7464 1.43828 1 ) ( -72.763 54.5826 1.37547 1 ) ( -72.7051 54.428 1.27933 1 ) ( -72.6485 54.2748 1.19554 1 ) ( -72.6253 54.1301 1.08627 1 ) ( -72.6443 53.9996 0.954412 1 ) ( -72.6773 53.9006 0.838699 1 ) ( -72.7244 53.7935 0.689316 1 ) ( -72.73 53.7831 0.675888 1 ) 
( -72.9132 55.5694 1.08534 1 ) ( -72.9031 55.5519 1.08037 1 ) ( -72.7607 55.3805 1.10086 1 ) ( -72.6575 55.2257 1.08938 1 ) ( -72.5508 55.0378 1.06696 1 ) ( -72.4749 54.8571 1.02009 1 ) ( -72.4318 54.6834 0.938104 1 ) ( -72.3885 54.5122 0.87407 1 ) ( -72.3819 54.3504 0.781006 1 ) ( -72.4142 54.1999 0.667437 1 ) ( -72.4554 54.0831 0.568521 1 ) ( -72.5187 53.9622 0.430699 1 ) ( -72.5249 53.9499 0.419749 1 ) 
( -72.5673 55.8343 0.647233 1 ) ( -72.5585 55.8155 0.642503 1 ) ( -72.4217 55.6345 0.676884 1 ) ( -72.325 55.4712 0.679133 1 ) ( -72.2268 55.272 0.676716 1 ) ( -72.1615 55.0784 0.65134 1 ) ( -72.1323 54.8896 0.589118 1 ) ( -72.1014 54.7044 0.55037 1 ) ( -72.1104 54.5293 0.47905 1 ) ( -72.1552 54.3631 0.389597 1 ) ( -72.2039 54.2319 0.312289 1 ) ( -72.2826 54.101 0.191527 1 ) ( -72.2893 54.0872 0.183691 1 ) 
( -72.1758 55.9443 0.180163 1 ) ( -72.1687 55.9254 0.175875 1 ) ( -72.0416 55.7469 0.226204 1 ) ( -71.9548 55.5855 0.244 1 ) ( -71.8696 55.3876 0.263771 1 ) ( -71.8189 55.1931 0.262056 1 ) ( -71.8078 55.0013 0.221745 1 ) ( -71.7935 54.814 0.210484 1 ) ( -71.8223 54.6378 0.163062 1 ) ( -71.8839 54.4685 0.100011 1 ) ( -71.9437 54.3333 0.0462194 1 ) ( -72.0419 54.2043 -0.055406 1 ) ( -72.0495 54.1906 -0.0598703 1 ) 
( -71.8055 55.9629 -0.332606 1 ) ( -71.8 55.9444 -0.336366 1 ) ( -71.6801 55.7727 -0.269132 1 ) ( -71.6014 55.6169 -0.234933 1 ) ( -71.5267 55.4247 -0.191907 1 ) ( -71.4884 55.2336 -0.168894 1 ) ( -71.4931 55.0432 -0.186248 1 ) ( -71.4931 54.8581 -0.168904 1 ) ( -71.5396 54.6849 -0.191362 1 ) ( -71.6156 54.5169 -0.226871 1 ) ( -71.6845 54.3815 -0.25618 1 ) ( -71.7999 54.2587 -0.337676 1 ) ( -71.8083 54.2454 -0.338637 1 ) 
( -71.5292 55.9512 -0.786579 1 ) ( -71.5244 55.9331 -0.789866 1 ) ( -71.4059 55.7672 -0.708052 1 ) ( -71.3297 55.6163 -0.659728 1 ) ( -71.2588 55.4289 -0.596727 1 ) ( -71.2261 55.2408 -0.552495 1 ) ( -71.2394 55.0515 -0.55013 1 ) ( -71.2467 54.8684 -0.508278 1 ) ( -71.3032 54.6978 -0.509318 1 ) ( -71.3863 54.5311 -0.521209 1 ) ( -71.4586 54.3955 -0.529539 1 ) ( -71.5839 54.278 -0.593721 1 ) ( -71.5923 54.2651 -0.591683 1 ) 
( -71.168 55.7746 -1.27737 1 ) ( -71.1668 55.7565 -1.2808 1 ) ( -71.0741 55.5943 -1.18845 1 ) ( -71.0219 55.4463 -1.12927 1 ) ( -70.9806 55.2615 -1.0496 1 ) ( -70.9788 55.0737 -0.987066 1 ) ( -71.0266 54.8826 -0.968193 1 ) ( -71.0667 54.6987 -0.904157 1 ) ( -71.1592 54.5281 -0.886623 1 ) ( -71.2763 54.3594 -0.877715 1 ) ( -71.3738 54.221 -0.867141 1 ) ( -71.5346 54.1065 -0.917501 1 ) ( -71.5458 54.0937 -0.912701 1 ) 
( -71.1395 55.7655 -1.32766 1 ) ( -71.1386 55.7473 -1.33112 1 ) ( -71.0483 55.584 -1.23782 1 ) ( -70.9983 55.435 -1.17766 1 ) ( -70.9598 55.2489 -1.09645 1 ) ( -70.9609 55.0597 -1.03222 1 ) ( -71.012 54.8669 -1.01182 1 ) ( -71.0551 54.6814 -0.945712 1 ) ( -71.1511 54.5094 -0.926453 1 ) ( -71.2713 54.339 -0.915609 1 ) ( -71.3712 54.1989 -0.903269 1 ) ( -71.5354 54.0834 -0.952364 1 ) ( -71.5468 54.0704 -0.947306 1 ) 
