 Knots U 
0 0 0 0 0.100897 0.200447 0.299594 0.399691 0.500016 0.59995 0.700073 0.800077 0.899663 1 1 1 1 
 Knots V 
0 0 0 0 0.05 0.1 0.15 0.2 0.25 0.3 0.35 0.4 0.45 0.5 0.55 0.6 0.65 0.7 0.75 0.8 0.85 0.9 0.95 1 1 1 1 
 Poles & Weights 
( -83.8169 44.5653 27.1771 1 ) ( -83.8051 44.5888 27.1764 1 ) ( -83.7061 44.793 27.1695 1 ) ( -83.6005 44.963 27.1668 1 ) ( -83.4421 45.1392 27.1715 1 ) ( -83.2562 45.2713 27.1802 1 ) ( -83.0483 45.3716 27.1825 1 ) ( -82.8265 45.4343 27.1726 1 ) ( -82.6006 45.4636 27.1693 1 ) ( -82.3633 45.4542 27.1758 1 ) ( -82.1668 45.4137 27.1801 1 ) ( -81.9544 45.3324 27.1813 1 ) ( -81.9301 45.3251 27.1817 1 ) 
( -83.799 44.5653 27.1083 1 ) ( -83.7872 44.5888 27.1075 1 ) ( -83.6882 44.7929 27.1006 1 ) ( -83.5826 44.963 27.098 1 ) ( -83.4242 45.1392 27.1026 1 ) ( -83.2383 45.2713 27.1113 1 ) ( -83.0304 45.3715 27.1136 1 ) ( -82.8087 45.4343 27.1037 1 ) ( -82.5828 45.4636 27.1005 1 ) ( -82.3455 45.4542 27.1069 1 ) ( -82.149 45.4138 27.1112 1 ) ( -81.9367 45.3324 27.1124 1 ) ( -81.9123 45.3251 27.1128 1 ) 
( -83.639 44.5649 26.4938 1 ) ( -83.6273 44.5884 26.493 1 ) ( -83.5282 44.7924 26.4861 1 ) ( -83.4227 44.9624 26.4834 1 ) ( -83.2644 45.1386 26.4878 1 ) ( -83.0788 45.2708 26.4961 1 ) ( -82.8712 45.3713 26.4983 1 ) ( -82.6496 45.4342 26.4888 1 ) ( -82.4238 45.4637 26.4857 1 ) ( -82.1866 45.4544 26.4919 1 ) ( -81.9902 45.4138 26.496 1 ) ( -81.778 45.3324 26.4971 1 ) ( -81.7537 45.3251 26.4974 1 ) 
( -83.4989 44.5646 25.9554 1 ) ( -83.4871 44.5881 25.9546 1 ) ( -83.3881 44.792 25.9477 1 ) ( -83.2826 44.9618 25.9449 1 ) ( -83.1245 45.1381 25.949 1 ) ( -82.939 45.2704 25.957 1 ) ( -82.7316 45.371 25.9592 1 ) ( -82.5102 45.4342 25.9501 1 ) ( -82.2845 45.4638 25.9471 1 ) ( -82.0474 45.4545 25.953 1 ) ( -81.8511 45.4139 25.9569 1 ) ( -81.639 45.3324 25.958 1 ) ( -81.6147 45.3251 25.9583 1 ) 
( -83.332 44.5642 25.3142 1 ) ( -83.3202 44.5877 25.3135 1 ) ( -83.2212 44.7914 25.3066 1 ) ( -83.1158 44.9612 25.3036 1 ) ( -82.9578 45.1375 25.3074 1 ) ( -82.7726 45.2699 25.3151 1 ) ( -82.5654 45.3708 25.3172 1 ) ( -82.3442 45.4341 25.3085 1 ) ( -82.1186 45.4639 25.3057 1 ) ( -81.8816 45.4546 25.3113 1 ) ( -81.6854 45.414 25.315 1 ) ( -81.4735 45.3324 25.316 1 ) ( -81.4492 45.325 25.3163 1 ) 
( -83.1723 44.5638 24.7006 1 ) ( -83.1605 44.5873 24.6999 1 ) ( -83.0615 44.7909 24.6929 1 ) ( -82.9561 44.9606 24.6899 1 ) ( -82.7983 45.1369 24.6934 1 ) ( -82.6133 45.2695 24.7007 1 ) ( -82.4064 45.3705 24.7028 1 ) ( -82.1853 45.4341 24.6945 1 ) ( -81.9598 45.464 24.6918 1 ) ( -81.7229 45.4547 24.6971 1 ) ( -81.5269 45.414 24.7006 1 ) ( -81.3151 45.3324 24.7015 1 ) ( -81.2908 45.325 24.7018 1 ) 
( -83.0106 44.5635 24.0796 1 ) ( -82.9989 44.5869 24.0789 1 ) ( -82.8998 44.7904 24.0719 1 ) ( -82.7945 44.96 24.0688 1 ) ( -82.6369 45.1363 24.072 1 ) ( -82.4521 45.269 24.079 1 ) ( -82.2454 45.3702 24.081 1 ) ( -82.0245 45.4341 24.0731 1 ) ( -81.7991 45.4641 24.0705 1 ) ( -81.5624 45.4548 24.0756 1 ) ( -81.3664 45.4141 24.0789 1 ) ( -81.1548 45.3324 24.0797 1 ) ( -81.1305 45.325 24.08 1 ) 
( -82.8495 44.5631 23.4606 1 ) ( -82.8377 44.5865 23.4599 1 ) ( -82.7387 44.7898 23.4529 1 ) ( -82.6335 44.9594 23.4497 1 ) ( -82.4759 45.1357 23.4526 1 ) ( -82.2914 45.2686 23.4592 1 ) ( -82.0849 45.37 23.4611 1 ) ( -81.8642 45.434 23.4537 1 ) ( -81.639 45.4642 23.4512 1 ) ( -81.4023 45.4549 23.456 1 ) ( -81.2064 45.4142 23.4591 1 ) ( -80.995 45.3324 23.4599 1 ) ( -80.9707 45.325 23.4601 1 ) 
( -82.6882 44.5627 22.8411 1 ) ( -82.6765 44.5861 22.8403 1 ) ( -82.5774 44.7893 22.8334 1 ) ( -82.4723 44.9588 22.8301 1 ) ( -82.3149 45.1351 22.8327 1 ) ( -82.1306 45.2681 22.8389 1 ) ( -81.9244 45.3697 22.8408 1 ) ( -81.7038 45.434 22.8337 1 ) ( -81.4787 45.4643 22.8314 1 ) ( -81.2421 45.455 22.836 1 ) ( -81.0464 45.4142 22.8389 1 ) ( -80.835 45.3324 22.8395 1 ) ( -80.8108 45.325 22.8397 1 ) 
( -82.527 44.5624 22.2217 1 ) ( -82.5152 44.5857 22.2209 1 ) ( -82.4162 44.7888 22.214 1 ) ( -82.3111 44.9582 22.2106 1 ) ( -82.1539 45.1345 22.2129 1 ) ( -81.9698 45.2677 22.2188 1 ) ( -81.7638 45.3694 22.2206 1 ) ( -81.5434 45.4339 22.2139 1 ) ( -81.3184 45.4644 22.2118 1 ) ( -81.082 45.4551 22.216 1 ) ( -80.8863 45.4143 22.2187 1 ) ( -80.6751 45.3324 22.2193 1 ) ( -80.6509 45.325 22.2195 1 ) 
( -82.3658 44.562 21.6023 1 ) ( -82.354 44.5853 21.6015 1 ) ( -82.255 44.7883 21.5945 1 ) ( -82.1499 44.9576 21.591 1 ) ( -81.9928 45.134 21.593 1 ) ( -81.809 45.2672 21.5986 1 ) ( -81.6032 45.3692 21.6003 1 ) ( -81.383 45.4339 21.5941 1 ) ( -81.1581 45.4645 21.5921 1 ) ( -80.9218 45.4553 21.596 1 ) ( -80.7262 45.4144 21.5985 1 ) ( -80.5152 45.3324 21.599 1 ) ( -80.491 45.325 21.5992 1 ) 
( -82.2045 44.5616 20.9828 1 ) ( -82.1928 44.5849 20.9821 1 ) ( -82.0938 44.7877 20.9751 1 ) ( -81.9887 44.957 20.9715 1 ) ( -81.8318 45.1334 20.9732 1 ) ( -81.6482 45.2667 20.9784 1 ) ( -81.4427 45.3689 20.9801 1 ) ( -81.2226 45.4339 20.9743 1 ) ( -80.9979 45.4646 20.9724 1 ) ( -80.7616 45.4554 20.9761 1 ) ( -80.5662 45.4145 20.9784 1 ) ( -80.3553 45.3324 20.9787 1 ) ( -80.3311 45.325 20.9789 1 ) 
( -82.0433 44.5612 20.3634 1 ) ( -82.0315 44.5846 20.3626 1 ) ( -81.9325 44.7872 20.3557 1 ) ( -81.8275 44.9564 20.352 1 ) ( -81.6708 45.1328 20.3534 1 ) ( -81.4875 45.2663 20.3582 1 ) ( -81.2821 45.3686 20.3598 1 ) ( -81.0622 45.4338 20.3544 1 ) ( -80.8376 45.4647 20.3527 1 ) ( -80.6015 45.4555 20.3561 1 ) ( -80.4061 45.4145 20.3582 1 ) ( -80.1953 45.3324 20.3585 1 ) ( -80.1712 45.325 20.3586 1 ) 
( -81.882 44.5609 19.744 1 ) ( -81.8703 44.5842 19.7432 1 ) ( -81.7713 44.7867 19.7362 1 ) ( -81.6663 44.9558 19.7324 1 ) ( -81.5097 45.1322 19.7335 1 ) ( -81.3267 45.2658 19.7381 1 ) ( -81.1216 45.3684 19.7396 1 ) ( -80.9019 45.4338 19.7346 1 ) ( -80.6773 45.4648 19.733 1 ) ( -80.4413 45.4556 19.7361 1 ) ( -80.2461 45.4146 19.738 1 ) ( -80.0354 45.3324 19.7382 1 ) ( -80.0113 45.325 19.7383 1 ) 
( -81.7208 44.5605 19.1246 1 ) ( -81.7091 44.5838 19.1238 1 ) ( -81.6101 44.7861 19.1168 1 ) ( -81.5052 44.9552 19.1129 1 ) ( -81.3487 45.1316 19.1137 1 ) ( -81.1659 45.2654 19.1179 1 ) ( -80.961 45.3681 19.1194 1 ) ( -80.7415 45.4337 19.1148 1 ) ( -80.5171 45.4649 19.1133 1 ) ( -80.2811 45.4557 19.1162 1 ) ( -80.086 45.4147 19.1179 1 ) ( -79.8755 45.3324 19.118 1 ) ( -79.8514 45.325 19.1181 1 ) 
( -81.5595 44.5601 18.505 1 ) ( -81.5478 44.5834 18.5043 1 ) ( -81.4488 44.7856 18.4973 1 ) ( -81.3439 44.9546 18.4933 1 ) ( -81.1877 45.131 18.4938 1 ) ( -81.005 45.2649 18.4976 1 ) ( -80.8004 45.3678 18.499 1 ) ( -80.581 45.4337 18.4948 1 ) ( -80.3568 45.465 18.4935 1 ) ( -80.121 45.4558 18.4961 1 ) ( -79.9259 45.4148 18.4976 1 ) ( -79.7156 45.3324 18.4976 1 ) ( -79.6914 45.325 18.4977 1 ) 
( -81.3984 44.5598 17.886 1 ) ( -81.3867 44.583 17.8852 1 ) ( -81.2877 44.7851 17.8782 1 ) ( -81.1829 44.954 17.8742 1 ) ( -81.0268 45.1304 17.8744 1 ) ( -80.8444 45.2645 17.8779 1 ) ( -80.64 45.3676 17.8792 1 ) ( -80.4208 45.4336 17.8754 1 ) ( -80.1966 45.465 17.8742 1 ) ( -79.9609 45.4559 17.8765 1 ) ( -79.766 45.4148 17.8778 1 ) ( -79.5558 45.3324 17.8778 1 ) ( -79.5316 45.3249 17.8778 1 ) 
( -81.2368 44.5594 17.2651 1 ) ( -81.225 44.5826 17.2643 1 ) ( -81.126 44.7846 17.2572 1 ) ( -81.0213 44.9534 17.2531 1 ) ( -80.8653 45.1299 17.253 1 ) ( -80.6832 45.264 17.2561 1 ) ( -80.479 45.3673 17.2574 1 ) ( -80.26 45.4336 17.254 1 ) ( -80.0359 45.4651 17.253 1 ) ( -79.8003 45.456 17.255 1 ) ( -79.6055 45.4149 17.2561 1 ) ( -79.3954 45.3324 17.256 1 ) ( -79.3713 45.3249 17.256 1 ) 
( -81.077 44.559 16.6514 1 ) ( -81.0653 44.5822 16.6506 1 ) ( -80.9663 44.784 16.6436 1 ) ( -80.8616 44.9528 16.6394 1 ) ( -80.7058 45.1293 16.639 1 ) ( -80.5239 45.2635 16.6418 1 ) ( -80.3199 45.367 16.643 1 ) ( -80.1011 45.4336 16.64 1 ) ( -79.8771 45.4652 16.6391 1 ) ( -79.6417 45.4562 16.6409 1 ) ( -79.447 45.415 16.6418 1 ) ( -79.237 45.3324 16.6415 1 ) ( -79.2129 45.3249 16.6415 1 ) 
( -80.9102 44.5586 16.0103 1 ) ( -80.8984 44.5818 16.0095 1 ) ( -80.7994 44.7835 16.0025 1 ) ( -80.6948 44.9522 15.9982 1 ) ( -80.5391 45.1287 15.9974 1 ) ( -80.3575 45.2631 15.9999 1 ) ( -80.1538 45.3668 16.001 1 ) ( -79.9351 45.4335 15.9985 1 ) ( -79.7113 45.4653 15.9977 1 ) ( -79.4759 45.4563 15.9992 1 ) ( -79.2813 45.415 15.9999 1 ) ( -79.0715 45.3324 15.9995 1 ) ( -79.0474 45.3249 15.9995 1 ) 
( -80.77 44.5583 15.4719 1 ) ( -80.7583 44.5815 15.4711 1 ) ( -80.6593 44.783 15.464 1 ) ( -80.5547 44.9516 15.4597 1 ) ( -80.3992 45.1282 15.4586 1 ) ( -80.2177 45.2627 15.4608 1 ) ( -80.0142 45.3665 15.4618 1 ) ( -79.7957 45.4335 15.4597 1 ) ( -79.5719 45.4654 15.459 1 ) ( -79.3367 45.4564 15.4603 1 ) ( -79.1422 45.4151 15.4608 1 ) ( -78.9325 45.3324 15.4604 1 ) ( -78.9084 45.3249 15.4603 1 ) 
( -80.61 44.5579 14.8574 1 ) ( -80.5983 44.5811 14.8566 1 ) ( -80.4993 44.7825 14.8496 1 ) ( -80.3948 44.951 14.8451 1 ) ( -80.2394 45.1276 14.8437 1 ) ( -80.0582 45.2622 14.8455 1 ) ( -79.8549 45.3663 14.8465 1 ) ( -79.6366 45.4334 14.8448 1 ) ( -79.413 45.4655 14.8443 1 ) ( -79.1778 45.4565 14.8452 1 ) ( -78.9834 45.4152 14.8456 1 ) ( -78.7739 45.3324 14.8451 1 ) ( -78.7498 45.3249 14.845 1 ) 
( -80.5921 44.5579 14.7886 1 ) ( -80.5804 44.5811 14.7878 1 ) ( -80.4814 44.7825 14.7807 1 ) ( -80.3769 44.951 14.7762 1 ) ( -80.2215 45.1275 14.7749 1 ) ( -80.0403 45.2622 14.7766 1 ) ( -79.8371 45.3662 14.7776 1 ) ( -79.6187 45.4334 14.7759 1 ) ( -79.3951 45.4655 14.7754 1 ) ( -79.16 45.4565 14.7764 1 ) ( -78.9656 45.4152 14.7767 1 ) ( -78.7561 45.3324 14.7762 1 ) ( -78.732 45.3249 14.7761 1 ) 
