 Knots U 
0 0 0 0 0.100594 0.200195 0.299873 0.400041 0.499827 0.599756 0.700333 0.800018 0.899208 1 1 1 1 
 Knots V 
0 0 0 0 0.05 0.1 0.15 0.2 0.25 0.3 0.35 0.4 0.45 0.5 0.55 0.6 0.65 0.7 0.75 0.8 0.85 0.9 0.95 1 1 1 1 
 Poles & Weights 
( -81.1823 43.8125 27.1562 1 ) ( -81.1943 43.7879 27.1589 1 ) ( -81.2904 43.5653 27.1825 1 ) ( -81.3949 43.3783 27.1964 1 ) ( -81.5514 43.1768 27.1979 1 ) ( -81.7374 43.018 27.1878 1 ) ( -81.9534 42.8992 27.179 1 ) ( -82.19 42.8279 27.1758 1 ) ( -82.4307 42.7828 27.176 1 ) ( -82.685 42.7764 27.1765 1 ) ( -82.896 42.8205 27.1743 1 ) ( -83.121 42.914 27.1682 1 ) ( -83.148 42.9214 27.1681 1 ) 
( -81.1647 43.8125 27.0874 1 ) ( -81.1767 43.7879 27.0901 1 ) ( -81.2727 43.5653 27.1136 1 ) ( -81.3772 43.3783 27.1274 1 ) ( -81.5337 43.1768 27.1289 1 ) ( -81.7197 43.018 27.1189 1 ) ( -81.9357 42.8992 27.1101 1 ) ( -82.1722 42.8278 27.1069 1 ) ( -82.413 42.7828 27.1071 1 ) ( -82.6672 42.7764 27.1076 1 ) ( -82.8783 42.8206 27.1054 1 ) ( -83.1032 42.9141 27.0993 1 ) ( -83.1302 42.9215 27.0992 1 ) 
( -81.0074 43.8126 26.4734 1 ) ( -81.0193 43.788 26.4759 1 ) ( -81.1148 43.5651 26.4982 1 ) ( -81.2191 43.378 26.5114 1 ) ( -81.3755 43.1765 26.5128 1 ) ( -81.5615 43.0178 26.5033 1 ) ( -81.7774 42.8988 26.495 1 ) ( -82.0138 42.8271 26.4919 1 ) ( -82.2544 42.7823 26.492 1 ) ( -82.5087 42.7768 26.4926 1 ) ( -82.7197 42.8214 26.4904 1 ) ( -82.9445 42.9149 26.4847 1 ) ( -82.9715 42.9224 26.4846 1 ) 
( -80.8696 43.8128 25.9353 1 ) ( -80.8815 43.7881 25.9378 1 ) ( -80.9765 43.565 25.9591 1 ) ( -81.0805 43.3778 25.9716 1 ) ( -81.2368 43.1762 25.973 1 ) ( -81.4228 43.0176 25.9639 1 ) ( -81.6386 42.8984 25.9559 1 ) ( -81.8749 42.8264 25.953 1 ) ( -82.1156 42.7819 25.9531 1 ) ( -82.3698 42.7772 25.9536 1 ) ( -82.5807 42.8221 25.9516 1 ) ( -82.8054 42.9157 25.9461 1 ) ( -82.8324 42.9232 25.946 1 ) 
( -80.7055 43.8129 25.2946 1 ) ( -80.7173 43.7882 25.297 1 ) ( -80.8119 43.5649 25.317 1 ) ( -80.9155 43.3775 25.3289 1 ) ( -81.0716 43.1759 25.3302 1 ) ( -81.2576 43.0174 25.3216 1 ) ( -81.4734 42.898 25.3141 1 ) ( -81.7096 42.8256 25.3113 1 ) ( -81.9502 42.7815 25.3114 1 ) ( -82.2044 42.7776 25.3119 1 ) ( -82.4152 42.823 25.3099 1 ) ( -82.6398 42.9166 25.3048 1 ) ( -82.6667 42.9242 25.3047 1 ) 
( -80.5484 43.813 24.6814 1 ) ( -80.5602 43.7883 24.6836 1 ) ( -80.6542 43.5647 24.7026 1 ) ( -80.7576 43.3772 24.7138 1 ) ( -80.9136 43.1757 24.715 1 ) ( -81.0996 43.0171 24.7069 1 ) ( -81.3153 42.8976 24.6998 1 ) ( -81.5513 42.8248 24.6971 1 ) ( -81.7919 42.781 24.6972 1 ) ( -82.0462 42.778 24.6977 1 ) ( -82.2569 42.8238 24.6958 1 ) ( -82.4813 42.9175 24.691 1 ) ( -82.5082 42.9251 24.6909 1 ) 
( -80.3894 43.8132 24.0609 1 ) ( -80.4012 43.7884 24.063 1 ) ( -80.4947 43.5646 24.0807 1 ) ( -80.5978 43.3769 24.0913 1 ) ( -80.7536 43.1754 24.0924 1 ) ( -80.9397 43.0169 24.0848 1 ) ( -81.1553 42.8972 24.0781 1 ) ( -81.3912 42.824 24.0755 1 ) ( -81.6317 42.7806 24.0756 1 ) ( -81.886 42.7784 24.0761 1 ) ( -82.0966 42.8246 24.0744 1 ) ( -82.3209 42.9184 24.0698 1 ) ( -82.3478 42.9261 24.0698 1 ) 
( -80.231 43.8133 23.4423 1 ) ( -80.2427 43.7884 23.4442 1 ) ( -80.3357 43.5644 23.4609 1 ) ( -80.4384 43.3766 23.4707 1 ) ( -80.5942 43.1751 23.4718 1 ) ( -80.7802 43.0167 23.4647 1 ) ( -80.9959 42.8967 23.4584 1 ) ( -81.2316 42.8233 23.456 1 ) ( -81.472 42.7801 23.456 1 ) ( -81.7263 42.7788 23.4565 1 ) ( -81.9368 42.8254 23.4549 1 ) ( -82.161 42.9193 23.4506 1 ) ( -82.1878 42.927 23.4506 1 ) 
( -80.0724 43.8134 22.8232 1 ) ( -80.0841 43.7885 22.825 1 ) ( -80.1766 43.5643 22.8405 1 ) ( -80.279 43.3763 22.8496 1 ) ( -80.4346 43.1748 22.8506 1 ) ( -80.6207 43.0165 22.844 1 ) ( -80.8362 42.8963 22.8381 1 ) ( -81.0718 42.8225 22.8359 1 ) ( -81.3122 42.7797 22.8359 1 ) ( -81.5665 42.7793 22.8363 1 ) ( -81.7769 42.8262 22.8349 1 ) ( -82.0009 42.9202 22.8309 1 ) ( -82.0278 42.9279 22.8309 1 ) 
( -79.9139 43.8136 22.2043 1 ) ( -79.9255 43.7886 22.2059 1 ) ( -80.0175 43.5642 22.2202 1 ) ( -80.1196 43.376 22.2287 1 ) ( -80.2751 43.1745 22.2296 1 ) ( -80.4611 43.0162 22.2235 1 ) ( -80.6766 42.8959 22.2181 1 ) ( -80.9121 42.8217 22.2159 1 ) ( -81.1524 42.7792 22.2159 1 ) ( -81.4067 42.7797 22.2163 1 ) ( -81.6171 42.827 22.215 1 ) ( -81.8409 42.921 22.2114 1 ) ( -81.8678 42.9289 22.2113 1 ) 
( -79.7553 43.8137 21.5853 1 ) ( -79.7669 43.7887 21.5868 1 ) ( -79.8584 43.564 21.5999 1 ) ( -79.9602 43.3757 21.6077 1 ) ( -80.1156 43.1742 21.6086 1 ) ( -80.3016 43.016 21.603 1 ) ( -80.517 42.8955 21.5979 1 ) ( -80.7523 42.8209 21.5959 1 ) ( -80.9926 42.7788 21.5959 1 ) ( -81.2469 42.7801 21.5963 1 ) ( -81.4572 42.8278 21.5951 1 ) ( -81.6809 42.9219 21.5917 1 ) ( -81.7077 42.9298 21.5917 1 ) 
( -79.5968 43.8138 20.9663 1 ) ( -79.6083 43.7888 20.9676 1 ) ( -79.6993 43.5639 20.9797 1 ) ( -79.8008 43.3754 20.9868 1 ) ( -79.956 43.174 20.9875 1 ) ( -80.142 43.0158 20.9824 1 ) ( -80.3574 42.8951 20.9778 1 ) ( -80.5926 42.8202 20.9759 1 ) ( -80.8328 42.7783 20.9759 1 ) ( -81.0871 42.7805 20.9762 1 ) ( -81.2973 42.8286 20.9751 1 ) ( -81.5209 42.9228 20.9721 1 ) ( -81.5477 42.9307 20.9721 1 ) 
( -79.4382 43.814 20.3473 1 ) ( -79.4497 43.7889 20.3485 1 ) ( -79.5402 43.5637 20.3594 1 ) ( -79.6413 43.3751 20.3658 1 ) ( -79.7965 43.1737 20.3665 1 ) ( -79.9825 43.0156 20.3619 1 ) ( -80.1978 42.8947 20.3577 1 ) ( -80.4328 42.8194 20.3559 1 ) ( -80.673 42.7779 20.3559 1 ) ( -80.9273 42.7809 20.3562 1 ) ( -81.1374 42.8295 20.3552 1 ) ( -81.3609 42.9237 20.3525 1 ) ( -81.3877 42.9316 20.3525 1 ) 
( -79.2797 43.8141 19.7283 1 ) ( -79.2911 43.789 19.7294 1 ) ( -79.3811 43.5636 19.7391 1 ) ( -79.4819 43.3748 19.7448 1 ) ( -79.6369 43.1734 19.7455 1 ) ( -79.823 43.0153 19.7413 1 ) ( -80.0382 42.8942 19.7375 1 ) ( -80.2731 42.8186 19.7359 1 ) ( -80.5132 42.7775 19.7359 1 ) ( -80.7675 42.7813 19.7362 1 ) ( -80.9776 42.8303 19.7353 1 ) ( -81.2008 42.9246 19.7329 1 ) ( -81.2276 42.9326 19.7329 1 ) 
( -79.1211 43.8142 19.1093 1 ) ( -79.1325 43.7891 19.1103 1 ) ( -79.222 43.5634 19.1188 1 ) ( -79.3225 43.3745 19.1239 1 ) ( -79.4774 43.1731 19.1245 1 ) ( -79.6634 43.0151 19.1208 1 ) ( -79.8786 42.8938 19.1174 1 ) ( -80.1134 42.8178 19.116 1 ) ( -80.3535 42.777 19.1159 1 ) ( -80.6077 42.7817 19.1162 1 ) ( -80.8177 42.8311 19.1154 1 ) ( -81.0408 42.9255 19.1134 1 ) ( -81.0676 42.9335 19.1133 1 ) 
( -78.9626 43.8144 18.4902 1 ) ( -78.9739 43.7892 18.491 1 ) ( -79.0628 43.5633 18.4984 1 ) ( -79.1631 43.3742 18.5028 1 ) ( -79.3178 43.1728 18.5033 1 ) ( -79.5039 43.0149 18.5002 1 ) ( -79.719 42.8934 18.4972 1 ) ( -79.9536 42.8171 18.4959 1 ) ( -80.1936 42.7766 18.4958 1 ) ( -80.4479 42.7822 18.496 1 ) ( -80.6578 42.8319 18.4954 1 ) ( -80.8808 42.9263 18.4936 1 ) ( -80.9076 42.9344 18.4936 1 ) 
( -78.8041 43.8145 17.8716 1 ) ( -78.8154 43.7893 17.8723 1 ) ( -78.9038 43.5632 17.8786 1 ) ( -79.0038 43.3739 17.8823 1 ) ( -79.1584 43.1725 17.8827 1 ) ( -79.3444 43.0147 17.88 1 ) ( -79.5595 42.893 17.8775 1 ) ( -79.794 42.8163 17.8763 1 ) ( -80.034 42.7761 17.8762 1 ) ( -80.2882 42.7826 17.8764 1 ) ( -80.4981 42.8327 17.8759 1 ) ( -80.7209 42.9272 17.8745 1 ) ( -80.7476 42.9354 17.8745 1 ) 
( -78.6452 43.8146 17.2511 1 ) ( -78.6564 43.7893 17.2516 1 ) ( -78.7443 43.563 17.2567 1 ) ( -78.8439 43.3736 17.2597 1 ) ( -78.9984 43.1723 17.2601 1 ) ( -79.1845 43.0145 17.2579 1 ) ( -79.3995 42.8926 17.2558 1 ) ( -79.6338 42.8155 17.2548 1 ) ( -79.8738 42.7757 17.2546 1 ) ( -80.128 42.783 17.2548 1 ) ( -80.3378 42.8335 17.2545 1 ) ( -80.5605 42.9281 17.2533 1 ) ( -80.5872 42.9363 17.2533 1 ) 
( -78.4881 43.8148 16.6379 1 ) ( -78.4993 43.7894 16.6383 1 ) ( -78.5867 43.5629 16.6423 1 ) ( -78.686 43.3733 16.6446 1 ) ( -78.8404 43.172 16.6449 1 ) ( -79.0264 43.0142 16.6432 1 ) ( -79.2414 42.8922 16.6415 1 ) ( -79.4756 42.8147 16.6406 1 ) ( -79.7155 42.7752 16.6405 1 ) ( -79.9697 42.7834 16.6406 1 ) ( -80.1794 42.8343 16.6404 1 ) ( -80.402 42.929 16.6395 1 ) ( -80.4287 42.9372 16.6395 1 ) 
( -78.324 43.8149 15.9972 1 ) ( -78.3351 43.7895 15.9975 1 ) ( -78.422 43.5627 16.0003 1 ) ( -78.521 43.373 16.0019 1 ) ( -78.6753 43.1717 16.0021 1 ) ( -78.8613 43.014 16.0009 1 ) ( -79.0762 42.8917 15.9997 1 ) ( -79.3102 42.8139 15.9989 1 ) ( -79.5501 42.7748 15.9987 1 ) ( -79.8044 42.7838 15.9989 1 ) ( -80.0139 42.8352 15.9987 1 ) ( -80.2363 42.9299 15.9982 1 ) ( -80.263 42.9382 15.9982 1 ) 
( -78.1862 43.815 15.4592 1 ) ( -78.1973 43.7896 15.4593 1 ) ( -78.2837 43.5626 15.4611 1 ) ( -78.3824 43.3728 15.4621 1 ) ( -78.5366 43.1714 15.4623 1 ) ( -78.7226 43.0138 15.4615 1 ) ( -78.9375 42.8914 15.4606 1 ) ( -79.1714 42.8133 15.46 1 ) ( -79.4112 42.7744 15.4598 1 ) ( -79.6655 42.7842 15.4599 1 ) ( -79.875 42.8359 15.4599 1 ) ( -80.0972 42.9307 15.4596 1 ) ( -80.1239 42.939 15.4596 1 ) 
( -78.0289 43.8151 14.8451 1 ) ( -78.0399 43.7897 14.8452 1 ) ( -78.1259 43.5625 14.8458 1 ) ( -78.2243 43.3725 14.8461 1 ) ( -78.3783 43.1712 14.8462 1 ) ( -78.5644 43.0136 14.8459 1 ) ( -78.7792 42.8909 14.8455 1 ) ( -79.0129 42.8125 14.8449 1 ) ( -79.2527 42.7739 14.8447 1 ) ( -79.5069 42.7846 14.8448 1 ) ( -79.7164 42.8367 14.8449 1 ) ( -79.9385 42.9316 14.845 1 ) ( -79.9652 42.9399 14.845 1 ) 
( -78.0113 43.8152 14.7763 1 ) ( -78.0223 43.7897 14.7764 1 ) ( -78.1082 43.5624 14.7768 1 ) ( -78.2066 43.3725 14.7771 1 ) ( -78.3606 43.1711 14.7772 1 ) ( -78.5466 43.0136 14.777 1 ) ( -78.7615 42.8909 14.7766 1 ) ( -78.9952 42.8124 14.776 1 ) ( -79.2349 42.7739 14.7758 1 ) ( -79.4892 42.7846 14.776 1 ) ( -79.6986 42.8368 14.776 1 ) ( -79.9207 42.9317 14.7761 1 ) ( -79.9474 42.94 14.7761 1 ) 
