 Knots U 
0 0 0 0 0.0499628 0.0998272 0.149889 0.199929 0.24996 0.299994 0.350028 0.400059 0.450088 0.50011 0.55012 0.600131 0.650141 0.700156 0.750166 0.800152 0.850209 0.900258 0.949998 1 1 1 1 
 Knots V 
0 0 0 0 0.0974631 0.19572 0.296351 0.396887 0.49734 0.598028 0.69867 0.799218 0.899639 1 1 1 1 
 Poles & Weights 
( -73.0667 56.9815 -4.91374 1 ) ( -73.0398 56.9746 -4.93587 1 ) ( -72.7935 56.8427 -5.15813 1 ) ( -72.7177 56.7316 -5.44667 1 ) ( -72.679 56.6241 -5.78927 1 ) ( -72.679 56.5137 -6.12149 1 ) ( -72.6927 56.4107 -6.45763 1 ) ( -72.7127 56.312 -6.79479 1 ) ( -72.727 56.2099 -7.13095 1 ) ( -72.7423 56.1085 -7.4673 1 ) ( -72.7585 56.0075 -7.80373 1 ) ( -72.7722 55.9041 -8.13957 1 ) ( -72.7919 55.8004 -8.47507 1 ) ( -72.8203 55.6993 -8.81069 1 ) ( -72.8546 55.6018 -9.14678 1 ) ( -72.893 55.5029 -9.48224 1 ) ( -72.934 55.4026 -9.81647 1 ) ( -72.9784 55.3024 -10.1513 1 ) ( -73.0141 55.1962 -10.4818 1 ) ( -73.0531 55.0813 -10.8248 1 ) ( -73.1223 54.9988 -11.1115 1 ) ( -73.2622 54.934 -11.4279 1 ) ( -73.2724 54.9243 -11.4632 1 ) 
( -73.0633 56.9967 -4.92024 1 ) ( -73.0363 56.9897 -4.94241 1 ) ( -72.7899 56.8577 -5.16556 1 ) ( -72.7142 56.7464 -5.45492 1 ) ( -72.6757 56.6387 -5.79834 1 ) ( -72.6761 56.5282 -6.13143 1 ) ( -72.6899 56.425 -6.46844 1 ) ( -72.71 56.3261 -6.80642 1 ) ( -72.7245 56.2239 -7.14342 1 ) ( -72.7398 56.1223 -7.48062 1 ) ( -72.7563 56.021 -7.81785 1 ) ( -72.7702 55.9175 -8.15455 1 ) ( -72.7903 55.8137 -8.49089 1 ) ( -72.8191 55.7124 -8.82734 1 ) ( -72.8536 55.6147 -9.16426 1 ) ( -72.8922 55.5157 -9.50054 1 ) ( -72.9333 55.4152 -9.83562 1 ) ( -72.9779 55.3148 -10.1713 1 ) ( -73.0139 55.2085 -10.5027 1 ) ( -73.053 55.0936 -10.8466 1 ) ( -73.1222 55.011 -11.1341 1 ) ( -73.262 54.9458 -11.4513 1 ) ( -73.2723 54.936 -11.4867 1 ) 
( -73.0309 57.1427 -4.9824 1 ) ( -73.0023 57.1338 -5.00521 1 ) ( -72.752 56.9955 -5.23801 1 ) ( -72.6751 56.8792 -5.5362 1 ) ( -72.6351 56.7636 -5.8888 1 ) ( -72.6366 56.6481 -6.23133 1 ) ( -72.649 56.5388 -6.57773 1 ) ( -72.6665 56.4331 -6.92479 1 ) ( -72.6796 56.3245 -7.27106 1 ) ( -72.6929 56.2168 -7.61756 1 ) ( -72.7082 56.1082 -7.96372 1 ) ( -72.722 55.9989 -8.30972 1 ) ( -72.7428 55.8892 -8.65525 1 ) ( -72.7719 55.7818 -9.00079 1 ) ( -72.8057 55.6776 -9.34685 1 ) ( -72.8434 55.5722 -9.69227 1 ) ( -72.8831 55.4654 -10.0366 1 ) ( -72.9263 55.3586 -10.3815 1 ) ( -72.9617 55.2468 -10.7221 1 ) ( -72.9984 55.1267 -11.076 1 ) ( -73.065 55.0388 -11.3721 1 ) ( -73.2023 54.9659 -11.6989 1 ) ( -73.2119 54.9554 -11.7354 1 ) 
( -73.0026 57.2698 -5.03656 1 ) ( -72.9729 57.2595 -5.05986 1 ) ( -72.7204 57.1182 -5.30042 1 ) ( -72.6435 56.9995 -5.60576 1 ) ( -72.6034 56.8796 -5.96568 1 ) ( -72.6071 56.7622 -6.31581 1 ) ( -72.6195 56.6499 -6.66975 1 ) ( -72.6361 56.5407 -7.02408 1 ) ( -72.6491 56.4291 -7.37778 1 ) ( -72.6619 56.3184 -7.73176 1 ) ( -72.6775 56.2059 -8.08504 1 ) ( -72.6924 56.0939 -8.43852 1 ) ( -72.715 55.9816 -8.79143 1 ) ( -72.7455 55.8712 -9.14425 1 ) ( -72.7799 55.7639 -9.49762 1 ) ( -72.818 55.6554 -9.85037 1 ) ( -72.8578 55.5455 -10.2021 1 ) ( -72.901 55.4355 -10.5545 1 ) ( -72.937 55.3214 -10.9024 1 ) ( -72.973 55.1992 -11.2643 1 ) ( -73.0384 55.1088 -11.5674 1 ) ( -73.1747 55.0315 -11.9018 1 ) ( -73.1838 55.0207 -11.9392 1 ) 
( -72.9704 57.4179 -5.10055 1 ) ( -72.9394 57.4063 -5.12435 1 ) ( -72.685 57.2633 -5.37342 1 ) ( -72.6087 57.1438 -5.6866 1 ) ( -72.5693 57.0207 -6.0545 1 ) ( -72.5762 56.9031 -6.41294 1 ) ( -72.5893 56.7894 -6.77511 1 ) ( -72.6055 56.6781 -7.13737 1 ) ( -72.6191 56.5649 -7.49917 1 ) ( -72.6319 56.4527 -7.86131 1 ) ( -72.6485 56.3376 -8.22235 1 ) ( -72.6653 56.2245 -8.58398 1 ) ( -72.6908 56.1111 -8.94493 1 ) ( -72.7237 55.9992 -9.30568 1 ) ( -72.7595 55.8902 -9.66703 1 ) ( -72.7987 55.78 -10.0278 1 ) ( -72.8393 55.6685 -10.3875 1 ) ( -72.8832 55.5569 -10.7481 1 ) ( -72.9207 55.4419 -11.1041 1 ) ( -72.9565 55.3194 -11.4748 1 ) ( -73.0211 55.2278 -11.7854 1 ) ( -73.1569 55.1475 -12.1283 1 ) ( -73.1656 55.1365 -12.1667 1 ) 
( -72.9399 57.5616 -5.16355 1 ) ( -72.9075 57.5486 -5.18786 1 ) ( -72.6504 57.4034 -5.44533 1 ) ( -72.5738 57.2822 -5.76624 1 ) ( -72.534 57.1554 -6.14202 1 ) ( -72.5432 57.0367 -6.50866 1 ) ( -72.556 56.9209 -6.87897 1 ) ( -72.5708 56.8069 -7.24905 1 ) ( -72.5841 56.6913 -7.61886 1 ) ( -72.5959 56.577 -7.98907 1 ) ( -72.6127 56.4585 -8.35777 1 ) ( -72.6304 56.3437 -8.72746 1 ) ( -72.6577 56.2284 -9.09635 1 ) ( -72.692 56.1144 -9.46494 1 ) ( -72.7281 56.0029 -9.83417 1 ) ( -72.7676 55.8904 -10.2028 1 ) ( -72.8079 55.7765 -10.5705 1 ) ( -72.8515 55.6625 -10.9392 1 ) ( -72.8895 55.546 -11.3031 1 ) ( -72.9242 55.4224 -11.6825 1 ) ( -72.9872 55.329 -12.0005 1 ) ( -73.1216 55.2449 -12.3517 1 ) ( -73.1297 55.2336 -12.3911 1 ) 
( -72.9092 57.707 -5.22757 1 ) ( -72.8754 57.6925 -5.25239 1 ) ( -72.6156 57.5449 -5.51833 1 ) ( -72.5388 57.4222 -5.84706 1 ) ( -72.4987 57.2916 -6.2308 1 ) ( -72.5101 57.1718 -6.60573 1 ) ( -72.5226 57.0538 -6.98426 1 ) ( -72.5362 56.937 -7.36226 1 ) ( -72.5491 56.819 -7.74015 1 ) ( -72.5601 56.7025 -8.1185 1 ) ( -72.5769 56.5807 -8.49496 1 ) ( -72.5956 56.4639 -8.87279 1 ) ( -72.6247 56.3469 -9.2497 1 ) ( -72.6605 56.2305 -9.62621 1 ) ( -72.697 56.1166 -10.0034 1 ) ( -72.7367 56.0017 -10.38 1 ) ( -72.7768 55.8854 -10.7558 1 ) ( -72.8202 55.769 -11.1325 1 ) ( -72.8588 55.6509 -11.5045 1 ) ( -72.8923 55.5262 -11.8927 1 ) ( -72.9537 55.4309 -12.2183 1 ) ( -73.0867 55.3431 -12.5779 1 ) ( -73.0942 55.3315 -12.6182 1 ) 
( -72.8785 57.8518 -5.29122 1 ) ( -72.8434 57.836 -5.31654 1 ) ( -72.5814 57.6865 -5.59086 1 ) ( -72.505 57.5626 -5.9273 1 ) ( -72.4653 57.4287 -6.31888 1 ) ( -72.4796 57.3083 -6.70199 1 ) ( -72.4926 57.1886 -7.08862 1 ) ( -72.5055 57.0694 -7.47442 1 ) ( -72.5187 56.9495 -7.86029 1 ) ( -72.5295 56.8313 -8.24667 1 ) ( -72.5471 56.7066 -8.63076 1 ) ( -72.5674 56.5885 -9.01662 1 ) ( -72.5991 56.47 -9.40145 1 ) ( -72.637 56.3519 -9.78576 1 ) ( -72.6746 56.236 -10.1708 1 ) ( -72.7152 56.1191 -10.5553 1 ) ( -72.7557 56.001 -10.939 1 ) ( -72.7995 55.8826 -11.3238 1 ) ( -72.8394 55.7635 -11.7037 1 ) ( -72.8725 55.638 -12.1004 1 ) ( -72.9329 55.5413 -12.4335 1 ) ( -73.0651 55.4502 -12.8014 1 ) ( -73.0722 55.4384 -12.8427 1 ) 
( -72.8474 57.9955 -5.35352 1 ) ( -72.8112 57.9784 -5.37932 1 ) ( -72.5486 57.8273 -5.66185 1 ) ( -72.4737 57.7024 -6.00585 1 ) ( -72.4358 57.5656 -6.40513 1 ) ( -72.4544 57.445 -6.79625 1 ) ( -72.4691 57.3238 -7.19082 1 ) ( -72.4828 57.2026 -7.58426 1 ) ( -72.4978 57.0811 -7.97796 1 ) ( -72.5097 56.9614 -8.37221 1 ) ( -72.5294 56.8343 -8.76377 1 ) ( -72.5528 56.715 -9.1575 1 ) ( -72.5883 56.5955 -9.55009 1 ) ( -72.6297 56.4759 -9.94205 1 ) ( -72.6697 56.3584 -10.3348 1 ) ( -72.7126 56.2398 -10.727 1 ) ( -72.755 56.12 -11.1184 1 ) ( -72.8006 56 -11.5111 1 ) ( -72.843 55.8801 -11.8987 1 ) ( -72.8771 55.7543 -12.304 1 ) ( -72.9378 55.6565 -12.6444 1 ) ( -73.0706 55.5623 -13.0204 1 ) ( -73.0774 55.5503 -13.0627 1 ) 
( -72.8138 58.1461 -5.41673 1 ) ( -72.7765 58.1276 -5.44304 1 ) ( -72.5136 57.975 -5.7342 1 ) ( -72.4407 57.8491 -6.08616 1 ) ( -72.4052 57.7092 -6.49353 1 ) ( -72.4287 57.5883 -6.89308 1 ) ( -72.4457 57.4657 -7.296 1 ) ( -72.4606 57.3424 -7.69748 1 ) ( -72.4778 57.2193 -8.0994 1 ) ( -72.4914 57.0981 -8.50194 1 ) ( -72.5138 56.9684 -8.90137 1 ) ( -72.5408 56.848 -9.30337 1 ) ( -72.5808 56.7274 -9.70412 1 ) ( -72.6262 56.6064 -10.1041 1 ) ( -72.6693 56.4871 -10.5049 1 ) ( -72.715 56.3668 -10.9052 1 ) ( -72.7598 56.2455 -11.3049 1 ) ( -72.8077 56.1238 -11.7058 1 ) ( -72.8533 56.0031 -12.1016 1 ) ( -72.8888 55.877 -12.5158 1 ) ( -72.9501 55.7779 -12.8639 1 ) ( -73.0841 55.6807 -13.2484 1 ) ( -73.0906 55.6685 -13.2917 1 ) 
( -72.7848 58.273 -5.46858 1 ) ( -72.7464 58.2533 -5.49534 1 ) ( -72.4831 58.0993 -5.79383 1 ) ( -72.4117 57.9726 -6.15254 1 ) ( -72.3779 57.8301 -6.56679 1 ) ( -72.4053 57.7089 -6.97351 1 ) ( -72.424 57.585 -7.38354 1 ) ( -72.4397 57.46 -7.79186 1 ) ( -72.4586 57.3355 -8.20077 1 ) ( -72.4734 57.213 -8.61035 1 ) ( -72.4977 57.081 -9.01648 1 ) ( -72.5275 56.9596 -9.42552 1 ) ( -72.571 56.838 -9.8332 1 ) ( -72.6197 56.7157 -10.2401 1 ) ( -72.6651 56.5949 -10.6478 1 ) ( -72.7129 56.4733 -11.0549 1 ) ( -72.7594 56.3504 -11.4616 1 ) ( -72.8091 56.2273 -11.8695 1 ) ( -72.8571 56.1059 -12.2723 1 ) ( -72.8936 55.9795 -12.694 1 ) ( -72.9552 55.8793 -13.0486 1 ) ( -73.09 55.7795 -13.4404 1 ) ( -73.0961 55.7671 -13.4846 1 ) 
( -72.7511 58.418 -5.52703 1 ) ( -72.7117 58.397 -5.55429 1 ) ( -72.4479 58.2414 -5.86118 1 ) ( -72.3784 58.1137 -6.22764 1 ) ( -72.3466 57.9682 -6.64977 1 ) ( -72.3786 57.8467 -7.0647 1 ) ( -72.3994 57.7213 -7.48287 1 ) ( -72.416 57.5942 -7.89903 1 ) ( -72.4369 57.468 -8.31595 1 ) ( -72.4532 57.3441 -8.7336 1 ) ( -72.4799 57.2095 -9.1474 1 ) ( -72.513 57.087 -9.5645 1 ) ( -72.5607 56.9643 -9.98014 1 ) ( -72.6131 56.8404 -10.3948 1 ) ( -72.6612 56.7179 -10.8104 1 ) ( -72.7115 56.5945 -11.2255 1 ) ( -72.7602 56.4701 -11.6401 1 ) ( -72.812 56.3453 -12.0561 1 ) ( -72.8628 56.223 -12.4668 1 ) ( -72.9006 56.0962 -12.8973 1 ) ( -72.9627 55.9949 -13.2593 1 ) ( -73.0983 55.8919 -13.6594 1 ) ( -73.1042 55.8793 -13.7046 1 ) 
( -72.7473 58.4343 -5.53352 1 ) ( -72.7078 58.4131 -5.56084 1 ) ( -72.4439 58.2573 -5.86868 1 ) ( -72.3744 58.1296 -6.23601 1 ) ( -72.3428 57.9837 -6.65904 1 ) ( -72.3752 57.8621 -7.0749 1 ) ( -72.3962 57.7366 -7.49399 1 ) ( -72.4128 57.6092 -7.91103 1 ) ( -72.4339 57.4829 -8.32886 1 ) ( -72.4502 57.3588 -8.74741 1 ) ( -72.4771 57.2239 -9.16208 1 ) ( -72.5105 57.1013 -9.5801 1 ) ( -72.5585 56.9784 -9.99663 1 ) ( -72.6113 56.8544 -10.4122 1 ) ( -72.6596 56.7317 -10.8287 1 ) ( -72.7102 56.6082 -11.2447 1 ) ( -72.759 56.4835 -11.6602 1 ) ( -72.8109 56.3585 -12.0771 1 ) ( -72.8619 56.2362 -12.4887 1 ) ( -72.8999 56.1093 -12.9201 1 ) ( -72.9619 56.0078 -13.283 1 ) ( -73.0975 55.9046 -13.6841 1 ) ( -73.1034 55.8919 -13.7294 1 ) 
