 Knots U 
0 0 0 0 0.100015 0.199726 0.299366 0.399419 0.499905 0.600579 0.701183 0.801487 0.901173 1 1 1 1 
 Knots V 
0 0 0 0 0.104547 0.202071 0.292612 0.386567 0.48792 0.594114 0.700114 0.802079 0.901511 1 1 1 1 
 Poles & Weights 
( -73.8511 51.8374 -10.784 1 ) ( -73.8444 51.8288 -10.7819 1 ) ( -73.783 51.7531 -10.7631 1 ) ( -73.7146 51.704 -10.7494 1 ) ( -73.6264 51.6575 -10.7344 1 ) ( -73.5343 51.6258 -10.7198 1 ) ( -73.4378 51.6011 -10.7026 1 ) ( -73.3404 51.581 -10.6808 1 ) ( -73.2461 51.5615 -10.6531 1 ) ( -73.151 51.5442 -10.6165 1 ) ( -73.0731 51.5319 -10.5821 1 ) ( -72.9892 51.5267 -10.5336 1 ) ( -72.9798 51.5267 -10.528 1 ) 
( -73.8463 51.8511 -10.7939 1 ) ( -73.8396 51.8424 -10.7918 1 ) ( -73.7779 51.766 -10.7733 1 ) ( -73.7093 51.7162 -10.7598 1 ) ( -73.621 51.6687 -10.745 1 ) ( -73.5288 51.6361 -10.7305 1 ) ( -73.4322 51.6105 -10.7133 1 ) ( -73.3346 51.5897 -10.6917 1 ) ( -73.2401 51.5697 -10.6641 1 ) ( -73.1446 51.552 -10.6277 1 ) ( -73.0663 51.5393 -10.5936 1 ) ( -72.982 51.5338 -10.5455 1 ) ( -72.9725 51.5337 -10.54 1 ) 
( -73.8142 51.9443 -10.864 1 ) ( -73.8073 51.935 -10.8624 1 ) ( -73.7439 51.8529 -10.8469 1 ) ( -73.6744 51.7972 -10.8352 1 ) ( -73.5852 51.7423 -10.8222 1 ) ( -73.4923 51.7026 -10.809 1 ) ( -73.3948 51.6702 -10.7931 1 ) ( -73.296 51.6436 -10.7727 1 ) ( -73.1997 51.619 -10.7468 1 ) ( -73.1018 51.5974 -10.7129 1 ) ( -73.0212 51.5817 -10.6814 1 ) ( -72.9334 51.573 -10.6374 1 ) ( -72.9236 51.5726 -10.6323 1 ) 
( -73.7957 52.0166 -10.9354 1 ) ( -73.7885 52.0068 -10.934 1 ) ( -73.7224 51.9203 -10.9211 1 ) ( -73.651 51.8601 -10.911 1 ) ( -73.5598 51.7993 -10.8993 1 ) ( -73.465 51.7539 -10.887 1 ) ( -73.3656 51.7163 -10.8719 1 ) ( -73.2644 51.6853 -10.8524 1 ) ( -73.1653 51.6575 -10.8277 1 ) ( -73.0639 51.6335 -10.7958 1 ) ( -72.98 51.6159 -10.7664 1 ) ( -72.8878 51.6053 -10.726 1 ) ( -72.8775 51.6047 -10.7214 1 ) 
( -73.8064 52.0589 -11.0337 1 ) ( -73.7985 52.0488 -11.0326 1 ) ( -73.7261 51.9598 -11.0224 1 ) ( -73.6497 51.8963 -11.0136 1 ) ( -73.5529 51.8313 -11.0032 1 ) ( -73.4529 51.7816 -10.9916 1 ) ( -73.348 51.7402 -10.977 1 ) ( -73.2411 51.7066 -10.9582 1 ) ( -73.1356 51.6776 -10.9344 1 ) ( -73.0267 51.6534 -10.9044 1 ) ( -72.9362 51.6359 -10.8774 1 ) ( -72.8356 51.6259 -10.8409 1 ) ( -72.8244 51.6252 -10.8367 1 ) 
( -73.8484 52.0515 -11.1346 1 ) ( -73.8395 52.0413 -11.1338 1 ) ( -73.7586 51.9519 -11.1257 1 ) ( -73.6753 51.8871 -11.118 1 ) ( -73.5705 51.82 -11.1082 1 ) ( -73.463 51.7683 -11.0968 1 ) ( -73.3505 51.7254 -11.0824 1 ) ( -73.2355 51.6912 -11.0637 1 ) ( -73.1214 51.6631 -11.0405 1 ) ( -73.0029 51.6407 -11.0119 1 ) ( -72.904 51.6249 -10.9866 1 ) ( -72.793 51.6172 -10.9534 1 ) ( -72.7806 51.6168 -10.9496 1 ) 
( -73.9041 52.0197 -11.2385 1 ) ( -73.8942 52.0094 -11.2378 1 ) ( -73.8039 51.9199 -11.2311 1 ) ( -73.713 51.8541 -11.2237 1 ) ( -73.5993 51.7853 -11.214 1 ) ( -73.4835 51.732 -11.2022 1 ) ( -73.3624 51.6878 -11.1872 1 ) ( -73.2385 51.6534 -11.168 1 ) ( -73.115 51.6263 -11.1447 1 ) ( -72.9859 51.606 -11.1168 1 ) ( -72.8779 51.5922 -11.0926 1 ) ( -72.7557 51.5871 -11.062 1 ) ( -72.742 51.587 -11.0584 1 ) 
( -73.966 51.9734 -11.3448 1 ) ( -73.9549 51.963 -11.3442 1 ) ( -73.8551 51.8727 -11.3378 1 ) ( -73.7564 51.8053 -11.3299 1 ) ( -73.6336 51.7343 -11.3191 1 ) ( -73.5093 51.6786 -11.3058 1 ) ( -73.3794 51.6326 -11.2892 1 ) ( -73.2463 51.5974 -11.2685 1 ) ( -73.1132 51.5708 -11.2441 1 ) ( -72.9735 51.5519 -11.2158 1 ) ( -72.8562 51.5395 -11.1918 1 ) ( -72.7226 51.5363 -11.1626 1 ) ( -72.7076 51.5365 -11.1592 1 ) 
( -74.024 51.9249 -11.4506 1 ) ( -74.0119 51.9142 -11.45 1 ) ( -73.9033 51.8216 -11.4427 1 ) ( -73.7974 51.7514 -11.4331 1 ) ( -73.6663 51.6764 -11.4199 1 ) ( -73.5342 51.617 -11.4039 1 ) ( -73.3963 51.5675 -11.3844 1 ) ( -73.2548 51.53 -11.3609 1 ) ( -73.1128 51.5023 -11.3341 1 ) ( -72.9631 51.4832 -11.304 1 ) ( -72.8372 51.4709 -11.2792 1 ) ( -72.6929 51.4681 -11.2502 1 ) ( -72.6768 51.4682 -11.2468 1 ) 
( -74.072 51.8822 -11.5627 1 ) ( -74.059 51.8709 -11.5617 1 ) ( -73.9427 51.7729 -11.5515 1 ) ( -73.8306 51.6969 -11.5384 1 ) ( -73.6924 51.6147 -11.5206 1 ) ( -73.5537 51.5482 -11.4997 1 ) ( -73.4089 51.4921 -11.4753 1 ) ( -73.2602 51.449 -11.4468 1 ) ( -73.1105 51.4172 -11.4154 1 ) ( -72.9519 51.3949 -11.3815 1 ) ( -72.8182 51.3799 -11.3541 1 ) ( -72.6643 51.3746 -11.3233 1 ) ( -72.647 51.3744 -11.3198 1 ) 
( -74.1048 51.8516 -11.6555 1 ) ( -74.0913 51.8396 -11.6542 1 ) ( -73.9694 51.7356 -11.6406 1 ) ( -73.8529 51.6535 -11.6238 1 ) ( -73.7097 51.5636 -11.6012 1 ) ( -73.5662 51.4897 -11.5753 1 ) ( -73.4167 51.4266 -11.5457 1 ) ( -73.2628 51.3774 -11.5121 1 ) ( -73.1074 51.3407 -11.476 1 ) ( -72.9424 51.314 -11.4379 1 ) ( -72.803 51.2957 -11.4074 1 ) ( -72.6418 51.2868 -11.3742 1 ) ( -72.6237 51.2862 -11.3704 1 ) 
( -74.1385 51.8185 -11.76 1 ) ( -74.1243 51.8056 -11.7582 1 ) ( -73.9966 51.694 -11.7402 1 ) ( -73.8755 51.6043 -11.7187 1 ) ( -73.7271 51.5049 -11.69 1 ) ( -73.5789 51.4219 -11.6578 1 ) ( -73.4243 51.35 -11.6218 1 ) ( -73.265 51.293 -11.5818 1 ) ( -73.1038 51.25 -11.5399 1 ) ( -72.9319 51.2176 -11.4963 1 ) ( -72.7865 51.1947 -11.462 1 ) ( -72.6176 51.1809 -11.4255 1 ) ( -72.5987 51.1797 -11.4213 1 ) 
( -74.1416 51.8156 -11.772 1 ) ( -74.1273 51.8026 -11.7702 1 ) ( -73.999 51.69 -11.7516 1 ) ( -73.8775 51.5993 -11.7295 1 ) ( -73.7285 51.4988 -11.7 1 ) ( -73.5798 51.4145 -11.6671 1 ) ( -73.4248 51.3415 -11.6303 1 ) ( -73.2649 51.2835 -11.5895 1 ) ( -73.1031 51.2396 -11.5468 1 ) ( -72.9305 51.2065 -11.5026 1 ) ( -72.7844 51.183 -11.4678 1 ) ( -72.6147 51.1684 -11.4308 1 ) ( -72.5957 51.1672 -11.4266 1 ) 
