 Knots U 
0 0 0 0 0.0496908 0.0996408 0.149705 0.199738 0.249785 0.299825 0.349888 0.399903 0.449911 0.499931 0.549925 0.599991 0.650041 0.70009 0.750139 0.800214 0.850197 0.900353 0.950327 1 1 1 1 
 Knots V 
0 0 0 0 0.100015 0.200021 0.300017 0.40001 0.500007 0.600016 0.700026 0.800025 0.900014 1 1 1 1 
 Poles & Weights 
( -81.8055 59.0793 -4.85958 1 ) ( -81.77 59.09 -4.82966 1 ) ( -81.3934 59.0776 -4.55156 1 ) ( -80.9914 58.9695 -4.5194 1 ) ( -80.5288 58.8915 -4.50809 1 ) ( -80.0824 58.7982 -4.49235 1 ) ( -79.6378 58.6854 -4.46749 1 ) ( -79.1934 58.5735 -4.44382 1 ) ( -78.7437 58.4853 -4.42891 1 ) ( -78.2965 58.3843 -4.41351 1 ) ( -77.8449 58.2982 -4.41265 1 ) ( -77.3994 58.1922 -4.4127 1 ) ( -76.9677 58.0334 -4.39936 1 ) ( -76.5148 57.9546 -4.42869 1 ) ( -76.0727 57.8348 -4.44991 1 ) ( -75.6283 57.7239 -4.47886 1 ) ( -75.1844 57.6124 -4.50739 1 ) ( -74.7404 57.4993 -4.53573 1 ) ( -74.2971 57.3882 -4.5599 1 ) ( -73.8479 57.2745 -4.60623 1 ) ( -73.4426 57.1541 -4.61687 1 ) ( -73.0936 56.9938 -4.87024 1 ) ( -73.0667 56.9815 -4.91374 1 ) 
( -81.8017 59.0952 -4.86665 1 ) ( -81.7662 59.1059 -4.83667 1 ) ( -81.3894 59.0932 -4.559 1 ) ( -80.9873 58.9857 -4.52708 1 ) ( -80.5248 58.9073 -4.51547 1 ) ( -80.0786 58.8139 -4.49963 1 ) ( -79.634 58.7013 -4.47486 1 ) ( -79.1895 58.5896 -4.45124 1 ) ( -78.7398 58.5014 -4.43634 1 ) ( -78.2926 58.4006 -4.42097 1 ) ( -77.8413 58.3136 -4.41975 1 ) ( -77.3957 58.2081 -4.41993 1 ) ( -76.9639 58.0498 -4.4068 1 ) ( -76.5111 57.9707 -4.43598 1 ) ( -76.069 57.851 -4.45723 1 ) ( -75.6247 57.7401 -4.48616 1 ) ( -75.1808 57.6286 -4.51466 1 ) ( -74.7368 57.5155 -4.54298 1 ) ( -74.2936 57.4044 -4.56719 1 ) ( -73.8443 57.2907 -4.61331 1 ) ( -73.4392 57.1705 -4.62421 1 ) ( -73.0901 57.0101 -4.87734 1 ) ( -73.0631 56.9977 -4.92064 1 ) 
( -81.7682 59.2371 -4.9289 1 ) ( -81.7324 59.2466 -4.89835 1 ) ( -81.3543 59.2323 -4.62448 1 ) ( -80.9518 59.1296 -4.59471 1 ) ( -80.49 59.0485 -4.58053 1 ) ( -80.0448 58.9527 -4.56378 1 ) ( -79.5998 58.8426 -4.53992 1 ) ( -79.1553 58.7324 -4.5168 1 ) ( -78.7058 58.6446 -4.50198 1 ) ( -78.2586 58.5449 -4.48683 1 ) ( -77.8096 58.4509 -4.4825 1 ) ( -77.3634 58.3488 -4.4839 1 ) ( -76.9305 58.1952 -4.47261 1 ) ( -76.4788 58.1135 -4.5005 1 ) ( -76.0367 57.9948 -4.52206 1 ) ( -75.5927 57.8838 -4.55085 1 ) ( -75.1491 57.7724 -4.57918 1 ) ( -74.7053 57.6595 -4.60725 1 ) ( -74.2627 57.5485 -4.63193 1 ) ( -73.8127 57.4345 -4.67624 1 ) ( -73.4096 57.3159 -4.6894 1 ) ( -73.0594 57.1547 -4.94045 1 ) ( -73.0311 57.1417 -4.98196 1 ) 
( -81.7399 59.3625 -4.98194 1 ) ( -81.7039 59.3711 -4.9509 1 ) ( -81.3245 59.3552 -4.68045 1 ) ( -80.9216 59.2568 -4.65262 1 ) ( -80.4605 59.1732 -4.63626 1 ) ( -80.016 59.0753 -4.61881 1 ) ( -79.5707 58.9673 -4.59582 1 ) ( -79.1261 58.8585 -4.57323 1 ) ( -78.6767 58.7708 -4.55854 1 ) ( -78.2295 58.6721 -4.54367 1 ) ( -77.7824 58.5719 -4.53671 1 ) ( -77.3356 58.4727 -4.53924 1 ) ( -76.9017 58.3233 -4.52965 1 ) ( -76.4509 58.2391 -4.5565 1 ) ( -76.0087 58.1213 -4.5784 1 ) ( -75.565 58.0102 -4.60715 1 ) ( -75.1216 57.8988 -4.6354 1 ) ( -74.6778 57.786 -4.66335 1 ) ( -74.2359 57.6751 -4.68853 1 ) ( -73.785 57.5609 -4.73132 1 ) ( -73.3836 57.4436 -4.74653 1 ) ( -73.0324 57.2815 -4.99584 1 ) ( -73.003 57.268 -5.03578 1 ) 
( -81.7069 59.5125 -5.0438 1 ) ( -81.6707 59.5199 -5.01218 1 ) ( -81.2897 59.5021 -4.7459 1 ) ( -80.8864 59.4087 -4.72049 1 ) ( -80.426 59.3222 -4.70164 1 ) ( -79.9825 59.2217 -4.68345 1 ) ( -79.5367 59.1161 -4.6616 1 ) ( -79.0921 59.0089 -4.63974 1 ) ( -78.6428 58.9214 -4.62532 1 ) ( -78.1956 58.8238 -4.61088 1 ) ( -77.7508 58.7162 -4.60088 1 ) ( -77.3033 58.6205 -4.60488 1 ) ( -76.8682 58.4758 -4.59741 1 ) ( -76.4184 58.3888 -4.62312 1 ) ( -75.9762 58.272 -4.64554 1 ) ( -75.5327 58.1607 -4.67434 1 ) ( -75.0895 58.0493 -4.70261 1 ) ( -74.6459 57.9366 -4.73051 1 ) ( -74.2046 57.8257 -4.75637 1 ) ( -73.7528 57.7111 -4.79747 1 ) ( -73.3535 57.5954 -4.81522 1 ) ( -73.0011 57.4323 -5.06255 1 ) ( -72.9704 57.4181 -5.10065 1 ) 
( -81.6761 59.6567 -5.10182 1 ) ( -81.6396 59.663 -5.06967 1 ) ( -81.2572 59.6433 -4.80748 1 ) ( -80.8534 59.5547 -4.78446 1 ) ( -80.3937 59.4653 -4.76334 1 ) ( -79.9511 59.3624 -4.74454 1 ) ( -79.505 59.259 -4.72389 1 ) ( -79.0602 59.1532 -4.70282 1 ) ( -78.6111 59.066 -4.68877 1 ) ( -78.1638 58.9693 -4.67485 1 ) ( -77.7213 58.8546 -4.66204 1 ) ( -77.273 58.7621 -4.66753 1 ) ( -76.8369 58.6221 -4.6622 1 ) ( -76.388 58.5322 -4.68691 1 ) ( -75.9457 58.4163 -4.70994 1 ) ( -75.5026 58.3048 -4.73889 1 ) ( -75.0596 58.1934 -4.76727 1 ) ( -74.6161 58.0807 -4.79522 1 ) ( -74.1755 57.9699 -4.82185 1 ) ( -73.7228 57.8548 -4.86143 1 ) ( -73.3255 57.7406 -4.88169 1 ) ( -72.9718 57.5765 -5.12724 1 ) ( -72.9399 57.5617 -5.16358 1 ) 
( -81.6446 59.8023 -5.16094 1 ) ( -81.6078 59.8074 -5.12825 1 ) ( -81.224 59.7859 -4.87019 1 ) ( -80.8198 59.7021 -4.84959 1 ) ( -80.3608 59.6098 -4.82616 1 ) ( -79.9192 59.5044 -4.80674 1 ) ( -79.4727 59.4034 -4.78728 1 ) ( -79.0278 59.299 -4.76701 1 ) ( -78.5789 59.2119 -4.75331 1 ) ( -78.1316 59.1163 -4.73991 1 ) ( -77.6914 58.9944 -4.72425 1 ) ( -77.2424 58.9052 -4.73125 1 ) ( -76.8051 58.7699 -4.72807 1 ) ( -76.3573 58.6771 -4.75177 1 ) ( -75.915 58.5622 -4.77539 1 ) ( -75.4722 58.4504 -4.80449 1 ) ( -75.0295 58.339 -4.83297 1 ) ( -74.5861 58.2264 -4.86097 1 ) ( -74.1461 58.1155 -4.88835 1 ) ( -73.6926 58 -4.9264 1 ) ( -73.2972 57.8873 -4.94919 1 ) ( -72.9424 57.7223 -5.19293 1 ) ( -72.9093 57.7068 -5.22748 1 ) 
( -81.612 59.9469 -5.22173 1 ) ( -81.575 59.9508 -5.18848 1 ) ( -81.1897 59.9275 -4.93446 1 ) ( -80.7852 59.8486 -4.9162 1 ) ( -80.327 59.7535 -4.89037 1 ) ( -79.8864 59.6457 -4.87023 1 ) ( -79.4395 59.547 -4.85188 1 ) ( -78.9946 59.4442 -4.83232 1 ) ( -78.5459 59.3573 -4.81889 1 ) ( -78.0987 59.2627 -4.80591 1 ) ( -77.6608 59.1336 -4.78731 1 ) ( -77.2112 59.0479 -4.79573 1 ) ( -76.7728 58.9172 -4.79461 1 ) ( -76.3261 58.8216 -4.8172 1 ) ( -75.8838 58.7077 -4.84134 1 ) ( -75.4413 58.5958 -4.87048 1 ) ( -74.9989 58.4843 -4.89898 1 ) ( -74.5557 58.3718 -4.92694 1 ) ( -74.1165 58.261 -4.95499 1 ) ( -73.6621 58.1451 -4.99141 1 ) ( -73.2688 58.034 -5.01665 1 ) ( -72.9129 57.868 -5.25849 1 ) ( -72.8784 57.8519 -5.29125 1 ) 
( -81.5792 60.0895 -5.28264 1 ) ( -81.542 60.0923 -5.24884 1 ) ( -81.1553 60.0672 -4.99874 1 ) ( -80.7505 59.9931 -4.98272 1 ) ( -80.293 59.8952 -4.95443 1 ) ( -79.8534 59.785 -4.93351 1 ) ( -79.4062 59.6887 -4.91618 1 ) ( -78.9613 59.5875 -4.89723 1 ) ( -78.5127 59.5008 -4.88399 1 ) ( -78.0655 59.4074 -4.87135 1 ) ( -77.63 59.2712 -4.84977 1 ) ( -77.1797 59.1888 -4.85952 1 ) ( -76.7403 59.0628 -4.86035 1 ) ( -76.2946 58.9644 -4.88178 1 ) ( -75.8524 58.8516 -4.90633 1 ) ( -75.4103 58.7395 -4.93546 1 ) ( -74.9682 58.6281 -4.96389 1 ) ( -74.5251 58.5157 -4.99173 1 ) ( -74.0866 58.405 -5.02037 1 ) ( -73.6314 58.2888 -5.05509 1 ) ( -73.2401 58.1792 -5.08269 1 ) ( -72.8831 58.0123 -5.32257 1 ) ( -72.8474 57.9956 -5.35354 1 ) 
( -81.5451 60.2386 -5.34597 1 ) ( -81.5076 60.2402 -5.31158 1 ) ( -81.1195 60.2133 -5.06549 1 ) ( -80.7142 60.1443 -5.05175 1 ) ( -80.2575 60.0435 -5.02081 1 ) ( -79.8188 59.9308 -4.999 1 ) ( -79.3712 59.837 -4.98265 1 ) ( -78.9261 59.7374 -4.96428 1 ) ( -78.4778 59.651 -4.95115 1 ) ( -78.0306 59.5587 -4.93879 1 ) ( -77.5973 59.4152 -4.91401 1 ) ( -77.1463 59.3363 -4.92506 1 ) ( -76.7058 59.2153 -4.92786 1 ) ( -76.2611 59.1141 -4.94799 1 ) ( -75.8188 59.0022 -4.97291 1 ) ( -75.377 58.8901 -5.00193 1 ) ( -74.9351 58.7787 -5.03022 1 ) ( -74.4922 58.6665 -5.05785 1 ) ( -74.0544 58.5559 -5.08703 1 ) ( -73.5982 58.4394 -5.1199 1 ) ( -73.2091 58.3314 -5.1499 1 ) ( -72.8508 58.1636 -5.38765 1 ) ( -72.8138 58.1462 -5.41676 1 ) 
( -81.5168 60.3641 -5.39872 1 ) ( -81.4791 60.3648 -5.36383 1 ) ( -81.0896 60.3364 -5.12108 1 ) ( -80.6838 60.2716 -5.10922 1 ) ( -80.2277 60.1684 -5.07602 1 ) ( -79.7897 60.0536 -5.05341 1 ) ( -79.3417 59.9619 -5.03785 1 ) ( -78.8966 59.8637 -5.01991 1 ) ( -78.4483 59.7775 -5.00685 1 ) ( -78.001 59.6862 -4.99468 1 ) ( -77.5697 59.5365 -4.96718 1 ) ( -77.118 59.4606 -4.97928 1 ) ( -76.6764 59.3437 -4.9837 1 ) ( -76.2326 59.2401 -5.00269 1 ) ( -75.7902 59.1292 -5.02788 1 ) ( -75.3486 59.0169 -5.05678 1 ) ( -74.9069 58.9056 -5.08491 1 ) ( -74.464 58.7935 -5.11232 1 ) ( -74.0267 58.683 -5.14191 1 ) ( -73.5697 58.5662 -5.17318 1 ) ( -73.1822 58.4597 -5.20516 1 ) ( -72.8228 58.2911 -5.44108 1 ) ( -72.7848 58.2731 -5.46862 1 ) 
( -81.4846 60.5073 -5.45859 1 ) ( -81.4466 60.5069 -5.42313 1 ) ( -81.0556 60.4767 -5.18415 1 ) ( -80.6493 60.4168 -5.17441 1 ) ( -80.1938 60.3108 -5.1386 1 ) ( -79.7567 60.1938 -5.11507 1 ) ( -79.3082 60.1044 -5.10039 1 ) ( -78.8628 60.0078 -5.08292 1 ) ( -78.4146 59.9219 -5.0699 1 ) ( -77.9672 59.8317 -5.05793 1 ) ( -77.538 59.6749 -5.0273 1 ) ( -77.0855 59.6024 -5.04059 1 ) ( -76.6428 59.4902 -5.04681 1 ) ( -76.1998 59.3839 -5.0645 1 ) ( -75.7573 59.274 -5.08997 1 ) ( -75.3159 59.1616 -5.11869 1 ) ( -74.8743 59.0504 -5.14661 1 ) ( -74.4315 58.9385 -5.17376 1 ) ( -73.9947 58.8281 -5.20379 1 ) ( -73.5367 58.711 -5.23321 1 ) ( -73.1511 58.606 -5.26743 1 ) ( -72.7905 58.4365 -5.50125 1 ) ( -72.7512 58.418 -5.52699 1 ) 
( -81.481 60.5235 -5.46534 1 ) ( -81.4429 60.5229 -5.42981 1 ) ( -81.0517 60.4925 -5.19126 1 ) ( -80.6454 60.4332 -5.18175 1 ) ( -80.19 60.3269 -5.14565 1 ) ( -79.753 60.2096 -5.12201 1 ) ( -79.3044 60.1205 -5.10742 1 ) ( -78.859 60.024 -5.09001 1 ) ( -78.4108 59.9382 -5.07699 1 ) ( -77.9634 59.8481 -5.06504 1 ) ( -77.5344 59.6905 -5.03405 1 ) ( -77.0819 59.6184 -5.04747 1 ) ( -76.639 59.5067 -5.0539 1 ) ( -76.1961 59.4001 -5.07143 1 ) ( -75.7536 59.2904 -5.09693 1 ) ( -75.3122 59.178 -5.12564 1 ) ( -74.8706 59.0667 -5.15353 1 ) ( -74.4278 58.9548 -5.18065 1 ) ( -73.991 58.8445 -5.21072 1 ) ( -73.533 58.7273 -5.23994 1 ) ( -73.1476 58.6225 -5.27441 1 ) ( -72.7868 58.453 -5.50798 1 ) ( -72.7473 58.4343 -5.53352 1 ) 
