 Knots U 
0 0 0 0 0.0980186 0.196603 0.296004 0.396421 0.497111 0.597643 0.698088 0.79851 0.899126 1 1 1 1 
 Knots V 
0 0 0 0 0.0510778 0.101332 0.151645 0.201819 0.252391 0.303016 0.353381 0.403489 0.453602 0.503482 0.55343 0.602952 0.653721 0.705439 0.757378 0.808331 0.8575 0.90496 0.952157 1 1 1 1 
 Poles & Weights 
( -72.1059 46.3566 -7.70901 1 ) ( -72.0973 46.3602 -7.70507 1 ) ( -72.0236 46.3925 -7.66923 1 ) ( -71.9632 46.4258 -7.63348 1 ) ( -71.8918 46.4664 -7.59052 1 ) ( -71.8243 46.5063 -7.54961 1 ) ( -71.7545 46.5457 -7.51019 1 ) ( -71.6817 46.583 -7.47445 1 ) ( -71.6055 46.6161 -7.44448 1 ) ( -71.5237 46.6489 -7.41615 1 ) ( -71.4543 46.6761 -7.39329 1 ) ( -71.3782 46.7097 -7.36475 1 ) ( -71.3699 46.7139 -7.3611 1 ) 
( -72.1091 46.3957 -7.68939 1 ) ( -72.1005 46.3995 -7.68594 1 ) ( -72.0263 46.4337 -7.65443 1 ) ( -71.9653 46.4686 -7.6225 1 ) ( -71.893 46.5113 -7.58411 1 ) ( -71.8245 46.553 -7.54757 1 ) ( -71.7535 46.5943 -7.51262 1 ) ( -71.6794 46.6334 -7.48138 1 ) ( -71.6019 46.6684 -7.45586 1 ) ( -71.5187 46.7031 -7.43218 1 ) ( -71.4481 46.7319 -7.41324 1 ) ( -71.3705 46.7673 -7.38919 1 ) ( -71.3621 46.7717 -7.38604 1 ) 
( -72.1365 46.7716 -7.55574 1 ) ( -72.1295 46.7745 -7.55055 1 ) ( -72.0696 46.8012 -7.50375 1 ) ( -72.02 46.8293 -7.45873 1 ) ( -71.9596 46.8639 -7.40487 1 ) ( -71.9004 46.8979 -7.35389 1 ) ( -71.8375 46.9311 -7.30459 1 ) ( -71.7706 46.9619 -7.25921 1 ) ( -71.6997 46.9885 -7.21968 1 ) ( -71.6233 47.0146 -7.18141 1 ) ( -71.5581 47.0359 -7.15028 1 ) ( -71.4863 47.0626 -7.11265 1 ) ( -71.4785 47.066 -7.10798 1 ) 
( -72.156 47.1078 -7.4604 1 ) ( -72.1502 47.1102 -7.45395 1 ) ( -72.1016 47.1324 -7.39608 1 ) ( -72.0609 47.1565 -7.34161 1 ) ( -72.0095 47.1862 -7.27663 1 ) ( -71.9572 47.2155 -7.2153 1 ) ( -71.9001 47.2438 -7.15577 1 ) ( -71.8381 47.2694 -7.10036 1 ) ( -71.7718 47.2909 -7.0509 1 ) ( -71.6999 47.3115 -7.00226 1 ) ( -71.6383 47.3282 -6.9625 1 ) ( -71.5701 47.3494 -6.91531 1 ) ( -71.5627 47.3521 -6.90956 1 ) 
( -72.1686 47.5063 -7.415 1 ) ( -72.1637 47.5091 -7.40867 1 ) ( -72.1224 47.535 -7.3518 1 ) ( -72.0869 47.562 -7.29853 1 ) ( -72.0399 47.5954 -7.23511 1 ) ( -71.9897 47.628 -7.17555 1 ) ( -71.9334 47.6594 -7.11812 1 ) ( -71.8712 47.6879 -7.06507 1 ) ( -71.8043 47.7123 -7.01792 1 ) ( -71.7314 47.7358 -6.97173 1 ) ( -71.6688 47.7548 -6.93413 1 ) ( -71.599 47.7784 -6.88965 1 ) ( -71.5915 47.7814 -6.88422 1 ) 
( -72.1643 47.8996 -7.46229 1 ) ( -72.1603 47.9024 -7.4545 1 ) ( -72.1275 47.9286 -7.38489 1 ) ( -72.0982 47.9557 -7.32075 1 ) ( -72.0569 47.9891 -7.24452 1 ) ( -72.0101 48.0216 -7.17305 1 ) ( -71.956 48.0527 -7.10384 1 ) ( -71.8949 48.0807 -7.03923 1 ) ( -71.8288 48.1045 -6.98062 1 ) ( -71.7564 48.1274 -6.92249 1 ) ( -71.694 48.1458 -6.87495 1 ) ( -71.624 48.1684 -6.81944 1 ) ( -71.6165 48.1713 -6.81277 1 ) 
( -72.1435 48.2949 -7.53503 1 ) ( -72.1401 48.2979 -7.52569 1 ) ( -72.1126 48.3252 -7.44252 1 ) ( -72.0869 48.3531 -7.3668 1 ) ( -72.0481 48.3874 -7.27692 1 ) ( -72.0016 48.4208 -7.19273 1 ) ( -71.9466 48.4526 -7.11091 1 ) ( -71.8837 48.4809 -7.03391 1 ) ( -71.8152 48.5051 -6.96304 1 ) ( -71.7402 48.5283 -6.89212 1 ) ( -71.6754 48.5469 -6.83392 1 ) ( -71.6021 48.5693 -6.76657 1 ) ( -71.5943 48.5722 -6.75857 1 ) 
( -72.1042 48.6886 -7.58579 1 ) ( -72.1015 48.6917 -7.57514 1 ) ( -72.0805 48.7203 -7.48043 1 ) ( -72.0594 48.749 -7.39489 1 ) ( -72.0242 48.7845 -7.29345 1 ) ( -71.9792 48.8188 -7.19854 1 ) ( -71.9244 48.8513 -7.10614 1 ) ( -71.8607 48.8801 -7.0188 1 ) ( -71.791 48.9048 -6.93767 1 ) ( -71.7146 48.9285 -6.85606 1 ) ( -71.6482 48.9473 -6.78896 1 ) ( -71.5728 48.9698 -6.71177 1 ) ( -71.5647 48.9727 -6.70266 1 ) 
( -72.0499 49.0796 -7.63374 1 ) ( -72.0477 49.0829 -7.62202 1 ) ( -72.0305 49.1125 -7.51802 1 ) ( -72.0115 49.142 -7.42463 1 ) ( -71.9772 49.1784 -7.31399 1 ) ( -71.9311 49.2135 -7.21058 1 ) ( -71.8738 49.2465 -7.10988 1 ) ( -71.8065 49.2756 -7.01445 1 ) ( -71.733 49.3006 -6.9253 1 ) ( -71.6523 49.3246 -6.83535 1 ) ( -71.5821 49.3434 -6.76133 1 ) ( -71.5019 49.3658 -6.67655 1 ) ( -71.4933 49.3686 -6.66659 1 ) 
( -71.9839 49.4658 -7.69746 1 ) ( -71.9825 49.4692 -7.68395 1 ) ( -71.9737 49.5008 -7.56417 1 ) ( -71.961 49.5316 -7.45727 1 ) ( -71.9323 49.5698 -7.33067 1 ) ( -71.8895 49.6064 -7.21235 1 ) ( -71.8343 49.6408 -7.09682 1 ) ( -71.7681 49.671 -6.98678 1 ) ( -71.6953 49.697 -6.88317 1 ) ( -71.615 49.7221 -6.77813 1 ) ( -71.5449 49.7417 -6.69152 1 ) ( -71.4644 49.7647 -6.5927 1 ) ( -71.4558 49.7676 -6.58117 1 ) 
( -71.9105 49.8393 -7.79896 1 ) ( -71.9095 49.8431 -7.78426 1 ) ( -71.9037 49.8773 -7.65414 1 ) ( -71.8924 49.9104 -7.53846 1 ) ( -71.8637 49.9511 -7.40154 1 ) ( -71.819 49.9901 -7.27368 1 ) ( -71.7605 50.0266 -7.14878 1 ) ( -71.6901 50.0588 -7.02959 1 ) ( -71.6127 50.0868 -6.91691 1 ) ( -71.5273 50.1137 -6.80242 1 ) ( -71.4527 50.1349 -6.70795 1 ) ( -71.3666 50.1593 -6.60049 1 ) ( -71.3574 50.1624 -6.58798 1 ) 
( -71.8316 50.2087 -7.9329 1 ) ( -71.8315 50.2129 -7.91615 1 ) ( -71.8335 50.2506 -7.768 1 ) ( -71.828 50.2865 -7.63684 1 ) ( -71.8043 50.3306 -7.48161 1 ) ( -71.7624 50.3728 -7.3366 1 ) ( -71.7054 50.4123 -7.1946 1 ) ( -71.6354 50.4472 -7.05854 1 ) ( -71.5581 50.4779 -6.92915 1 ) ( -71.4725 50.5076 -6.79722 1 ) ( -71.3975 50.531 -6.68819 1 ) ( -71.3105 50.5577 -6.56446 1 ) ( -71.3012 50.5609 -6.55011 1 ) 
( -71.7524 50.569 -8.07674 1 ) ( -71.7526 50.5736 -8.05746 1 ) ( -71.7578 50.6153 -7.88708 1 ) ( -71.754 50.6544 -7.73674 1 ) ( -71.7306 50.7024 -7.55878 1 ) ( -71.6869 50.7482 -7.39244 1 ) ( -71.6268 50.7911 -7.22909 1 ) ( -71.5529 50.8292 -7.07188 1 ) ( -71.4711 50.863 -6.92156 1 ) ( -71.3808 50.896 -6.76778 1 ) ( -71.3014 50.922 -6.64048 1 ) ( -71.2091 50.9513 -6.49625 1 ) ( -71.1993 50.9549 -6.47959 1 ) 
( -71.6725 50.9388 -8.22024 1 ) ( -71.6732 50.9437 -8.19948 1 ) ( -71.6827 50.9881 -8.01623 1 ) ( -71.6815 51.0292 -7.85491 1 ) ( -71.6594 51.0798 -7.66402 1 ) ( -71.6149 51.1279 -7.48565 1 ) ( -71.5527 51.173 -7.31042 1 ) ( -71.4755 51.2129 -7.14153 1 ) ( -71.3902 51.2486 -6.97966 1 ) ( -71.2959 51.2834 -6.81384 1 ) ( -71.213 51.3108 -6.6765 1 ) ( -71.1161 51.3415 -6.52115 1 ) ( -71.1058 51.3453 -6.50325 1 ) 
( -71.5988 51.3068 -8.33815 1 ) ( -71.5998 51.3117 -8.31796 1 ) ( -71.6117 51.356 -8.13966 1 ) ( -71.6114 51.3969 -7.98297 1 ) ( -71.5887 51.4473 -7.79775 1 ) ( -71.5417 51.4951 -7.62503 1 ) ( -71.4757 51.5396 -7.45583 1 ) ( -71.3936 51.5787 -7.29324 1 ) ( -71.3031 51.6136 -7.13756 1 ) ( -71.2031 51.6475 -6.97825 1 ) ( -71.1152 51.6741 -6.84649 1 ) ( -71.0122 51.7036 -6.69772 1 ) ( -71.0011 51.7071 -6.68057 1 ) 
( -71.5263 51.7087 -8.4335 1 ) ( -71.5276 51.7133 -8.41338 1 ) ( -71.5423 51.7551 -8.2357 1 ) ( -71.5434 51.7936 -8.07986 1 ) ( -71.5205 51.8411 -7.89579 1 ) ( -71.4713 51.8861 -7.72443 1 ) ( -71.4018 51.9275 -7.55689 1 ) ( -71.3153 51.9633 -7.39623 1 ) ( -71.22 51.9949 -7.24244 1 ) ( -71.1147 52.0253 -7.08512 1 ) ( -71.022 52.0489 -6.95512 1 ) ( -70.9133 52.0746 -6.80863 1 ) ( -70.9016 52.0777 -6.79175 1 ) 
( -71.4564 52.1091 -8.53132 1 ) ( -71.4579 52.1134 -8.5115 1 ) ( -71.4751 52.1523 -8.33643 1 ) ( -71.4771 52.188 -8.18318 1 ) ( -71.4537 52.2321 -8.00233 1 ) ( -71.402 52.2739 -7.8343 1 ) ( -71.3286 52.3118 -7.67043 1 ) ( -71.2373 52.3438 -7.51369 1 ) ( -71.1368 52.3717 -7.36376 1 ) ( -71.0259 52.3982 -7.21051 1 ) ( -70.9282 52.4182 -7.08403 1 ) ( -70.8133 52.4398 -6.94177 1 ) ( -70.801 52.4424 -6.92538 1 ) 
( -71.3885 52.488 -8.65776 1 ) ( -71.3902 52.4922 -8.63785 1 ) ( -71.4096 52.5306 -8.46198 1 ) ( -71.4124 52.5657 -8.30833 1 ) ( -71.3882 52.6092 -8.12715 1 ) ( -71.3339 52.6502 -7.95907 1 ) ( -71.2564 52.6872 -7.79545 1 ) ( -71.1601 52.718 -7.63921 1 ) ( -71.0542 52.7446 -7.48974 1 ) ( -70.9374 52.7698 -7.33702 1 ) ( -70.8345 52.7887 -7.21105 1 ) ( -70.7133 52.8085 -7.06966 1 ) ( -70.7003 52.811 -7.05338 1 ) 
( -71.3237 52.8176 -8.83084 1 ) ( -71.3256 52.8224 -8.81032 1 ) ( -71.3469 52.865 -8.62913 1 ) ( -71.3503 52.9036 -8.47112 1 ) ( -71.325 52.9513 -8.28488 1 ) ( -71.2676 52.9962 -8.11225 1 ) ( -71.1858 53.0368 -7.94431 1 ) ( -71.0841 53.0711 -7.78399 1 ) ( -70.9726 53.1013 -7.63048 1 ) ( -70.8496 53.13 -7.47354 1 ) ( -70.7413 53.1517 -7.34413 1 ) ( -70.6135 53.1745 -7.19909 1 ) ( -70.5997 53.1773 -7.18241 1 ) 
( -71.2588 53.075 -9.10402 1 ) ( -71.2609 53.0813 -9.08184 1 ) ( -71.2839 53.1376 -8.88609 1 ) ( -71.2875 53.188 -8.71562 1 ) ( -71.2607 53.2498 -8.5147 1 ) ( -71.1997 53.3081 -8.32839 1 ) ( -71.113 53.362 -8.14688 1 ) ( -71.0052 53.4093 -7.97323 1 ) ( -70.8873 53.4523 -7.8065 1 ) ( -70.7573 53.4944 -7.63579 1 ) ( -70.6429 53.5272 -7.49491 1 ) ( -70.5077 53.5624 -7.3371 1 ) ( -70.4931 53.5666 -7.31899 1 ) 
( -71.2073 53.2108 -9.40998 1 ) ( -71.2095 53.2193 -9.38553 1 ) ( -71.2336 53.2952 -9.16997 1 ) ( -71.2372 53.3625 -8.9824 1 ) ( -71.2087 53.4445 -8.76123 1 ) ( -71.1445 53.5218 -8.55589 1 ) ( -71.0532 53.5949 -8.35536 1 ) ( -70.9401 53.6613 -8.16285 1 ) ( -70.8165 53.7231 -7.97747 1 ) ( -70.6803 53.7848 -7.78729 1 ) ( -70.5606 53.834 -7.63011 1 ) ( -70.4188 53.8876 -7.45405 1 ) ( -70.4035 53.8938 -7.43387 1 ) 
( -71.1525 53.2978 -9.80891 1 ) ( -71.1548 53.3096 -9.78128 1 ) ( -71.1799 53.4134 -9.53783 1 ) ( -71.1832 53.5049 -9.32612 1 ) ( -71.1527 53.6159 -9.0763 1 ) ( -71.0846 53.7207 -8.844 1 ) ( -70.9881 53.8214 -8.61641 1 ) ( -70.8687 53.9152 -8.39703 1 ) ( -70.7386 54.0041 -8.18505 1 ) ( -70.5954 54.094 -7.9671 1 ) ( -70.4694 54.1669 -7.78667 1 ) ( -70.3202 54.2471 -7.58446 1 ) ( -70.3041 54.2563 -7.56133 1 ) 
( -71.1461 53.3116 -9.85153 1 ) ( -71.1484 53.3237 -9.82357 1 ) ( -71.1736 53.4303 -9.57724 1 ) ( -71.1769 53.5244 -9.36303 1 ) ( -71.1462 53.6383 -9.11026 1 ) ( -71.0776 53.7459 -8.87517 1 ) ( -70.9805 53.8494 -8.64479 1 ) ( -70.8605 53.946 -8.42264 1 ) ( -70.7296 54.0377 -8.20792 1 ) ( -70.5856 54.1305 -7.98712 1 ) ( -70.4589 54.2059 -7.80429 1 ) ( -70.3089 54.2887 -7.5994 1 ) ( -70.2926 54.2983 -7.57596 1 ) 
