 Knots U 
0 0 0 0 0.10072 0.200361 0.300454 0.400792 0.501141 0.601492 0.698772 0.799288 0.90023 1 1 1 1 
 Knots V 
0 0 0 0 0.2 0.4 0.6 0.8 1 1 1 1 
 Poles & Weights 
( -83.1 42.7786 27.9759 1 ) ( -83.0752 42.775 27.9774 1 ) ( -82.8456 42.7146 27.9864 1 ) ( -82.6378 42.6894 27.992 1 ) ( -82.3897 42.6932 27.9934 1 ) ( -82.1587 42.7333 27.991 1 ) ( -81.9313 42.8029 27.9817 1 ) ( -81.6972 42.8804 27.9528 1 ) ( -81.5485 43.0605 27.9534 1 ) ( -81.4839 43.3078 27.975 1 ) ( -81.4397 43.512 27.9854 1 ) ( -81.3847 43.7498 27.9869 1 ) ( -81.3799 43.7684 27.9858 1 ) 
( -83.1011 42.7818 27.958 1 ) ( -83.0762 42.7781 27.9594 1 ) ( -82.8467 42.717 27.9684 1 ) ( -82.6388 42.6913 27.9739 1 ) ( -82.3906 42.6952 27.9752 1 ) ( -82.1594 42.7354 27.9729 1 ) ( -81.9318 42.805 27.9639 1 ) ( -81.6982 42.8834 27.9358 1 ) ( -81.5485 43.0631 27.9366 1 ) ( -81.4819 43.3094 27.9577 1 ) ( -81.4365 43.5131 27.9675 1 ) ( -81.3804 43.7507 27.9685 1 ) ( -81.3755 43.7694 27.9674 1 ) 
( -83.1106 42.8101 27.7974 1 ) ( -83.0855 42.8057 27.7985 1 ) ( -82.8565 42.738 27.8069 1 ) ( -82.6483 42.7087 27.8117 1 ) ( -82.399 42.713 27.8127 1 ) ( -82.1654 42.7542 27.8108 1 ) ( -81.9361 42.8243 27.8043 1 ) ( -81.7071 42.9101 27.7837 1 ) ( -81.5482 43.0871 27.7864 1 ) ( -81.4641 43.3237 27.8029 1 ) ( -81.4077 43.5226 27.8079 1 ) ( -81.3413 43.7592 27.804 1 ) ( -81.3362 43.7781 27.8024 1 ) 
( -83.1189 42.8347 27.6585 1 ) ( -83.0935 42.8296 27.6594 1 ) ( -82.8649 42.7561 27.6673 1 ) ( -82.6564 42.7236 27.6715 1 ) ( -82.4062 42.7284 27.6722 1 ) ( -82.1706 42.7705 27.6706 1 ) ( -81.9397 42.841 27.6663 1 ) ( -81.7149 42.9331 27.6521 1 ) ( -81.548 43.1078 27.6565 1 ) ( -81.4486 43.336 27.669 1 ) ( -81.3828 43.5307 27.6699 1 ) ( -81.3075 43.7665 27.6617 1 ) ( -81.3022 43.7857 27.6598 1 ) 
( -83.1291 42.8653 27.4856 1 ) ( -83.1035 42.8593 27.4862 1 ) ( -82.8754 42.7787 27.4934 1 ) ( -82.6666 42.7422 27.497 1 ) ( -82.4152 42.7475 27.4972 1 ) ( -82.1771 42.7908 27.4962 1 ) ( -81.9443 42.8618 27.4945 1 ) ( -81.7245 42.9618 27.4884 1 ) ( -81.5477 43.1336 27.4949 1 ) ( -81.4295 43.3514 27.5024 1 ) ( -81.3518 43.5409 27.4981 1 ) ( -81.2654 43.7756 27.4846 1 ) ( -81.2599 43.7952 27.4822 1 ) 
( -83.1374 42.8898 27.3467 1 ) ( -83.1116 42.8832 27.3471 1 ) ( -82.8839 42.7969 27.3538 1 ) ( -82.6747 42.7572 27.3568 1 ) ( -82.4224 42.7629 27.3567 1 ) ( -82.1824 42.8071 27.356 1 ) ( -81.948 42.8784 27.3565 1 ) ( -81.7322 42.9849 27.3568 1 ) ( -81.5475 43.1543 27.365 1 ) ( -81.414 43.3637 27.3685 1 ) ( -81.3269 43.5491 27.36 1 ) ( -81.2316 43.783 27.3423 1 ) ( -81.226 43.8027 27.3396 1 ) 
( -83.1469 42.9182 27.186 1 ) ( -83.1209 42.9108 27.1862 1 ) ( -82.8936 42.8179 27.1923 1 ) ( -82.6841 42.7745 27.1947 1 ) ( -82.4308 42.7807 27.1942 1 ) ( -82.1884 42.8259 27.1939 1 ) ( -81.9523 42.8977 27.1969 1 ) ( -81.7412 43.0115 27.2046 1 ) ( -81.5472 43.1783 27.2148 1 ) ( -81.3962 43.378 27.2137 1 ) ( -81.2981 43.5586 27.2004 1 ) ( -81.1925 43.7914 27.1778 1 ) ( -81.1867 43.8115 27.1746 1 ) 
( -83.148 42.9214 27.1681 1 ) ( -83.1219 42.9139 27.1682 1 ) ( -82.8947 42.8202 27.1743 1 ) ( -82.6852 42.7764 27.1765 1 ) ( -82.4317 42.7827 27.176 1 ) ( -82.1891 42.828 27.1758 1 ) ( -81.9528 42.8999 27.1791 1 ) ( -81.7422 43.0145 27.1876 1 ) ( -81.5471 43.1809 27.198 1 ) ( -81.3942 43.3796 27.1964 1 ) ( -81.2948 43.5597 27.1826 1 ) ( -81.1881 43.7924 27.1594 1 ) ( -81.1823 43.8125 27.1562 1 ) 
