 Knots U 
0 0 0 0 0.0989206 0.197722 0.296335 0.395394 0.495717 0.595971 0.695884 0.796079 0.897527 1 1 1 1 
 Knots V 
0 0 0 0 0.10765 0.215056 0.317708 0.413363 0.523672 0.625415 0.721191 0.816612 0.908955 1 1 1 1 
 Poles & Weights 
( -82.4322 55.453 -12.2485 1 ) ( -82.4314 55.4557 -12.2383 1 ) ( -82.4244 55.4804 -12.1451 1 ) ( -82.4182 55.502 -12.0638 1 ) ( -82.4108 55.5279 -11.9665 1 ) ( -82.4038 55.5527 -11.8731 1 ) ( -82.3967 55.5774 -11.78 1 ) ( -82.3896 55.6023 -11.6862 1 ) ( -82.3825 55.6271 -11.593 1 ) ( -82.3752 55.6529 -11.4956 1 ) ( -82.369 55.6746 -11.414 1 ) ( -82.362 55.6991 -11.3218 1 ) ( -82.3612 55.7019 -11.3113 1 ) 
( -82.3624 55.4594 -12.2281 1 ) ( -82.3623 55.462 -12.2181 1 ) ( -82.3617 55.486 -12.1271 1 ) ( -82.3612 55.507 -12.0477 1 ) ( -82.3605 55.5321 -11.9527 1 ) ( -82.3599 55.5562 -11.8616 1 ) ( -82.3593 55.5802 -11.7707 1 ) ( -82.3587 55.6045 -11.6791 1 ) ( -82.3581 55.6285 -11.5881 1 ) ( -82.3575 55.6536 -11.493 1 ) ( -82.3571 55.6747 -11.4134 1 ) ( -82.3565 55.6985 -11.3234 1 ) ( -82.3565 55.7012 -11.3131 1 ) 
( -82.3634 55.8095 -12.3942 1 ) ( -82.3632 55.8106 -12.3833 1 ) ( -82.3612 55.8204 -12.2837 1 ) ( -82.3595 55.8289 -12.1968 1 ) ( -82.3589 55.8395 -12.093 1 ) ( -82.3563 55.8491 -11.9932 1 ) ( -82.3501 55.8579 -11.8934 1 ) ( -82.3447 55.867 -11.793 1 ) ( -82.3405 55.8761 -11.6933 1 ) ( -82.3352 55.8856 -11.589 1 ) ( -82.3281 55.8937 -11.5014 1 ) ( -82.3181 55.9031 -11.4024 1 ) ( -82.3171 55.9042 -11.391 1 ) 
( -82.2183 56.0455 -12.4719 1 ) ( -82.2195 56.0455 -12.4607 1 ) ( -82.2304 56.0457 -12.3585 1 ) ( -82.2402 56.0459 -12.2695 1 ) ( -82.2541 56.0466 -12.1631 1 ) ( -82.2641 56.0465 -12.0608 1 ) ( -82.2681 56.045 -11.9584 1 ) ( -82.2735 56.0439 -11.8552 1 ) ( -82.2809 56.043 -11.7529 1 ) ( -82.287 56.042 -11.6458 1 ) ( -82.2876 56.0414 -11.5558 1 ) ( -82.285 56.0411 -11.4539 1 ) ( -82.2851 56.041 -11.4422 1 ) 
( -82.0337 56.3538 -12.5789 1 ) ( -82.0367 56.3523 -12.5671 1 ) ( -82.0651 56.3397 -12.4599 1 ) ( -82.0901 56.3287 -12.3664 1 ) ( -82.1236 56.3163 -12.2549 1 ) ( -82.1505 56.3031 -12.1476 1 ) ( -82.1683 56.2879 -12.0398 1 ) ( -82.1883 56.2733 -11.9314 1 ) ( -82.2113 56.259 -11.8239 1 ) ( -82.2328 56.2438 -11.7113 1 ) ( -82.244 56.2316 -11.6165 1 ) ( -82.2517 56.2184 -11.5091 1 ) ( -82.253 56.2167 -11.4969 1 ) 
( -82.2334 56.5836 -12.7615 1 ) ( -82.234 56.5819 -12.7486 1 ) ( -82.2398 56.5666 -12.6315 1 ) ( -82.2454 56.5533 -12.5293 1 ) ( -82.2568 56.5385 -12.4076 1 ) ( -82.2605 56.5224 -12.2903 1 ) ( -82.2518 56.5036 -12.1723 1 ) ( -82.2459 56.4856 -12.0536 1 ) ( -82.2442 56.468 -11.936 1 ) ( -82.2391 56.4493 -11.8128 1 ) ( -82.2253 56.4343 -11.709 1 ) ( -82.2029 56.4181 -11.5912 1 ) ( -82.2009 56.4161 -11.5778 1 ) 
( -82.6014 56.669 -12.9171 1 ) ( -82.5975 56.6681 -12.9036 1 ) ( -82.5625 56.6597 -12.7802 1 ) ( -82.5325 56.6525 -12.6727 1 ) ( -82.5024 56.6451 -12.5446 1 ) ( -82.4647 56.6359 -12.4211 1 ) ( -82.4123 56.6232 -12.2967 1 ) ( -82.3628 56.6117 -12.1716 1 ) ( -82.3187 56.6005 -12.0477 1 ) ( -82.2686 56.5886 -11.9179 1 ) ( -82.2152 56.5793 -11.8084 1 ) ( -82.1465 56.5698 -11.684 1 ) ( -82.1394 56.5685 -11.6699 1 ) 
( -82.7065 56.9628 -13.1083 1 ) ( -82.7017 56.9605 -13.0935 1 ) ( -82.6591 56.9395 -12.9582 1 ) ( -82.6227 56.9214 -12.8402 1 ) ( -82.586 56.9011 -12.6998 1 ) ( -82.5402 56.8791 -12.5643 1 ) ( -82.4765 56.853 -12.4278 1 ) ( -82.4164 56.8281 -12.2904 1 ) ( -82.3629 56.8038 -12.1544 1 ) ( -82.3021 56.778 -12.012 1 ) ( -82.2373 56.7573 -11.8916 1 ) ( -82.154 56.7351 -11.7549 1 ) ( -82.1454 56.7323 -11.7394 1 ) 
( -82.6948 57.2513 -13.2534 1 ) ( -82.6922 57.2471 -13.2367 1 ) ( -82.6694 57.2098 -13.0842 1 ) ( -82.6503 57.1773 -12.9513 1 ) ( -82.6356 57.1402 -12.793 1 ) ( -82.6091 57.1016 -12.6403 1 ) ( -82.5616 57.0582 -12.4864 1 ) ( -82.5184 57.0162 -12.3315 1 ) ( -82.4828 56.9749 -12.1782 1 ) ( -82.4399 56.9313 -12.0176 1 ) ( -82.3877 56.8959 -11.8819 1 ) ( -82.3169 56.8572 -11.7277 1 ) ( -82.3099 56.8525 -11.7101 1 ) 
( -82.5856 57.5639 -13.379 1 ) ( -82.5863 57.5575 -13.3601 1 ) ( -82.594 57.4997 -13.1883 1 ) ( -82.6017 57.4493 -13.0384 1 ) ( -82.6202 57.391 -12.86 1 ) ( -82.6238 57.3317 -12.6879 1 ) ( -82.6032 57.2668 -12.5143 1 ) ( -82.5878 57.2035 -12.3397 1 ) ( -82.5809 57.1411 -12.1669 1 ) ( -82.5671 57.0753 -11.9859 1 ) ( -82.5369 57.0216 -11.8328 1 ) ( -82.4894 56.9623 -11.659 1 ) ( -82.4852 56.9552 -11.6392 1 ) 
( -82.5343 57.8287 -13.4999 1 ) ( -82.5371 57.8204 -13.479 1 ) ( -82.5635 57.745 -13.2885 1 ) ( -82.5875 57.6794 -13.1224 1 ) ( -82.6266 57.6031 -12.9247 1 ) ( -82.6484 57.526 -12.7339 1 ) ( -82.6433 57.4429 -12.5415 1 ) ( -82.6442 57.3614 -12.348 1 ) ( -82.6543 57.281 -12.1564 1 ) ( -82.6575 57.1964 -11.9557 1 ) ( -82.6397 57.127 -11.7861 1 ) ( -82.6046 57.0502 -11.5934 1 ) ( -82.6019 57.041 -11.5715 1 ) 
( -82.495 58.1165 -13.6344 1 ) ( -82.5001 58.1061 -13.611 1 ) ( -82.5473 58.0115 -13.3972 1 ) ( -82.5896 57.929 -13.2108 1 ) ( -82.6519 57.833 -12.989 1 ) ( -82.694 57.7365 -12.775 1 ) ( -82.7061 57.6332 -12.5592 1 ) ( -82.7251 57.5318 -12.3421 1 ) ( -82.7542 57.4315 -12.1271 1 ) ( -82.7764 57.3261 -11.902 1 ) ( -82.7722 57.2395 -11.7117 1 ) ( -82.7506 57.1434 -11.4956 1 ) ( -82.7497 57.1319 -11.471 1 ) 
( -82.4655 58.1587 -13.6476 1 ) ( -82.4709 58.1479 -13.6239 1 ) ( -82.5215 58.0503 -13.4084 1 ) ( -82.5668 57.9652 -13.2205 1 ) ( -82.6327 57.866 -12.9969 1 ) ( -82.6781 57.7664 -12.7812 1 ) ( -82.6932 57.6601 -12.5636 1 ) ( -82.7153 57.5555 -12.3447 1 ) ( -82.7475 57.4522 -12.1281 1 ) ( -82.773 57.3436 -11.9011 1 ) ( -82.7712 57.2542 -11.7093 1 ) ( -82.7523 57.1551 -11.4914 1 ) ( -82.7517 57.1433 -11.4666 1 ) 
