 Knots U 
0 0 0 0 0.100376 0.200485 0.300828 0.400801 0.50033 0.601019 0.703063 0.80152 0.89813 1 1 1 1 
 Knots V 
0 0 0 0 0.2 0.4 0.6 0.8 1 1 1 1 
 Poles & Weights 
( -83.7027 44.5962 27.9759 1 ) ( -83.7049 44.5735 27.9763 1 ) ( -83.7391 44.3676 27.9761 1 ) ( -83.7556 44.185 27.9761 1 ) ( -83.7576 43.9665 27.975 1 ) ( -83.7327 43.7608 27.9759 1 ) ( -83.6811 43.5587 27.9794 1 ) ( -83.6178 43.3558 27.9782 1 ) ( -83.565 43.1467 27.9652 1 ) ( -83.4735 42.951 27.9528 1 ) ( -83.3297 42.8394 27.9562 1 ) ( -83.1203 42.7901 27.9747 1 ) ( -83.1 42.7786 27.9759 1 ) 
( -83.7053 44.5955 27.9582 1 ) ( -83.7075 44.5728 27.9585 1 ) ( -83.742 44.3674 27.9583 1 ) ( -83.7587 44.1851 27.9583 1 ) ( -83.7606 43.967 27.9573 1 ) ( -83.7355 43.7616 27.9581 1 ) ( -83.6837 43.5598 27.9614 1 ) ( -83.62 43.3576 27.9603 1 ) ( -83.566 43.1496 27.9479 1 ) ( -83.4735 42.9549 27.936 1 ) ( -83.3297 42.8434 27.9392 1 ) ( -83.1214 42.7933 27.9568 1 ) ( -83.1011 42.7818 27.958 1 ) 
( -83.728 44.5894 27.7994 1 ) ( -83.7306 44.567 27.7995 1 ) ( -83.7683 44.3652 27.7993 1 ) ( -83.7865 44.1859 27.7992 1 ) ( -83.7877 43.9713 27.7985 1 ) ( -83.7607 43.7689 27.799 1 ) ( -83.7073 43.57 27.8009 1 ) ( -83.6391 43.3731 27.8 1 ) ( -83.575 43.1754 27.7927 1 ) ( -83.4733 42.9901 27.7858 1 ) ( -83.3298 42.8792 27.7875 1 ) ( -83.1304 42.822 27.7967 1 ) ( -83.1106 42.8101 27.7974 1 ) 
( -83.7476 44.5841 27.662 1 ) ( -83.7506 44.5619 27.662 1 ) ( -83.791 44.3634 27.6618 1 ) ( -83.8105 44.1867 27.6616 1 ) ( -83.811 43.9751 27.6612 1 ) ( -83.7826 43.7752 27.6614 1 ) ( -83.7277 43.5789 27.6621 1 ) ( -83.6556 43.3866 27.6614 1 ) ( -83.5828 43.1977 27.6584 1 ) ( -83.4732 43.0205 27.656 1 ) ( -83.3299 42.9102 27.6563 1 ) ( -83.1383 42.8468 27.6582 1 ) ( -83.1189 42.8347 27.6585 1 ) 
( -83.772 44.5775 27.491 1 ) ( -83.7756 44.5556 27.4909 1 ) ( -83.8193 44.3611 27.4906 1 ) ( -83.8404 44.1876 27.4903 1 ) ( -83.8401 43.9799 27.4902 1 ) ( -83.8097 43.7831 27.4901 1 ) ( -83.7531 43.5898 27.4893 1 ) ( -83.6762 43.4033 27.4889 1 ) ( -83.5925 43.2255 27.4913 1 ) ( -83.473 43.0584 27.4943 1 ) ( -83.33 42.9488 27.4929 1 ) ( -83.1481 42.8777 27.4858 1 ) ( -83.1291 42.8653 27.4856 1 ) 
( -83.7917 44.5721 27.3537 1 ) ( -83.7956 44.5505 27.3534 1 ) ( -83.842 44.3593 27.3531 1 ) ( -83.8644 44.1884 27.3527 1 ) ( -83.8634 43.9836 27.3529 1 ) ( -83.8316 43.7894 27.3525 1 ) ( -83.7735 43.5986 27.3505 1 ) ( -83.6927 43.4168 27.3503 1 ) ( -83.6003 43.2479 27.3571 1 ) ( -83.4728 43.0889 27.3645 1 ) ( -83.33 42.9798 27.3617 1 ) ( -83.156 42.9025 27.3474 1 ) ( -83.1374 42.8898 27.3467 1 ) 
( -83.8144 44.566 27.1949 1 ) ( -83.8187 44.5447 27.1944 1 ) ( -83.8683 44.3572 27.1941 1 ) ( -83.8922 44.1893 27.1936 1 ) ( -83.8905 43.988 27.1941 1 ) ( -83.8568 43.7967 27.1934 1 ) ( -83.7971 43.6088 27.1899 1 ) ( -83.7118 43.4323 27.19 1 ) ( -83.6093 43.2737 27.2018 1 ) ( -83.4726 43.1241 27.2143 1 ) ( -83.3301 43.0157 27.21 1 ) ( -83.1651 42.9312 27.1872 1 ) ( -83.1469 42.9182 27.186 1 ) 
( -83.8169 44.5653 27.1771 1 ) ( -83.8213 44.544 27.1766 1 ) ( -83.8712 44.3569 27.1763 1 ) ( -83.8953 44.1893 27.1758 1 ) ( -83.8935 43.9885 27.1763 1 ) ( -83.8596 43.7975 27.1756 1 ) ( -83.7997 43.61 27.172 1 ) ( -83.7139 43.434 27.1721 1 ) ( -83.6103 43.2766 27.1845 1 ) ( -83.4726 43.128 27.1975 1 ) ( -83.3301 43.0197 27.193 1 ) ( -83.1661 42.9344 27.1693 1 ) ( -83.148 42.9214 27.1681 1 ) 
