 Knots U 
0 0 0 0 0.0497561 0.099611 0.149647 0.199698 0.24974 0.299794 0.349839 0.399888 0.449956 0.499965 0.54998 0.60004 0.650091 0.700146 0.750191 0.800273 0.850276 0.900319 0.950492 1 1 1 1 
 Knots V 
0 0 0 0 0.100004 0.200008 0.30001 0.400009 0.500011 0.600003 0.700002 0.800002 0.899998 1 1 1 1 
 Poles & Weights 
( -83.7861 50.6494 -1.17941 1 ) ( -83.7466 50.6631 -1.15757 1 ) ( -83.3773 50.6529 -0.845045 1 ) ( -82.9776 50.541 -0.760754 1 ) ( -82.5007 50.4635 -0.749403 1 ) ( -82.0433 50.3737 -0.736948 1 ) ( -81.5839 50.2719 -0.71689 1 ) ( -81.1311 50.1492 -0.689348 1 ) ( -80.6706 50.0565 -0.672983 1 ) ( -80.2101 49.9624 -0.660536 1 ) ( -79.7515 49.8624 -0.653381 1 ) ( -79.2921 49.7615 -0.656215 1 ) ( -78.8404 49.6303 -0.65688 1 ) ( -78.3873 49.5072 -0.666698 1 ) ( -77.9305 49.3995 -0.696226 1 ) ( -77.4759 49.2843 -0.725314 1 ) ( -77.0213 49.1695 -0.754053 1 ) ( -76.5663 49.0518 -0.782545 1 ) ( -76.1145 48.9399 -0.807913 1 ) ( -75.6481 48.8225 -0.855462 1 ) ( -75.2464 48.6865 -0.879397 1 ) ( -74.8987 48.5351 -1.16474 1 ) ( -74.866 48.5258 -1.20888 1 ) 
( -83.7588 50.7394 -1.22748 1 ) ( -83.7194 50.7531 -1.20554 1 ) ( -83.3507 50.743 -0.893397 1 ) ( -82.9515 50.6312 -0.809675 1 ) ( -82.4753 50.5538 -0.798317 1 ) ( -82.0187 50.4642 -0.785817 1 ) ( -81.5601 50.3624 -0.765697 1 ) ( -81.108 50.2399 -0.738191 1 ) ( -80.6482 50.1474 -0.721833 1 ) ( -80.1885 50.0534 -0.709345 1 ) ( -79.7306 49.9537 -0.702252 1 ) ( -79.2719 49.8528 -0.705047 1 ) ( -78.821 49.7215 -0.705547 1 ) ( -78.3686 49.5991 -0.715575 1 ) ( -77.9126 49.4913 -0.745002 1 ) ( -77.4587 49.3763 -0.77408 1 ) ( -77.0048 49.2617 -0.802808 1 ) ( -76.5505 49.1442 -0.831291 1 ) ( -76.0994 49.0324 -0.856635 1 ) ( -75.6338 48.9152 -0.904167 1 ) ( -75.2327 48.7795 -0.927935 1 ) ( -74.8856 48.6282 -1.21291 1 ) ( -74.853 48.6188 -1.25705 1 ) 
( -83.5682 51.5794 -1.58501 1 ) ( -83.5292 51.5928 -1.56231 1 ) ( -83.1593 51.5822 -1.25375 1 ) ( -82.7592 51.4707 -1.17528 1 ) ( -82.284 51.3931 -1.1641 1 ) ( -81.8279 51.3029 -1.15142 1 ) ( -81.3702 51.1999 -1.13098 1 ) ( -80.9185 51.0782 -1.10401 1 ) ( -80.4592 50.986 -1.08795 1 ) ( -80.0003 50.8911 -1.07532 1 ) ( -79.5426 50.7926 -1.06901 1 ) ( -79.0847 50.6911 -1.07168 1 ) ( -78.6353 50.5568 -1.07095 1 ) ( -78.1823 50.4386 -1.08306 1 ) ( -77.7272 50.3295 -1.11182 1 ) ( -77.2738 50.2147 -1.14104 1 ) ( -76.8205 50.1003 -1.1699 1 ) ( -76.3667 49.9829 -1.19852 1 ) ( -75.916 49.8711 -1.22389 1 ) ( -75.4513 49.754 -1.2715 1 ) ( -75.0497 49.6198 -1.29397 1 ) ( -74.702 49.4674 -1.57599 1 ) ( -74.6697 49.4577 -1.62011 1 ) 
( -83.3932 52.3098 -1.90985 1 ) ( -83.3545 52.3229 -1.88646 1 ) ( -82.9843 52.3123 -1.58086 1 ) ( -82.5842 52.2011 -1.50684 1 ) ( -82.1105 52.1235 -1.49562 1 ) ( -81.6557 52.0331 -1.48261 1 ) ( -81.1995 51.9292 -1.46171 1 ) ( -80.7488 51.8086 -1.43503 1 ) ( -80.2907 51.7168 -1.41905 1 ) ( -79.8332 51.6215 -1.40612 1 ) ( -79.3765 51.5242 -1.4003 1 ) ( -78.92 51.4223 -1.40268 1 ) ( -78.4727 51.2857 -1.40068 1 ) ( -78.02 51.1714 -1.41445 1 ) ( -77.5665 51.0614 -1.44243 1 ) ( -77.1142 50.9471 -1.47159 1 ) ( -76.6621 50.833 -1.50039 1 ) ( -76.2096 50.7162 -1.52896 1 ) ( -75.76 50.6045 -1.55415 1 ) ( -75.2968 50.4877 -1.60165 1 ) ( -74.8954 50.3551 -1.62283 1 ) ( -74.5479 50.202 -1.90206 1 ) ( -74.516 50.1919 -1.94615 1 ) 
( -83.1874 53.1812 -2.29259 1 ) ( -83.1493 53.194 -2.26841 1 ) ( -82.7788 53.1831 -1.96675 1 ) ( -82.3787 53.0723 -1.89838 1 ) ( -81.907 52.9946 -1.88753 1 ) ( -81.4539 52.9038 -1.87452 1 ) ( -80.9997 52.7987 -1.85347 1 ) ( -80.5503 52.6792 -1.82754 1 ) ( -80.0937 52.5878 -1.81205 1 ) ( -79.6381 52.4916 -1.79916 1 ) ( -79.1826 52.3958 -1.79434 1 ) ( -78.728 52.2933 -1.79678 1 ) ( -78.2832 52.1538 -1.79368 1 ) ( -77.8309 52.044 -1.80981 1 ) ( -77.3794 51.9327 -1.83729 1 ) ( -76.9287 51.8188 -1.86678 1 ) ( -76.4781 51.7049 -1.8959 1 ) ( -76.0272 51.5885 -1.9248 1 ) ( -75.5791 51.4769 -1.9502 1 ) ( -75.1179 51.3604 -1.99797 1 ) ( -74.7168 51.2294 -2.01796 1 ) ( -74.3697 51.0754 -2.29428 1 ) ( -74.3382 51.065 -2.33837 1 ) 
( -82.9955 54.0193 -2.65314 1 ) ( -82.9577 54.0318 -2.62816 1 ) ( -82.586 54.0206 -2.32976 1 ) ( -82.1849 53.9101 -2.26636 1 ) ( -81.714 53.8323 -2.25536 1 ) ( -81.2613 53.7411 -2.24186 1 ) ( -80.8079 53.6348 -2.22015 1 ) ( -80.3588 53.5163 -2.19444 1 ) ( -79.9026 53.4253 -2.17893 1 ) ( -79.4477 53.3284 -2.16558 1 ) ( -78.9923 53.2339 -2.16122 1 ) ( -78.5384 53.1308 -2.16321 1 ) ( -78.095 52.9885 -2.15856 1 ) ( -77.6421 52.883 -2.17645 1 ) ( -77.1914 52.7704 -2.20293 1 ) ( -76.741 52.6568 -2.23224 1 ) ( -76.2909 52.5433 -2.26117 1 ) ( -75.8404 52.4272 -2.28989 1 ) ( -75.3926 52.3157 -2.315 1 ) ( -74.9322 52.1994 -2.36252 1 ) ( -74.5305 52.07 -2.38094 1 ) ( -74.1827 51.915 -2.65397 1 ) ( -74.1515 51.9042 -2.698 1 ) 
( -82.791 54.8582 -3.03171 1 ) ( -82.7536 54.8705 -3.00587 1 ) ( -82.3814 54.8594 -2.71029 1 ) ( -81.98 54.7495 -2.65149 1 ) ( -81.5107 54.6719 -2.63983 1 ) ( -81.0593 54.5807 -2.62534 1 ) ( -80.6075 54.4736 -2.6025 1 ) ( -80.1594 54.3565 -2.57652 1 ) ( -79.7043 54.2662 -2.5605 1 ) ( -79.2508 54.169 -2.5462 1 ) ( -78.7964 54.0762 -2.54181 1 ) ( -78.3439 53.9729 -2.54287 1 ) ( -77.9027 53.8281 -2.53615 1 ) ( -77.4499 53.7274 -2.55535 1 ) ( -77.0008 53.6138 -2.58034 1 ) ( -76.5516 53.5011 -2.60898 1 ) ( -76.1026 53.3881 -2.63723 1 ) ( -75.6533 53.2729 -2.66528 1 ) ( -75.2066 53.1617 -2.6896 1 ) ( -74.7478 53.046 -2.73636 1 ) ( -74.3462 52.9186 -2.75278 1 ) ( -73.9985 52.763 -3.022 1 ) ( -73.9677 52.7519 -3.06592 1 ) 
( -82.6143 55.7207 -3.36991 1 ) ( -82.5771 55.7326 -3.34338 1 ) ( -82.2026 55.7205 -3.05218 1 ) ( -81.7994 55.6103 -2.99936 1 ) ( -81.3299 55.532 -2.98868 1 ) ( -80.878 55.4397 -2.97478 1 ) ( -80.426 55.3307 -2.95238 1 ) ( -79.9771 55.2139 -2.92771 1 ) ( -79.5214 55.1233 -2.91276 1 ) ( -79.0676 55.0246 -2.89909 1 ) ( -78.6122 54.9325 -2.89626 1 ) ( -78.1594 54.8279 -2.89796 1 ) ( -77.7186 54.6797 -2.89077 1 ) ( -77.2642 54.5827 -2.91285 1 ) ( -76.8149 54.4671 -2.93793 1 ) ( -76.3651 54.354 -2.96748 1 ) ( -75.9155 54.2407 -2.99663 1 ) ( -75.4657 54.1251 -3.0256 1 ) ( -75.0183 54.0134 -3.0507 1 ) ( -74.5592 53.8972 -3.09834 1 ) ( -74.1562 53.7708 -3.11411 1 ) ( -73.8067 53.6135 -3.3811 1 ) ( -73.7761 53.602 -3.42509 1 ) 
( -82.4065 56.5479 -3.74701 1 ) ( -82.3698 56.5596 -3.71967 1 ) ( -81.9957 56.5476 -3.43166 1 ) ( -81.5931 56.4381 -3.38375 1 ) ( -81.1261 56.36 -3.37284 1 ) ( -80.6764 56.2677 -3.35837 1 ) ( -80.2268 56.1579 -3.33525 1 ) ( -79.7799 56.0426 -3.31073 1 ) ( -79.3262 55.9528 -3.29568 1 ) ( -78.8748 55.8537 -3.28148 1 ) ( -78.4212 55.7633 -3.27903 1 ) ( -77.9708 55.6585 -3.28022 1 ) ( -77.5331 55.5079 -3.2714 1 ) ( -77.0797 55.4156 -3.29516 1 ) ( -76.6329 55.2992 -3.31918 1 ) ( -76.1851 55.1868 -3.34848 1 ) ( -75.7377 55.0741 -3.37737 1 ) ( -75.29 54.9594 -3.40609 1 ) ( -74.8446 54.848 -3.43081 1 ) ( -74.388 54.7325 -3.47812 1 ) ( -73.9858 54.608 -3.49226 1 ) ( -73.6373 54.4502 -3.7559 1 ) ( -73.6072 54.4383 -3.79983 1 ) 
( -82.1981 57.418 -4.13111 1 ) ( -82.162 57.4294 -4.10295 1 ) ( -81.7876 57.4173 -3.81861 1 ) ( -81.385 57.3082 -3.77611 1 ) ( -80.9199 57.2302 -3.76529 1 ) ( -80.4719 57.1376 -3.75056 1 ) ( -80.0243 57.0267 -3.72702 1 ) ( -79.5786 56.9126 -3.70298 1 ) ( -79.1265 56.8233 -3.68815 1 ) ( -78.6769 56.7236 -3.67372 1 ) ( -78.2246 56.6347 -3.67199 1 ) ( -77.7759 56.5294 -3.67297 1 ) ( -77.3408 56.376 -3.66278 1 ) ( -76.8878 56.2883 -3.68864 1 ) ( -76.443 56.1707 -3.71188 1 ) ( -75.9967 56.0589 -3.74123 1 ) ( -75.5508 55.9466 -3.77018 1 ) ( -75.1047 55.8324 -3.79896 1 ) ( -74.6607 55.7213 -3.82362 1 ) ( -74.2061 55.6061 -3.87093 1 ) ( -73.8043 55.4834 -3.88364 1 ) ( -73.4561 55.3247 -4.1441 1 ) ( -73.4265 55.3125 -4.188 1 ) 
( -82.0294 58.154 -4.44627 1 ) ( -81.9936 58.1651 -4.41747 1 ) ( -81.6186 58.1527 -4.13646 1 ) ( -81.2155 58.0437 -4.09872 1 ) ( -80.7516 57.9655 -4.08824 1 ) ( -80.3044 57.8724 -4.07354 1 ) ( -79.8579 57.7604 -4.0499 1 ) ( -79.413 57.6471 -4.02651 1 ) ( -78.9616 57.558 -4.01212 1 ) ( -78.5131 57.4575 -3.99776 1 ) ( -78.0613 57.3697 -3.9969 1 ) ( -77.6137 57.2639 -3.99795 1 ) ( -77.1802 57.1079 -3.98686 1 ) ( -76.7271 57.0239 -4.01474 1 ) ( -76.2834 56.9051 -4.03756 1 ) ( -75.838 56.7935 -4.06723 1 ) ( -75.3929 56.6813 -4.09647 1 ) ( -74.9476 56.5673 -4.12556 1 ) ( -74.5044 56.4561 -4.15042 1 ) ( -74.0509 56.341 -4.19799 1 ) ( -73.6489 56.2196 -4.20972 1 ) ( -73.3006 56.06 -4.46776 1 ) ( -73.2713 56.0474 -4.51166 1 ) 
( -81.8179 58.9775 -4.83109 1 ) ( -81.7826 58.9884 -4.80138 1 ) ( -81.4077 58.9763 -4.52277 1 ) ( -81.0049 58.8683 -4.48925 1 ) ( -80.5432 58.7906 -4.47772 1 ) ( -80.0979 58.6978 -4.46166 1 ) ( -79.6537 58.5853 -4.4365 1 ) ( -79.2103 58.4737 -4.41246 1 ) ( -78.7607 58.3856 -4.39718 1 ) ( -78.3143 58.2851 -4.38149 1 ) ( -77.864 58.1993 -4.38021 1 ) ( -77.4185 58.0935 -4.37996 1 ) ( -76.9878 57.9354 -4.36643 1 ) ( -76.5354 57.8564 -4.39521 1 ) ( -76.0939 57.737 -4.41618 1 ) ( -75.6503 57.6264 -4.44479 1 ) ( -75.207 57.5152 -4.47298 1 ) ( -74.7635 57.4022 -4.50102 1 ) ( -74.322 57.2917 -4.52471 1 ) ( -73.8707 57.1775 -4.57112 1 ) ( -73.4694 57.0584 -4.58054 1 ) ( -73.1217 56.8985 -4.83443 1 ) ( -73.0929 56.8856 -4.87818 1 ) 
( -81.8055 59.0793 -4.85958 1 ) ( -81.7702 59.0901 -4.82982 1 ) ( -81.3944 59.0777 -4.55194 1 ) ( -80.9909 58.9694 -4.51929 1 ) ( -80.5286 58.8914 -4.50811 1 ) ( -80.0826 58.7983 -4.49235 1 ) ( -79.6377 58.6854 -4.46748 1 ) ( -79.1937 58.5735 -4.44382 1 ) ( -78.7434 58.4852 -4.4289 1 ) ( -78.2963 58.3843 -4.41351 1 ) ( -77.8453 58.2983 -4.41265 1 ) ( -77.3992 58.1922 -4.4127 1 ) ( -76.9679 58.0335 -4.39936 1 ) ( -76.5147 57.9546 -4.42869 1 ) ( -76.0727 57.8348 -4.44991 1 ) ( -75.6283 57.724 -4.47886 1 ) ( -75.1844 57.6124 -4.50739 1 ) ( -74.7402 57.4992 -4.53576 1 ) ( -74.298 57.3884 -4.55978 1 ) ( -73.8461 57.2739 -4.60654 1 ) ( -73.4441 57.1547 -4.61609 1 ) ( -73.0956 56.9944 -4.86996 1 ) ( -73.0667 56.9815 -4.91374 1 ) 
