 Knots U 
0 0 0 0 0.0999857 0.199155 0.298637 0.399348 0.49931 0.599836 0.700488 0.800223 0.90076 1 1 1 1 
 Knots V 
0 0 0 0 0.101032 0.201951 0.303205 0.403646 0.502988 0.60236 0.701377 0.800327 0.900095 1 1 1 1 
 Poles & Weights 
( -73.9752 45.95 -8.44947 1 ) ( -73.9693 45.9354 -8.46512 1 ) ( -73.9197 45.8205 -8.59118 1 ) ( -73.8829 45.6958 -8.69774 1 ) ( -73.7945 45.6148 -8.84242 1 ) ( -73.6947 45.5662 -8.98916 1 ) ( -73.6174 45.4984 -9.14315 1 ) ( -73.5536 45.4661 -9.31339 1 ) ( -73.4839 45.4304 -9.47653 1 ) ( -73.4253 45.3973 -9.65643 1 ) ( -73.3724 45.4498 -9.80475 1 ) ( -73.2375 45.4705 -9.93389 1 ) ( -73.2298 45.4579 -9.95372 1 ) 
( -73.9539 45.9529 -8.44262 1 ) ( -73.9484 45.9384 -8.45854 1 ) ( -73.8974 45.823 -8.58438 1 ) ( -73.8599 45.6985 -8.69129 1 ) ( -73.7716 45.6173 -8.83663 1 ) ( -73.6715 45.5684 -8.98358 1 ) ( -73.5944 45.5009 -9.13823 1 ) ( -73.5303 45.4687 -9.30883 1 ) ( -73.4605 45.4332 -9.47238 1 ) ( -73.4019 45.4004 -9.65273 1 ) ( -73.3495 45.4529 -9.80141 1 ) ( -73.2156 45.4738 -9.93138 1 ) ( -73.2079 45.4613 -9.95128 1 ) 
( -73.7496 45.9273 -8.39433 1 ) ( -73.7471 45.9137 -8.41252 1 ) ( -73.6856 45.8 -8.53516 1 ) ( -73.6435 45.6821 -8.64413 1 ) ( -73.5579 45.6044 -8.79394 1 ) ( -73.456 45.558 -8.94155 1 ) ( -73.382 45.4983 -9.10081 1 ) ( -73.3174 45.4718 -9.27323 1 ) ( -73.2475 45.4428 -9.43922 1 ) ( -73.191 45.4193 -9.62229 1 ) ( -73.1447 45.4755 -9.77307 1 ) ( -73.0208 45.5027 -9.90919 1 ) ( -73.0133 45.4923 -9.92955 1 ) 
( -73.5723 45.8928 -8.35887 1 ) ( -73.5726 45.8803 -8.37899 1 ) ( -73.5015 45.7697 -8.49823 1 ) ( -73.4553 45.6592 -8.6085 1 ) ( -73.3717 45.5865 -8.76163 1 ) ( -73.2682 45.5439 -8.90923 1 ) ( -73.1967 45.4928 -9.07196 1 ) ( -73.1315 45.4732 -9.24539 1 ) ( -73.0614 45.4516 -9.41294 1 ) ( -73.0065 45.4381 -9.59778 1 ) ( -72.9655 45.4991 -9.74991 1 ) ( -72.8502 45.5337 -9.89086 1 ) ( -72.8429 45.5253 -9.91155 1 ) 
( -73.3574 45.8774 -8.30831 1 ) ( -73.361 45.866 -8.33083 1 ) ( -73.2795 45.7569 -8.44706 1 ) ( -73.229 45.6533 -8.55976 1 ) ( -73.1486 45.5843 -8.71787 1 ) ( -73.0439 45.5442 -8.86646 1 ) ( -72.976 45.5012 -9.03431 1 ) ( -72.9108 45.4875 -9.20996 1 ) ( -72.8412 45.4725 -9.38036 1 ) ( -72.789 45.4687 -9.56836 1 ) ( -72.7547 45.5335 -9.72295 1 ) ( -72.6503 45.5747 -9.87061 1 ) ( -72.6433 45.5684 -9.89181 1 ) 
( -73.158 45.9021 -8.24669 1 ) ( -73.1647 45.8913 -8.27169 1 ) ( -73.0726 45.7806 -8.38654 1 ) ( -73.0175 45.6807 -8.50294 1 ) ( -72.9397 45.6118 -8.66746 1 ) ( -72.8332 45.5709 -8.81852 1 ) ( -72.7683 45.5324 -8.99286 1 ) ( -72.7026 45.5212 -9.17219 1 ) ( -72.6329 45.5094 -9.34686 1 ) ( -72.5826 45.5114 -9.53952 1 ) ( -72.5544 45.5772 -9.6978 1 ) ( -72.4599 45.6215 -9.85345 1 ) ( -72.4532 45.6168 -9.87533 1 ) 
( -72.9803 45.9828 -8.16496 1 ) ( -72.9899 45.9721 -8.19277 1 ) ( -72.8847 45.855 -8.30833 1 ) ( -72.8228 45.7546 -8.43044 1 ) ( -72.7451 45.6808 -8.60376 1 ) ( -72.6345 45.6344 -8.75948 1 ) ( -72.5702 45.5955 -8.94266 1 ) ( -72.5016 45.582 -9.12793 1 ) ( -72.4296 45.5687 -9.3091 1 ) ( -72.3788 45.5716 -9.50881 1 ) ( -72.3548 45.6341 -9.67274 1 ) ( -72.268 45.6768 -9.8387 1 ) ( -72.2613 45.6733 -9.86153 1 ) 
( -72.8186 46.0861 -8.06869 1 ) ( -72.831 46.0752 -8.0995 1 ) ( -72.7117 45.9503 -8.21765 1 ) ( -72.642 45.8481 -8.34711 1 ) ( -72.5633 45.7679 -8.53116 1 ) ( -72.4475 45.7145 -8.69337 1 ) ( -72.3827 45.6738 -8.88725 1 ) ( -72.31 45.6565 -9.08032 1 ) ( -72.2344 45.6403 -9.26982 1 ) ( -72.1819 45.6424 -9.47852 1 ) ( -72.1611 45.7005 -9.64969 1 ) ( -72.0808 45.7401 -9.82776 1 ) ( -72.0739 45.7375 -9.85176 1 ) 
( -72.658 46.1717 -7.96072 1 ) ( -72.6731 46.161 -7.99471 1 ) ( -72.54 46.0308 -8.11702 1 ) ( -72.4629 45.9291 -8.25523 1 ) ( -72.3833 45.8451 -8.45162 1 ) ( -72.2627 45.7873 -8.62189 1 ) ( -72.1976 45.7473 -8.82804 1 ) ( -72.1212 45.7287 -9.0305 1 ) ( -72.0423 45.7121 -9.22989 1 ) ( -71.9884 45.7161 -9.44924 1 ) ( -71.9709 45.7719 -9.62901 1 ) ( -71.8974 45.8109 -9.82072 1 ) ( -71.8904 45.8095 -9.8461 1 ) 
( -72.4799 46.2425 -7.8534 1 ) ( -72.4981 46.2322 -7.89069 1 ) ( -72.3517 46.099 -8.01712 1 ) ( -72.2678 46 -8.16427 1 ) ( -72.1886 45.9148 -8.37335 1 ) ( -72.064 45.8549 -8.55181 1 ) ( -71.9998 45.8182 -8.77058 1 ) ( -71.9207 45.8009 -8.98263 1 ) ( -71.8396 45.7863 -9.19214 1 ) ( -71.7855 45.7951 -9.42238 1 ) ( -71.7725 45.8507 -9.61095 1 ) ( -71.7073 45.8917 -9.81671 1 ) ( -71.7003 45.8918 -9.84349 1 ) 
( -72.3138 46.2875 -7.78883 1 ) ( -72.3346 46.2778 -7.8286 1 ) ( -72.179 46.1438 -7.95619 1 ) ( -72.0912 46.0485 -8.10873 1 ) ( -72.0143 45.964 -8.32594 1 ) ( -71.8883 45.904 -8.50895 1 ) ( -71.8267 45.8718 -8.73587 1 ) ( -71.7472 45.8573 -8.95358 1 ) ( -71.6662 45.846 -9.16921 1 ) ( -71.6139 45.8606 -9.40609 1 ) ( -71.6063 45.9175 -9.59998 1 ) ( -71.5497 45.9618 -9.81515 1 ) ( -71.5429 45.9634 -9.84281 1 ) 
( -72.1245 46.3459 -7.71963 1 ) ( -72.1485 46.3368 -7.76218 1 ) ( -71.9824 46.2014 -7.89078 1 ) ( -71.89 46.11 -8.04919 1 ) ( -71.8158 46.0259 -8.27537 1 ) ( -71.6881 45.9653 -8.46325 1 ) ( -71.6297 45.9379 -8.69915 1 ) ( -71.5498 45.926 -8.923 1 ) ( -71.4687 45.9183 -9.14531 1 ) ( -71.4185 45.9388 -9.38943 1 ) ( -71.4171 45.9969 -9.58913 1 ) ( -71.3706 46.0445 -9.81471 1 ) ( -71.364 46.0478 -9.84335 1 ) 
( -72.1059 46.3566 -7.70901 1 ) ( -72.1302 46.3476 -7.75191 1 ) ( -71.9626 46.2116 -7.88088 1 ) ( -71.8695 46.1203 -8.0402 1 ) ( -71.7953 46.0358 -8.26767 1 ) ( -71.6671 45.9748 -8.45636 1 ) ( -71.6087 45.9474 -8.69356 1 ) ( -71.5284 45.9354 -8.91836 1 ) ( -71.4471 45.9276 -9.1417 1 ) ( -71.3968 45.9485 -9.38692 1 ) ( -71.3958 46.0063 -9.5875 1 ) ( -71.3501 46.0538 -9.81454 1 ) ( -71.3436 46.0573 -9.84332 1 ) 
