 Knots U 
0 0 0 0 0.099192 0.197913 0.297264 0.397428 0.49744 0.597844 0.69823 0.79754 0.897785 1 1 1 1 
 Knots V 
0 0 0 0 0.099156 0.198252 0.298401 0.39866 0.498856 0.599053 0.699286 0.799535 0.899809 1 1 1 1 
 Poles & Weights 
( -69.764 52.0439 -10.5494 1 ) ( -69.7864 52.0543 -10.5489 1 ) ( -69.9912 52.1075 -10.5289 1 ) ( -70.1697 52.1645 -10.5146 1 ) ( -70.3602 52.2806 -10.5016 1 ) ( -70.5188 52.4235 -10.474 1 ) ( -70.6608 52.5722 -10.4083 1 ) ( -70.7801 52.6918 -10.2729 1 ) ( -70.9323 52.8327 -10.2078 1 ) ( -71.0541 52.9945 -10.121 1 ) ( -71.1049 53.1322 -10.0022 1 ) ( -71.1496 53.2978 -9.88371 1 ) ( -71.1461 53.3116 -9.85153 1 ) 
( -69.7636 52.0765 -10.5731 1 ) ( -69.7859 52.0869 -10.5726 1 ) ( -69.9898 52.1399 -10.5523 1 ) ( -70.1673 52.197 -10.5374 1 ) ( -70.3569 52.3126 -10.5237 1 ) ( -70.5146 52.4548 -10.4954 1 ) ( -70.6557 52.6029 -10.4293 1 ) ( -70.7742 52.7223 -10.2942 1 ) ( -70.9249 52.8628 -10.2286 1 ) ( -71.0453 53.0241 -10.1413 1 ) ( -71.0953 53.1614 -10.0225 1 ) ( -71.1391 53.3264 -9.90389 1 ) ( -71.1355 53.3402 -9.87188 1 ) 
( -69.7759 52.2198 -10.8703 1 ) ( -69.7981 52.2313 -10.8686 1 ) ( -70.0002 52.2978 -10.8396 1 ) ( -70.1748 52.3675 -10.8151 1 ) ( -70.3618 52.4939 -10.7888 1 ) ( -70.5176 52.6441 -10.7489 1 ) ( -70.6568 52.8011 -10.6736 1 ) ( -70.7735 52.9329 -10.5353 1 ) ( -70.9173 53.0839 -10.4592 1 ) ( -71.0315 53.2555 -10.3616 1 ) ( -71.0794 53.4017 -10.2381 1 ) ( -71.1205 53.5752 -10.1126 1 ) ( -71.1176 53.5906 -10.0816 1 ) 
( -69.7924 52.3426 -11.1341 1 ) ( -69.8147 52.3551 -11.1314 1 ) ( -70.0165 52.4336 -11.0949 1 ) ( -70.1897 52.5144 -11.0621 1 ) ( -70.3759 52.6502 -11.0251 1 ) ( -70.5313 52.8076 -10.9752 1 ) ( -70.6701 52.9724 -10.8921 1 ) ( -70.7867 53.1152 -10.7514 1 ) ( -70.9259 53.2753 -10.6662 1 ) ( -71.036 53.4561 -10.5597 1 ) ( -71.0833 53.6101 -10.4323 1 ) ( -71.1233 53.791 -10.3012 1 ) ( -71.1211 53.8079 -10.271 1 ) 
( -69.788 52.5672 -11.396 1 ) ( -69.8104 52.5799 -11.3926 1 ) ( -70.0117 52.6649 -11.3515 1 ) ( -70.1832 52.7521 -11.3126 1 ) ( -70.3684 52.8911 -11.2672 1 ) ( -70.5233 53.0494 -11.2098 1 ) ( -70.6616 53.2158 -11.1217 1 ) ( -70.778 53.3638 -10.9822 1 ) ( -70.9114 53.5273 -10.8905 1 ) ( -71.0168 53.7109 -10.778 1 ) ( -71.0631 53.8673 -10.6497 1 ) ( -71.1019 54.0497 -10.5159 1 ) ( -71.1005 54.0673 -10.4873 1 ) 
( -69.7709 52.7838 -11.6417 1 ) ( -69.7935 52.7969 -11.6377 1 ) ( -69.9959 52.888 -11.5928 1 ) ( -70.1672 52.9813 -11.5487 1 ) ( -70.353 53.1235 -11.496 1 ) ( -70.5089 53.2826 -11.4319 1 ) ( -70.6483 53.4504 -11.3397 1 ) ( -70.766 53.6034 -11.2021 1 ) ( -70.8955 53.7701 -11.1047 1 ) ( -70.9979 53.9563 -10.9872 1 ) ( -71.0448 54.115 -10.8586 1 ) ( -71.0839 54.2988 -10.7229 1 ) ( -71.0834 54.3172 -10.6958 1 ) 
( -69.7532 53.0051 -11.8894 1 ) ( -69.776 53.0185 -11.8847 1 ) ( -69.9786 53.1159 -11.8357 1 ) ( -70.1486 53.2153 -11.786 1 ) ( -70.334 53.3605 -11.7257 1 ) ( -70.4899 53.5204 -11.6546 1 ) ( -70.6294 53.6897 -11.5579 1 ) ( -70.7474 53.8477 -11.422 1 ) ( -70.872 54.0175 -11.3187 1 ) ( -70.9703 54.2063 -11.1958 1 ) ( -71.0168 54.3674 -11.0666 1 ) ( -71.0551 54.5524 -10.9287 1 ) ( -71.0555 54.5716 -10.9032 1 ) 
( -69.7404 53.2227 -12.141 1 ) ( -69.7632 53.2364 -12.1356 1 ) ( -69.9655 53.3401 -12.0823 1 ) ( -70.134 53.4459 -12.027 1 ) ( -70.3185 53.5943 -11.9588 1 ) ( -70.4739 53.7552 -11.8805 1 ) ( -70.613 53.9261 -11.7792 1 ) ( -70.7309 54.0893 -11.6448 1 ) ( -70.8501 54.2624 -11.5353 1 ) ( -70.9438 54.454 -11.4068 1 ) ( -70.9896 54.6175 -11.2769 1 ) ( -71.0268 54.804 -11.1367 1 ) ( -71.028 54.824 -11.1127 1 ) 
( -69.7246 53.4414 -12.386 1 ) ( -69.7474 53.4553 -12.3799 1 ) ( -69.949 53.5654 -12.3225 1 ) ( -70.1157 53.6773 -12.2614 1 ) ( -70.299 53.8289 -12.1855 1 ) ( -70.4536 53.9906 -12.1002 1 ) ( -70.592 54.1631 -11.9943 1 ) ( -70.7094 54.3314 -11.8613 1 ) ( -70.8229 54.5078 -11.7458 1 ) ( -70.9117 54.7022 -11.6117 1 ) ( -70.9565 54.8681 -11.4811 1 ) ( -70.9922 55.056 -11.3385 1 ) ( -70.9941 55.0767 -11.3161 1 ) 
( -69.7043 53.6731 -12.6389 1 ) ( -69.7271 53.6873 -12.6322 1 ) ( -69.9278 53.8034 -12.5707 1 ) ( -70.0922 53.9213 -12.5041 1 ) ( -70.2738 54.0757 -12.4204 1 ) ( -70.4273 54.2378 -12.328 1 ) ( -70.5645 54.4113 -12.2177 1 ) ( -70.6811 54.5844 -12.0866 1 ) ( -70.7883 54.7637 -11.9651 1 ) ( -70.8717 54.9603 -11.8257 1 ) ( -70.915 55.1283 -11.6947 1 ) ( -70.9488 55.3171 -11.5501 1 ) ( -70.9515 55.3386 -11.5292 1 ) 
( -69.6865 53.8698 -12.8495 1 ) ( -69.7095 53.8841 -12.8423 1 ) ( -69.9108 54.0051 -12.7778 1 ) ( -70.0747 54.1279 -12.7069 1 ) ( -70.2565 54.2843 -12.6171 1 ) ( -70.4106 54.4465 -12.5192 1 ) ( -70.5485 54.6207 -12.4056 1 ) ( -70.6659 54.7976 -12.2764 1 ) ( -70.7694 54.9791 -12.1503 1 ) ( -70.8498 55.1774 -12.0067 1 ) ( -70.8933 55.3468 -11.8758 1 ) ( -70.927 55.5362 -11.7297 1 ) ( -70.9306 55.5583 -11.7103 1 ) 
( -69.6746 54.0836 -13.0995 1 ) ( -69.6976 54.0983 -13.0916 1 ) ( -69.8983 54.2261 -13.0224 1 ) ( -70.0604 54.3555 -12.9455 1 ) ( -70.2409 54.5156 -12.8474 1 ) ( -70.3943 54.6793 -12.742 1 ) ( -70.5314 54.8555 -12.6234 1 ) ( -70.6484 55.0381 -12.4953 1 ) ( -70.7462 55.2233 -12.3626 1 ) ( -70.8217 55.4248 -12.2131 1 ) ( -70.8643 55.5972 -12.0811 1 ) ( -70.8965 55.7885 -11.9322 1 ) ( -70.9008 55.8114 -11.9142 1 ) 
( -69.6739 54.1069 -13.1287 1 ) ( -69.6968 54.1216 -13.1207 1 ) ( -69.897 54.2501 -13.051 1 ) ( -70.0584 54.3802 -12.9733 1 ) ( -70.2384 54.5407 -12.8744 1 ) ( -70.3911 54.7044 -12.7681 1 ) ( -70.5277 54.8809 -12.6489 1 ) ( -70.6443 55.064 -12.5208 1 ) ( -70.7409 55.2496 -12.3875 1 ) ( -70.8154 55.4514 -12.2372 1 ) ( -70.8574 55.624 -12.105 1 ) ( -70.8891 55.8155 -11.9559 1 ) ( -70.8934 55.8385 -11.938 1 ) 
