 Knots U 
0 0 0 0 0.100022 0.200268 0.300646 0.400713 0.500769 0.600965 0.700834 0.800843 0.900483 1 1 1 1 
 Knots V 
0 0 0 0 0.0988795 0.198091 0.297389 0.396922 0.496717 0.596786 0.697284 0.797983 0.898991 1 1 1 1 
 Poles & Weights 
( -71.3699 46.7139 -7.3611 1 ) ( -71.3377 46.709 -7.37972 1 ) ( -71.0299 46.6167 -7.51506 1 ) ( -70.7755 46.5699 -7.67842 1 ) ( -70.5078 46.5751 -7.918 1 ) ( -70.269 46.6149 -8.16731 1 ) ( -70.0431 46.6884 -8.42364 1 ) ( -69.8571 46.8198 -8.6889 1 ) ( -69.6727 46.9526 -8.9513 1 ) ( -69.5045 47.1185 -9.22129 1 ) ( -69.3899 47.29 -9.44696 1 ) ( -69.2813 47.5117 -9.68683 1 ) ( -69.2728 47.5406 -9.7135 1 ) 
( -71.3188 46.741 -7.33072 1 ) ( -71.2866 46.7362 -7.34963 1 ) ( -70.981 46.6446 -7.48843 1 ) ( -70.729 46.5986 -7.65484 1 ) ( -70.4639 46.6037 -7.8973 1 ) ( -70.2285 46.6427 -8.14921 1 ) ( -70.0057 46.7154 -8.40819 1 ) ( -69.8227 46.8455 -8.67596 1 ) ( -69.6416 46.9769 -8.94083 1 ) ( -69.4766 47.1414 -9.21342 1 ) ( -69.3643 47.3112 -9.44137 1 ) ( -69.2598 47.5316 -9.68342 1 ) ( -69.2516 47.5604 -9.71031 1 ) 
( -70.8851 47.0178 -7.0932 1 ) ( -70.8525 47.0132 -7.11436 1 ) ( -70.5649 46.9238 -7.28055 1 ) ( -70.3329 46.8821 -7.47116 1 ) ( -70.0897 46.8822 -7.73583 1 ) ( -69.8814 46.9109 -8.00762 1 ) ( -69.6846 46.9731 -8.28681 1 ) ( -69.5261 47.0879 -8.57368 1 ) ( -69.3723 47.2041 -8.85726 1 ) ( -69.2345 47.3514 -9.14954 1 ) ( -69.1418 47.5036 -9.39487 1 ) ( -69.0706 47.709 -9.65308 1 ) ( -69.0658 47.7362 -9.68157 1 ) 
( -70.4666 47.2511 -6.95502 1 ) ( -70.434 47.2468 -6.97738 1 ) ( -70.167 47.1609 -7.16058 1 ) ( -69.9564 47.1243 -7.3663 1 ) ( -69.737 47.1216 -7.64318 1 ) ( -69.5571 47.1428 -7.92542 1 ) ( -69.3877 47.1973 -8.21529 1 ) ( -69.2553 47.3003 -8.51189 1 ) ( -69.13 47.4048 -8.80489 1 ) ( -69.0207 47.5385 -9.1072 1 ) ( -68.9492 47.6767 -9.36166 1 ) ( -68.9119 47.8705 -9.62704 1 ) ( -68.9105 47.8964 -9.65619 1 ) 
( -70.0034 47.5646 -6.75894 1 ) ( -69.9706 47.5603 -6.78309 1 ) ( -69.725 47.4757 -6.98987 1 ) ( -69.5375 47.4425 -7.21646 1 ) ( -69.3435 47.4336 -7.51131 1 ) ( -69.1944 47.4429 -7.8093 1 ) ( -69.0548 47.4852 -8.11519 1 ) ( -68.9505 47.5713 -8.4267 1 ) ( -68.8562 47.6588 -8.73421 1 ) ( -68.7779 47.7734 -9.05186 1 ) ( -68.729 47.8923 -9.32008 1 ) ( -68.7292 48.0692 -9.5973 1 ) ( -68.7315 48.0934 -9.62757 1 ) 
( -69.5835 47.9022 -6.58197 1 ) ( -69.5504 47.8976 -6.60773 1 ) ( -69.3238 47.8112 -6.83619 1 ) ( -69.1571 47.7787 -7.082 1 ) ( -68.9858 47.7605 -7.39313 1 ) ( -68.8649 47.7554 -7.70531 1 ) ( -68.7522 47.7832 -8.02566 1 ) ( -68.6734 47.8499 -8.35055 1 ) ( -68.6073 47.9182 -8.67106 1 ) ( -68.5571 48.0114 -9.0025 1 ) ( -68.5286 48.1091 -9.28312 1 ) ( -68.5631 48.267 -9.57078 1 ) ( -68.5689 48.2891 -9.60204 1 ) 
( -69.15 48.2498 -6.43872 1 ) ( -69.1166 48.245 -6.46574 1 ) ( -68.9108 48.1566 -6.71271 1 ) ( -68.7665 48.1247 -6.97497 1 ) ( -68.6198 48.0972 -7.29902 1 ) ( -68.5288 48.0774 -7.62214 1 ) ( -68.4449 48.0903 -7.95367 1 ) ( -68.3933 48.1374 -8.28866 1 ) ( -68.3572 48.1861 -8.61892 1 ) ( -68.337 48.2576 -8.96075 1 ) ( -68.3304 48.3338 -9.25093 1 ) ( -68.4013 48.4723 -9.54573 1 ) ( -68.4106 48.4924 -9.57762 1 ) 
( -68.7331 48.6265 -6.32562 1 ) ( -68.6995 48.6211 -6.35357 1 ) ( -68.5133 48.5284 -6.61618 1 ) ( -68.3903 48.4951 -6.89239 1 ) ( -68.267 48.4557 -7.22638 1 ) ( -68.2048 48.4189 -7.55757 1 ) ( -68.1486 48.4145 -7.89738 1 ) ( -68.1232 48.4395 -8.23958 1 ) ( -68.116 48.4663 -8.5767 1 ) ( -68.1247 48.5136 -8.92594 1 ) ( -68.139 48.5662 -9.22316 1 ) ( -68.245 48.6829 -9.52222 1 ) ( -68.2579 48.7007 -9.55442 1 ) 
( -68.3464 49.0311 -6.22869 1 ) ( -68.3122 49.0249 -6.25741 1 ) ( -68.1434 48.9249 -6.53409 1 ) ( -68.0397 48.8876 -6.82286 1 ) ( -67.9374 48.8335 -7.16524 1 ) ( -67.9016 48.7771 -7.50303 1 ) ( -67.8707 48.7526 -7.84963 1 ) ( -67.869 48.753 -8.19758 1 ) ( -67.8883 48.7552 -8.54011 1 ) ( -67.9234 48.7755 -8.89524 1 ) ( -67.9566 48.8024 -9.19822 1 ) ( -68.0952 48.8947 -9.50011 1 ) ( -68.1114 48.9099 -9.53247 1 ) 
( -67.9763 49.4884 -6.17167 1 ) ( -67.9412 49.481 -6.20071 1 ) ( -67.7875 49.3705 -6.48778 1 ) ( -67.7013 49.3263 -6.78592 1 ) ( -67.6178 49.2536 -7.13257 1 ) ( -67.6065 49.1735 -7.47293 1 ) ( -67.5989 49.125 -7.82227 1 ) ( -67.619 49.0965 -8.17187 1 ) ( -67.663 49.07 -8.51572 1 ) ( -67.7224 49.0589 -8.87252 1 ) ( -67.7727 49.0561 -9.17773 1 ) ( -67.9424 49.1198 -9.47824 1 ) ( -67.9616 49.1319 -9.51029 1 ) 
( -67.6759 49.8854 -6.13613 1 ) ( -67.6399 49.8767 -6.16531 1 ) ( -67.4981 49.7562 -6.4599 1 ) ( -67.4258 49.7052 -6.76486 1 ) ( -67.3572 49.6157 -7.11386 1 ) ( -67.3657 49.5145 -7.45521 1 ) ( -67.3767 49.4447 -7.80564 1 ) ( -67.4143 49.3908 -8.15544 1 ) ( -67.4781 49.3389 -8.49922 1 ) ( -67.5571 49.3004 -8.85618 1 ) ( -67.6211 49.2717 -9.16223 1 ) ( -67.816 49.3101 -9.46038 1 ) ( -67.8376 49.3195 -9.49205 1 ) 
( -67.384 50.371 -6.14896 1 ) ( -67.3465 50.3607 -6.17771 1 ) ( -67.2133 50.2254 -6.4756 1 ) ( -67.1526 50.164 -6.78373 1 ) ( -67.0959 50.0519 -7.12994 1 ) ( -67.1221 49.9236 -7.46713 1 ) ( -67.1496 49.8262 -7.8135 1 ) ( -67.202 49.74 -8.15823 1 ) ( -67.2836 49.6561 -8.49665 1 ) ( -67.3799 49.5828 -8.84834 1 ) ( -67.4551 49.5218 -9.15072 1 ) ( -67.6739 49.5283 -9.44092 1 ) ( -67.6978 49.5343 -9.47158 1 ) 
( -67.353 50.4267 -6.15917 1 ) ( -67.3153 50.4162 -6.18778 1 ) ( -67.1828 50.2792 -6.48517 1 ) ( -67.1233 50.2166 -6.79291 1 ) ( -67.0677 50.1019 -7.13789 1 ) ( -67.0956 49.9704 -7.47374 1 ) ( -67.1247 49.8699 -7.81876 1 ) ( -67.1787 49.7801 -8.16204 1 ) ( -67.2621 49.6925 -8.49898 1 ) ( -67.36 49.6152 -8.84916 1 ) ( -67.4363 49.5504 -9.15036 1 ) ( -67.6576 49.5533 -9.43877 1 ) ( -67.6817 49.5589 -9.46922 1 ) 
