 Knots U 
0 0 0 0 0.0999205 0.197956 0.296699 0.397523 0.497569 0.599502 0.699096 0.799612 0.899165 1 1 1 1 
 Knots V 
0 0 0 0 0.100636 0.2003 0.300232 0.400113 0.499926 0.600067 0.700054 0.799244 0.899733 1 1 1 1 
 Poles & Weights 
( -74.7835 52.9792 -0.0795639 1 ) ( -74.8054 52.9883 -0.065913 1 ) ( -75.0111 53.0985 -0.0842831 1 ) ( -75.1751 53.1835 -0.00492264 1 ) ( -75.3475 53.2937 0.12683 1 ) ( -75.4917 53.4263 0.238614 1 ) ( -75.6085 53.563 0.385548 1 ) ( -75.6729 53.6685 0.573965 1 ) ( -75.7337 53.7721 0.775164 1 ) ( -75.7687 53.8273 0.999183 1 ) ( -75.7705 53.8399 1.20516 1 ) ( -75.7332 53.8572 1.42535 1 ) ( -75.7241 53.8501 1.45083 1 ) 
( -74.7584 52.9928 -0.0917608 1 ) ( -74.7808 53.0024 -0.0781751 1 ) ( -74.9859 53.1167 -0.0944237 1 ) ( -75.1502 53.2058 -0.0142464 1 ) ( -75.3229 53.3206 0.118058 1 ) ( -75.4663 53.4577 0.230763 1 ) ( -75.5831 53.5988 0.378156 1 ) ( -75.6471 53.7091 0.567125 1 ) ( -75.7078 53.8175 0.768368 1 ) ( -75.7421 53.8779 0.992942 1 ) ( -75.744 53.8956 1.19931 1 ) ( -75.7068 53.918 1.41967 1 ) ( -75.6973 53.9113 1.44546 1 ) 
( -74.6631 53.2586 -0.135637 1 ) ( -74.6875 53.2689 -0.123496 1 ) ( -74.8697 53.3968 -0.127299 1 ) ( -75.0199 53.5004 -0.0459728 1 ) ( -75.1762 53.6311 0.0840973 1 ) ( -75.2942 53.7842 0.198374 1 ) ( -75.3927 53.941 0.342798 1 ) ( -75.435 54.0695 0.530023 1 ) ( -75.4762 54.1965 0.724635 1 ) ( -75.4854 54.2785 0.947133 1 ) ( -75.4716 54.3203 1.15099 1 ) ( -75.4172 54.3637 1.36586 1 ) ( -75.4022 54.3586 1.39384 1 ) 
( -74.5119 53.4328 -0.208055 1 ) ( -74.5394 53.4445 -0.198159 1 ) ( -74.7107 53.5912 -0.198282 1 ) ( -74.8575 53.7136 -0.122852 1 ) ( -75.0096 53.8656 -0.00281483 1 ) ( -75.115 54.0394 0.105369 1 ) ( -75.2074 54.2171 0.239236 1 ) ( -75.2401 54.3684 0.417413 1 ) ( -75.2742 54.519 0.598273 1 ) ( -75.2713 54.627 0.811033 1 ) ( -75.2524 54.6962 1.0059 1 ) ( -75.1929 54.7653 1.20801 1 ) ( -75.1739 54.7621 1.23728 1 ) 
( -74.3329 53.6354 -0.30685 1 ) ( -74.3639 53.648 -0.300665 1 ) ( -74.5212 53.8101 -0.30478 1 ) ( -74.6626 53.9486 -0.244039 1 ) ( -74.8084 54.1183 -0.144811 1 ) ( -74.8975 54.31 -0.0521918 1 ) ( -74.9815 54.5052 0.0603992 1 ) ( -75.0016 54.6767 0.219539 1 ) ( -75.0261 54.8479 0.375443 1 ) ( -75.0076 54.9796 0.567918 1 ) ( -74.9813 55.075 0.744657 1 ) ( -74.9144 55.1672 0.922965 1 ) ( -74.8906 55.1657 0.952995 1 ) 
( -74.2042 53.8549 -0.416411 1 ) ( -74.2375 53.8671 -0.414195 1 ) ( -74.3734 54.0347 -0.42526 1 ) ( -74.5022 54.18 -0.38154 1 ) ( -74.6333 54.3569 -0.305683 1 ) ( -74.6988 54.5563 -0.231167 1 ) ( -74.7661 54.7584 -0.142342 1 ) ( -74.766 54.94 -0.00464063 1 ) ( -74.7727 55.1212 0.123991 1 ) ( -74.7308 55.2658 0.293661 1 ) ( -74.6903 55.378 0.450143 1 ) ( -74.6078 55.4826 0.602284 1 ) ( -74.5787 55.482 0.632767 1 ) 
( -74.0628 54.0315 -0.576742 1 ) ( -74.0983 54.0439 -0.577843 1 ) ( -74.2116 54.2203 -0.590506 1 ) ( -74.3269 54.3755 -0.558948 1 ) ( -74.4422 54.563 -0.500863 1 ) ( -74.4828 54.7735 -0.439183 1 ) ( -74.5324 54.9861 -0.368625 1 ) ( -74.511 55.1811 -0.247139 1 ) ( -74.4989 55.3759 -0.140376 1 ) ( -74.4322 55.5369 0.0119833 1 ) ( -74.3765 55.6691 0.152901 1 ) ( -74.2775 55.7896 0.284302 1 ) ( -74.2428 55.7901 0.315734 1 ) 
( -73.9076 54.1622 -0.770909 1 ) ( -73.9451 54.1738 -0.775574 1 ) ( -74.0351 54.353 -0.791855 1 ) ( -74.1361 54.5126 -0.774294 1 ) ( -74.2347 54.7041 -0.736097 1 ) ( -74.2497 54.9197 -0.689243 1 ) ( -74.2806 55.1363 -0.639031 1 ) ( -74.2372 55.3387 -0.535734 1 ) ( -74.2053 55.5407 -0.452884 1 ) ( -74.1131 55.7117 -0.319911 1 ) ( -74.0415 55.8583 -0.196332 1 ) ( -73.9249 55.9884 -0.0877229 1 ) ( -73.8847 55.9895 -0.0555284 1 ) 
( -73.7405 54.251 -0.973995 1 ) ( -73.7814 54.2616 -0.98325 1 ) ( -73.8581 54.4407 -1.0114 1 ) ( -73.9541 54.6017 -1.01541 1 ) ( -74.0468 54.7942 -1.00584 1 ) ( -74.0464 55.0118 -0.982013 1 ) ( -74.0693 55.2293 -0.96074 1 ) ( -74.0139 55.436 -0.883788 1 ) ( -73.9729 55.642 -0.833319 1 ) ( -73.866 55.8198 -0.728312 1 ) ( -73.7874 55.978 -0.629403 1 ) ( -73.664 56.1144 -0.552087 1 ) ( -73.6192 56.1158 -0.519886 1 ) 
( -73.5299 54.2424 -1.17054 1 ) ( -73.5754 54.2514 -1.18537 1 ) ( -73.6464 54.4272 -1.23153 1 ) ( -73.7449 54.5868 -1.26349 1 ) ( -73.8403 54.7768 -1.29022 1 ) ( -73.832 54.9932 -1.29632 1 ) ( -73.8554 55.2082 -1.31157 1 ) ( -73.7957 55.4162 -1.26807 1 ) ( -73.7538 55.6231 -1.25774 1 ) ( -73.64 55.8047 -1.1882 1 ) ( -73.5618 55.9722 -1.12043 1 ) ( -73.4398 56.112 -1.0821 1 ) ( -73.3909 56.1135 -1.05037 1 ) 
( -73.3429 54.1916 -1.32201 1 ) ( -73.3921 54.1988 -1.34137 1 ) ( -73.4576 54.368 -1.40183 1 ) ( -73.5574 54.5231 -1.45633 1 ) ( -73.6544 54.7069 -1.51237 1 ) ( -73.6388 54.9187 -1.54258 1 ) ( -73.6617 55.1276 -1.58734 1 ) ( -73.5979 55.3329 -1.57087 1 ) ( -73.5545 55.5366 -1.59303 1 ) ( -73.4343 55.7174 -1.55214 1 ) ( -73.3557 55.8892 -1.50953 1 ) ( -73.2342 56.0277 -1.50274 1 ) ( -73.1818 56.0289 -1.47137 1 ) 
( -73.1457 54.177 -1.50315 1 ) ( -73.1988 54.182 -1.52751 1 ) ( -73.2554 54.342 -1.60315 1 ) ( -73.3543 54.4899 -1.68225 1 ) ( -73.4501 54.6647 -1.77045 1 ) ( -73.4235 54.8692 -1.82698 1 ) ( -73.4431 55.0693 -1.90415 1 ) ( -73.3717 55.2696 -1.9173 1 ) ( -73.3238 55.4675 -1.97526 1 ) ( -73.1935 55.6453 -1.96579 1 ) ( -73.112 55.8203 -1.95081 1 ) ( -72.9882 55.9555 -1.97875 1 ) ( -72.9316 55.9561 -1.94767 1 ) 
( -73.1175 54.1631 -1.52263 1 ) ( -73.1711 54.1678 -1.54756 1 ) ( -73.2267 54.3271 -1.62474 1 ) ( -73.3255 54.4745 -1.70656 1 ) ( -73.4213 54.6486 -1.79835 1 ) ( -73.3935 54.8527 -1.85778 1 ) ( -73.4128 55.052 -1.93857 1 ) ( -73.3406 55.2521 -1.95504 1 ) ( -73.2922 55.4497 -2.01704 1 ) ( -73.1608 55.6276 -2.01108 1 ) ( -73.0791 55.8033 -1.99919 1 ) ( -72.9551 55.9384 -2.03104 1 ) ( -72.898 55.9391 -1.99997 1 ) 
