 Knots U 
0 0 0 0 0.101247 0.201312 0.300071 0.399143 0.499461 0.600382 0.700643 0.799859 0.899348 1 1 1 1 
 Knots V 
0 0 0 0 0.05 0.1 0.15 0.2 0.25 0.3 0.35 0.4 0.45 0.5 0.55 0.6 0.65 0.7 0.75 0.8 0.85 0.9 0.95 1 1 1 1 
 Poles & Weights 
( -81.9301 45.3251 27.1817 1 ) ( -81.912 45.3151 27.1813 1 ) ( -81.7585 45.2183 27.1792 1 ) ( -81.6291 45.1267 27.1777 1 ) ( -81.4892 45.002 27.1769 1 ) ( -81.3801 44.8587 27.1778 1 ) ( -81.2912 44.699 27.178 1 ) ( -81.2206 44.5296 27.1748 1 ) ( -81.168 44.3564 27.1681 1 ) ( -81.145 44.1698 27.1616 1 ) ( -81.1523 44.0112 27.1584 1 ) ( -81.1796 43.8331 27.1563 1 ) ( -81.1823 43.8125 27.1562 1 ) 
( -81.9123 45.3251 27.1128 1 ) ( -81.8942 45.3151 27.1124 1 ) ( -81.7407 45.2183 27.1103 1 ) ( -81.6114 45.1267 27.1088 1 ) ( -81.4714 45.002 27.108 1 ) ( -81.3624 44.8587 27.1089 1 ) ( -81.2735 44.699 27.1091 1 ) ( -81.2029 44.5296 27.1059 1 ) ( -81.1503 44.3563 27.0993 1 ) ( -81.1274 44.1698 27.0928 1 ) ( -81.1347 44.0112 27.0897 1 ) ( -81.162 43.8331 27.0876 1 ) ( -81.1647 43.8125 27.0874 1 ) 
( -81.7537 45.3251 26.4974 1 ) ( -81.7356 45.3151 26.4971 1 ) ( -81.5823 45.2182 26.4951 1 ) ( -81.4531 45.1265 26.4937 1 ) ( -81.3133 45.0018 26.4929 1 ) ( -81.2044 44.8585 26.4937 1 ) ( -81.1156 44.6988 26.4939 1 ) ( -81.0452 44.5295 26.4909 1 ) ( -80.9929 44.3562 26.4846 1 ) ( -80.9701 44.1697 26.4784 1 ) ( -80.9774 44.0112 26.4755 1 ) ( -81.0047 43.8332 26.4735 1 ) ( -81.0074 43.8126 26.4734 1 ) 
( -81.6147 45.3251 25.9583 1 ) ( -81.5966 45.3151 25.9579 1 ) ( -81.4434 45.2182 25.9561 1 ) ( -81.3143 45.1264 25.9547 1 ) ( -81.1747 45.0017 25.954 1 ) ( -81.0659 44.8584 25.9547 1 ) ( -80.9773 44.6987 25.9549 1 ) ( -80.9071 44.5294 25.9521 1 ) ( -80.855 44.3562 25.946 1 ) ( -80.8324 44.1697 25.9401 1 ) ( -80.8397 44.0112 25.9373 1 ) ( -80.8669 43.8333 25.9354 1 ) ( -80.8696 43.8128 25.9353 1 ) 
( -81.4492 45.325 25.3163 1 ) ( -81.4311 45.3151 25.3159 1 ) ( -81.2781 45.2181 25.3142 1 ) ( -81.1491 45.1263 25.3128 1 ) ( -81.0096 45.0015 25.3122 1 ) ( -80.901 44.8582 25.3129 1 ) ( -80.8125 44.6986 25.3131 1 ) ( -80.7425 44.5293 25.3104 1 ) ( -80.6907 44.3561 25.3047 1 ) ( -80.6683 44.1696 25.2991 1 ) ( -80.6756 44.0113 25.2965 1 ) ( -80.7028 43.8334 25.2948 1 ) ( -80.7055 43.8129 25.2946 1 ) 
( -81.2908 45.325 24.7018 1 ) ( -81.2727 45.315 24.7015 1 ) ( -81.1199 45.218 24.6998 1 ) ( -80.991 45.1262 24.6986 1 ) ( -80.8516 45.0013 24.6979 1 ) ( -80.7431 44.8581 24.6986 1 ) ( -80.6548 44.6984 24.6988 1 ) ( -80.5851 44.5292 24.6963 1 ) ( -80.5335 44.356 24.6909 1 ) ( -80.5113 44.1696 24.6857 1 ) ( -80.5186 44.0113 24.6832 1 ) ( -80.5457 43.8336 24.6816 1 ) ( -80.5484 43.813 24.6814 1 ) 
( -81.1305 45.325 24.08 1 ) ( -81.1125 45.315 24.0797 1 ) ( -80.9597 45.2179 24.0781 1 ) ( -80.831 45.126 24.0769 1 ) ( -80.6918 45.0012 24.0763 1 ) ( -80.5834 44.8579 24.077 1 ) ( -80.4953 44.6983 24.0771 1 ) ( -80.4257 44.529 24.0748 1 ) ( -80.3744 44.3559 24.0697 1 ) ( -80.3523 44.1695 24.0648 1 ) ( -80.3597 44.0113 24.0625 1 ) ( -80.3868 43.8337 24.061 1 ) ( -80.3894 43.8132 24.0609 1 ) 
( -80.9707 45.325 23.4601 1 ) ( -80.9527 45.315 23.4598 1 ) ( -80.8001 45.2178 23.4584 1 ) ( -80.6715 45.1259 23.4572 1 ) ( -80.5324 45.001 23.4567 1 ) ( -80.4242 44.8578 23.4573 1 ) ( -80.3362 44.6981 23.4574 1 ) ( -80.2669 44.5289 23.4553 1 ) ( -80.2158 44.3558 23.4505 1 ) ( -80.1939 44.1695 23.446 1 ) ( -80.2013 44.0113 23.4438 1 ) ( -80.2284 43.8338 23.4424 1 ) ( -80.231 43.8133 23.4423 1 ) 
( -80.8108 45.325 22.8397 1 ) ( -80.7928 45.315 22.8395 1 ) ( -80.6403 45.2177 22.8381 1 ) ( -80.5119 45.1258 22.837 1 ) ( -80.3729 45.0009 22.8365 1 ) ( -80.2648 44.8576 22.8371 1 ) ( -80.177 44.698 22.8372 1 ) ( -80.1079 44.5288 22.8352 1 ) ( -80.0571 44.3557 22.8308 1 ) ( -80.0354 44.1695 22.8266 1 ) ( -80.0428 44.0114 22.8246 1 ) ( -80.0698 43.8339 22.8233 1 ) ( -80.0724 43.8134 22.8232 1 ) 
( -80.6509 45.325 22.2195 1 ) ( -80.6329 45.315 22.2192 1 ) ( -80.4806 45.2177 22.2179 1 ) ( -80.3523 45.1256 22.217 1 ) ( -80.2135 45.0007 22.2165 1 ) ( -80.1055 44.8575 22.217 1 ) ( -80.0178 44.6978 22.2172 1 ) ( -79.9489 44.5287 22.2153 1 ) ( -79.8984 44.3556 22.2112 1 ) ( -79.8769 44.1694 22.2073 1 ) ( -79.8843 44.0114 22.2055 1 ) ( -79.9113 43.8341 22.2043 1 ) ( -79.9139 43.8136 22.2043 1 ) 
( -80.491 45.325 21.5992 1 ) ( -80.473 45.315 21.599 1 ) ( -80.3209 45.2176 21.5978 1 ) ( -80.1927 45.1255 21.5969 1 ) ( -80.054 45.0005 21.5964 1 ) ( -79.9462 44.8573 21.5969 1 ) ( -79.8587 44.6977 21.5971 1 ) ( -79.79 44.5286 21.5953 1 ) ( -79.7397 44.3555 21.5916 1 ) ( -79.7183 44.1694 21.588 1 ) ( -79.7258 44.0114 21.5864 1 ) ( -79.7527 43.8342 21.5853 1 ) ( -79.7553 43.8137 21.5853 1 ) 
( -80.3311 45.325 20.9789 1 ) ( -80.3131 45.3149 20.9787 1 ) ( -80.1611 45.2175 20.9776 1 ) ( -80.0331 45.1254 20.9768 1 ) ( -79.8946 45.0004 20.9764 1 ) ( -79.7869 44.8571 20.9768 1 ) ( -79.6995 44.6976 20.977 1 ) ( -79.631 44.5284 20.9754 1 ) ( -79.581 44.3554 20.972 1 ) ( -79.5598 44.1693 20.9687 1 ) ( -79.5673 44.0114 20.9672 1 ) ( -79.5942 43.8343 20.9663 1 ) ( -79.5968 43.8138 20.9663 1 ) 
( -80.1712 45.325 20.3586 1 ) ( -80.1532 45.3149 20.3584 1 ) ( -80.0014 45.2174 20.3574 1 ) ( -79.8735 45.1253 20.3567 1 ) ( -79.7351 45.0002 20.3563 1 ) ( -79.6275 44.857 20.3567 1 ) ( -79.5403 44.6974 20.3569 1 ) ( -79.4721 44.5283 20.3555 1 ) ( -79.4223 44.3553 20.3524 1 ) ( -79.4013 44.1693 20.3494 1 ) ( -79.4088 44.0115 20.3481 1 ) ( -79.4356 43.8344 20.3473 1 ) ( -79.4382 43.814 20.3473 1 ) 
( -80.0113 45.325 19.7383 1 ) ( -79.9933 45.3149 19.7382 1 ) ( -79.8417 45.2173 19.7373 1 ) ( -79.7139 45.1251 19.7366 1 ) ( -79.5757 45.0001 19.7363 1 ) ( -79.4682 44.8568 19.7366 1 ) ( -79.3812 44.6973 19.7368 1 ) ( -79.3131 44.5282 19.7355 1 ) ( -79.2636 44.3552 19.7328 1 ) ( -79.2428 44.1692 19.7302 1 ) ( -79.2503 44.0115 19.729 1 ) ( -79.2771 43.8345 19.7283 1 ) ( -79.2797 43.8141 19.7283 1 ) 
( -79.8514 45.325 19.1181 1 ) ( -79.8335 45.3149 19.1179 1 ) ( -79.6819 45.2173 19.1171 1 ) ( -79.5543 45.125 19.1165 1 ) ( -79.4162 44.9999 19.1162 1 ) ( -79.3089 44.8567 19.1166 1 ) ( -79.222 44.6971 19.1167 1 ) ( -79.1541 44.5281 19.1156 1 ) ( -79.1049 44.3551 19.1132 1 ) ( -79.0843 44.1692 19.1109 1 ) ( -79.0919 44.0115 19.1099 1 ) ( -79.1186 43.8347 19.1093 1 ) ( -79.1211 43.8142 19.1093 1 ) 
( -79.6914 45.325 18.4977 1 ) ( -79.6735 45.3149 18.4976 1 ) ( -79.5222 45.2172 18.4969 1 ) ( -79.3947 45.1249 18.4963 1 ) ( -79.2567 44.9997 18.4961 1 ) ( -79.1495 44.8565 18.4964 1 ) ( -79.0628 44.697 18.4965 1 ) ( -78.9952 44.528 18.4955 1 ) ( -78.9462 44.355 18.4935 1 ) ( -78.9257 44.1691 18.4915 1 ) ( -78.9333 44.0115 18.4907 1 ) ( -78.96 43.8348 18.4902 1 ) ( -78.9626 43.8144 18.4902 1 ) 
( -79.5316 45.3249 17.8778 1 ) ( -79.5138 45.3149 17.8777 1 ) ( -79.3625 45.2171 17.8771 1 ) ( -79.2352 45.1247 17.8767 1 ) ( -79.0974 44.9996 17.8764 1 ) ( -78.9903 44.8563 17.8767 1 ) ( -78.9037 44.6968 17.8768 1 ) ( -78.8363 44.5278 17.876 1 ) ( -78.7876 44.3549 17.8743 1 ) ( -78.7673 44.1691 17.8726 1 ) ( -78.775 44.0116 17.872 1 ) ( -78.8016 43.8349 17.8716 1 ) ( -78.8041 43.8145 17.8716 1 ) 
( -79.3713 45.3249 17.256 1 ) ( -79.3535 45.3148 17.2559 1 ) ( -79.2024 45.217 17.2554 1 ) ( -79.0751 45.1246 17.255 1 ) ( -78.9375 44.9994 17.2548 1 ) ( -78.8306 44.8562 17.255 1 ) ( -78.7442 44.6967 17.2551 1 ) ( -78.6769 44.5277 17.2545 1 ) ( -78.6285 44.3548 17.2531 1 ) ( -78.6084 44.1691 17.2518 1 ) ( -78.6161 44.0116 17.2513 1 ) ( -78.6426 43.835 17.2511 1 ) ( -78.6452 43.8146 17.2511 1 ) 
( -79.2129 45.3249 16.6415 1 ) ( -79.1951 45.3148 16.6415 1 ) ( -79.0442 45.2169 16.641 1 ) ( -78.917 45.1245 16.6407 1 ) ( -78.7796 44.9992 16.6406 1 ) ( -78.6728 44.856 16.6408 1 ) ( -78.5865 44.6966 16.6409 1 ) ( -78.5195 44.5276 16.6404 1 ) ( -78.4713 44.3547 16.6393 1 ) ( -78.4514 44.169 16.6383 1 ) ( -78.4591 44.0116 16.638 1 ) ( -78.4856 43.8352 16.6379 1 ) ( -78.4881 43.8148 16.6379 1 ) 
( -79.0474 45.3249 15.9995 1 ) ( -79.0296 45.3148 15.9995 1 ) ( -78.8788 45.2168 15.9992 1 ) ( -78.7518 45.1244 15.9989 1 ) ( -78.6145 44.9991 15.9988 1 ) ( -78.5078 44.8559 15.9989 1 ) ( -78.4217 44.6964 15.999 1 ) ( -78.355 44.5275 15.9987 1 ) ( -78.307 44.3546 15.998 1 ) ( -78.2873 44.169 15.9973 1 ) ( -78.295 44.0116 15.9972 1 ) ( -78.3215 43.8353 15.9972 1 ) ( -78.324 43.8149 15.9972 1 ) 
( -78.9084 45.3249 15.4603 1 ) ( -78.8906 45.3148 15.4603 1 ) ( -78.74 45.2168 15.4601 1 ) ( -78.6131 45.1242 15.4599 1 ) ( -78.4759 44.9989 15.4598 1 ) ( -78.3694 44.8557 15.4599 1 ) ( -78.2834 44.6963 15.46 1 ) ( -78.2168 44.5274 15.4598 1 ) ( -78.1691 44.3545 15.4594 1 ) ( -78.1495 44.1689 15.459 1 ) ( -78.1572 44.0117 15.459 1 ) ( -78.1837 43.8354 15.4591 1 ) ( -78.1862 43.815 15.4592 1 ) 
( -78.7498 45.3249 14.845 1 ) ( -78.732 45.3148 14.845 1 ) ( -78.5815 45.2167 14.8449 1 ) ( -78.4548 45.1241 14.8448 1 ) ( -78.3177 44.9988 14.8447 1 ) ( -78.2113 44.8556 14.8448 1 ) ( -78.1255 44.6962 14.8449 1 ) ( -78.0591 44.5272 14.8448 1 ) ( -78.0117 44.3545 14.8447 1 ) ( -77.9923 44.1689 14.8447 1 ) ( -78 44.0117 14.8448 1 ) ( -78.0264 43.8355 14.8451 1 ) ( -78.0289 43.8151 14.8451 1 ) 
( -78.732 45.3249 14.7761 1 ) ( -78.7142 45.3148 14.7761 1 ) ( -78.5638 45.2167 14.776 1 ) ( -78.437 45.1241 14.7759 1 ) ( -78.3 44.9988 14.7758 1 ) ( -78.1936 44.8555 14.7759 1 ) ( -78.1078 44.6961 14.776 1 ) ( -78.0414 44.5272 14.776 1 ) ( -77.994 44.3544 14.7759 1 ) ( -77.9747 44.1689 14.7759 1 ) ( -77.9824 44.0117 14.776 1 ) ( -78.0088 43.8355 14.7763 1 ) ( -78.0113 43.8152 14.7763 1 ) 
