 Knots U 
0 0 0 0 0.0495145 0.0989851 0.148605 0.198643 0.249153 0.300031 0.350898 0.401366 0.451243 0.500619 0.549738 0.598977 0.648409 0.698161 0.748177 0.798326 0.8486 0.898996 0.94948 1 1 1 1 
 Knots V 
0 0 0 0 0.0501632 0.101527 0.151028 0.201303 0.251581 0.301791 0.351933 0.402063 0.45236 0.502251 0.551783 0.601974 0.652047 0.701947 0.751961 0.802005 0.851272 0.90103 0.950803 1 1 1 1 
 Poles & Weights 
( -75.605 45.5124 -10.1026 1 ) ( -75.6784 45.5322 -10.1033 1 ) ( -76.34 45.6754 -10.0496 1 ) ( -76.904 45.8531 -9.97242 1 ) ( -77.5493 46.1384 -9.93155 1 ) ( -78.1379 46.4747 -9.9256 1 ) ( -78.7095 46.8571 -9.95814 1 ) ( -79.2551 47.2657 -10.0312 1 ) ( -79.7808 47.6872 -10.1476 1 ) ( -80.2759 48.1348 -10.2897 1 ) ( -80.7287 48.6238 -10.4402 1 ) ( -81.1308 49.1619 -10.5803 1 ) ( -81.4894 49.739 -10.6926 1 ) ( -81.8087 50.3438 -10.7505 1 ) ( -82.0853 50.9682 -10.8109 1 ) ( -82.3093 51.5946 -10.9746 1 ) ( -82.4651 52.2344 -11.1577 1 ) ( -82.5679 52.8833 -11.3552 1 ) ( -82.6193 53.5276 -11.5616 1 ) ( -82.6085 54.1977 -11.7894 1 ) ( -82.5649 54.7578 -11.9871 1 ) ( -82.4475 55.3833 -12.2224 1 ) ( -82.4322 55.453 -12.2485 1 ) 
( -75.6127 45.5137 -10.1522 1 ) ( -75.6856 45.5337 -10.1527 1 ) ( -76.3425 45.6786 -10.0981 1 ) ( -76.9024 45.8575 -10.0203 1 ) ( -77.543 46.1437 -9.97841 1 ) ( -78.1273 46.4805 -9.97126 1 ) ( -78.6948 46.863 -10.0024 1 ) ( -79.2364 47.2717 -10.0739 1 ) ( -79.7583 47.693 -10.1884 1 ) ( -80.2497 48.1403 -10.3285 1 ) ( -80.699 48.6288 -10.477 1 ) ( -81.0978 49.1661 -10.6151 1 ) ( -81.453 49.7422 -10.7254 1 ) ( -81.7691 50.3458 -10.7819 1 ) ( -82.0427 50.9689 -10.8407 1 ) ( -82.264 51.5941 -11.0022 1 ) ( -82.4178 52.2324 -11.1829 1 ) ( -82.5189 52.8799 -11.3779 1 ) ( -82.5689 53.5228 -11.5818 1 ) ( -82.5572 54.1914 -11.807 1 ) ( -82.5129 54.7502 -12.0023 1 ) ( -82.3953 55.3743 -12.235 1 ) ( -82.38 55.4439 -12.2608 1 ) 
( -75.556 45.7426 -10.3493 1 ) ( -75.6256 45.7627 -10.3498 1 ) ( -76.2537 45.9104 -10.298 1 ) ( -76.789 46.0894 -10.2241 1 ) ( -77.4016 46.3721 -10.1845 1 ) ( -77.9605 46.7024 -10.1781 1 ) ( -78.5036 47.0762 -10.2086 1 ) ( -79.0223 47.4747 -10.2779 1 ) ( -79.5222 47.8852 -10.3886 1 ) ( -79.9926 48.3206 -10.5238 1 ) ( -80.4219 48.7954 -10.667 1 ) ( -80.8018 49.3168 -10.8001 1 ) ( -81.1385 49.8757 -10.9066 1 ) ( -81.4368 50.461 -10.9615 1 ) ( -81.6942 51.065 -11.0186 1 ) ( -81.9023 51.6708 -11.1734 1 ) ( -82.0466 52.2891 -11.3466 1 ) ( -82.1411 52.9161 -11.5334 1 ) ( -82.1871 53.5385 -11.7288 1 ) ( -82.1742 54.186 -11.9443 1 ) ( -82.1305 54.7272 -12.1313 1 ) ( -82.0171 55.3319 -12.354 1 ) ( -82.0023 55.3993 -12.3787 1 ) 
( -75.4655 46.0707 -10.3622 1 ) ( -75.5327 46.0898 -10.3632 1 ) ( -76.138 46.2307 -10.3176 1 ) ( -76.654 46.4015 -10.2504 1 ) ( -77.2447 46.6714 -10.2168 1 ) ( -77.7839 46.9868 -10.2151 1 ) ( -78.3081 47.3438 -10.2488 1 ) ( -78.8091 47.7243 -10.3202 1 ) ( -79.2922 48.1163 -10.4315 1 ) ( -79.7465 48.5321 -10.5665 1 ) ( -80.1608 48.9857 -10.7091 1 ) ( -80.5266 49.4842 -10.8419 1 ) ( -80.8494 50.019 -10.9489 1 ) ( -81.1344 50.5792 -11.0065 1 ) ( -81.3799 51.1574 -11.066 1 ) ( -81.5787 51.7374 -11.219 1 ) ( -81.7169 52.3291 -11.3897 1 ) ( -81.8077 52.9291 -11.5735 1 ) ( -81.8521 53.5248 -11.7654 1 ) ( -81.8402 54.1445 -11.9768 1 ) ( -81.7988 54.6625 -12.1601 1 ) ( -81.6908 55.2413 -12.3781 1 ) ( -81.6768 55.3059 -12.4023 1 ) 
( -75.3999 46.3838 -10.4691 1 ) ( -75.4636 46.4024 -10.47 1 ) ( -76.0373 46.54 -10.4278 1 ) ( -76.5263 46.7053 -10.3653 1 ) ( -77.0863 46.9647 -10.3345 1 ) ( -77.5977 47.2667 -10.3341 1 ) ( -78.0951 47.6078 -10.3675 1 ) ( -78.571 47.9709 -10.4369 1 ) ( -79.0299 48.3447 -10.5443 1 ) ( -79.4611 48.741 -10.6743 1 ) ( -79.8535 49.1732 -10.8115 1 ) ( -80.1986 49.6481 -10.9393 1 ) ( -80.501 50.1576 -11.0424 1 ) ( -80.7665 50.6914 -11.0986 1 ) ( -80.9943 51.2422 -11.1566 1 ) ( -81.1785 51.7947 -11.3027 1 ) ( -81.3063 52.3581 -11.4655 1 ) ( -81.3898 52.9293 -11.6408 1 ) ( -81.4297 53.4963 -11.8237 1 ) ( -81.4164 54.0863 -12.025 1 ) ( -81.3757 54.5795 -12.1994 1 ) ( -81.2721 55.1308 -12.4069 1 ) ( -81.2587 55.1922 -12.4299 1 ) 
( -75.321 46.7038 -10.5444 1 ) ( -75.3815 46.7218 -10.5456 1 ) ( -75.9273 46.8555 -10.5078 1 ) ( -76.3924 47.0149 -10.4507 1 ) ( -76.9253 47.2637 -10.424 1 ) ( -77.4122 47.5525 -10.4261 1 ) ( -77.8861 47.8781 -10.4606 1 ) ( -78.3399 48.2242 -10.5296 1 ) ( -78.7776 48.5804 -10.6349 1 ) ( -79.1886 48.958 -10.7618 1 ) ( -79.562 49.3697 -10.8955 1 ) ( -79.8891 49.822 -11.0201 1 ) ( -80.1738 50.3074 -11.1209 1 ) ( -80.4224 50.8161 -11.1773 1 ) ( -80.6348 51.341 -11.2354 1 ) ( -80.8066 51.8674 -11.3765 1 ) ( -80.9258 52.4039 -11.5336 1 ) ( -81.0035 52.9479 -11.7025 1 ) ( -81.0401 53.4878 -11.8785 1 ) ( -81.0265 54.0496 -12.0721 1 ) ( -80.9871 54.5193 -12.2397 1 ) ( -80.8885 55.0444 -12.4389 1 ) ( -80.8758 55.103 -12.461 1 ) 
( -75.2469 47.0207 -10.6286 1 ) ( -75.3043 47.0381 -10.6299 1 ) ( -75.8208 47.1685 -10.5962 1 ) ( -76.261 47.3225 -10.5441 1 ) ( -76.7656 47.5611 -10.5211 1 ) ( -77.2269 47.8369 -10.5253 1 ) ( -77.6762 48.1473 -10.5603 1 ) ( -78.1069 48.4768 -10.6283 1 ) ( -78.5223 48.8157 -10.7309 1 ) ( -78.9122 49.1747 -10.854 1 ) ( -79.2655 49.566 -10.9835 1 ) ( -79.5737 49.9957 -11.1043 1 ) ( -79.8398 50.4572 -11.2023 1 ) ( -80.0705 50.9408 -11.2584 1 ) ( -80.2667 51.4398 -11.3159 1 ) ( -80.4253 51.94 -11.4514 1 ) ( -80.5353 52.4497 -11.602 1 ) ( -80.6065 52.9662 -11.7638 1 ) ( -80.6394 53.479 -11.9322 1 ) ( -80.625 54.0126 -12.1172 1 ) ( -80.5867 54.4588 -12.2773 1 ) ( -80.4927 54.9577 -12.4674 1 ) ( -80.4806 55.0134 -12.4886 1 ) 
( -75.1718 47.3397 -10.7072 1 ) ( -75.226 47.3565 -10.7086 1 ) ( -75.7135 47.4833 -10.679 1 ) ( -76.129 47.6317 -10.632 1 ) ( -76.6055 47.86 -10.6126 1 ) ( -77.0414 48.1227 -10.6188 1 ) ( -77.4662 48.4177 -10.6544 1 ) ( -77.874 48.7304 -10.7215 1 ) ( -78.2675 49.0518 -10.8215 1 ) ( -78.6363 49.3922 -10.9408 1 ) ( -78.9697 49.7629 -11.0661 1 ) ( -79.2592 50.17 -11.1832 1 ) ( -79.5068 50.6074 -11.2784 1 ) ( -79.7198 51.0658 -11.3342 1 ) ( -79.9 51.5387 -11.3911 1 ) ( -80.0455 52.0127 -11.5211 1 ) ( -80.1463 52.4954 -11.6653 1 ) ( -80.2113 52.9846 -11.82 1 ) ( -80.2405 53.47 -11.9809 1 ) ( -80.2253 53.9753 -12.1575 1 ) ( -80.1881 54.3979 -12.3101 1 ) ( -80.0988 54.8706 -12.4913 1 ) ( -80.0873 54.9233 -12.5114 1 ) 
( -75.0967 47.6585 -10.7878 1 ) ( -75.1476 47.6747 -10.7893 1 ) ( -75.6062 47.7979 -10.7635 1 ) ( -75.997 47.9406 -10.7213 1 ) ( -76.4453 48.1585 -10.7052 1 ) ( -76.8557 48.4081 -10.7132 1 ) ( -77.2561 48.6876 -10.749 1 ) ( -77.6409 48.9833 -10.8149 1 ) ( -78.0123 49.2872 -10.9119 1 ) ( -78.3601 49.6088 -11.0271 1 ) ( -78.6737 49.9589 -11.148 1 ) ( -78.9444 50.3433 -11.261 1 ) ( -79.1735 50.7564 -11.3531 1 ) ( -79.3687 51.1895 -11.4083 1 ) ( -79.5329 51.6363 -11.4644 1 ) ( -79.6654 52.084 -11.5885 1 ) ( -79.757 52.5396 -11.726 1 ) ( -79.8157 53.0011 -11.8734 1 ) ( -79.8412 53.4593 -12.0264 1 ) ( -79.8253 53.9361 -12.1941 1 ) ( -79.7892 54.335 -12.339 1 ) ( -79.7046 54.7813 -12.511 1 ) ( -79.6937 54.8311 -12.5301 1 ) 
( -75.0215 47.9774 -10.8708 1 ) ( -75.0692 47.993 -10.8723 1 ) ( -75.4987 48.1124 -10.85 1 ) ( -75.8647 48.2494 -10.8123 1 ) ( -76.2849 48.4567 -10.7993 1 ) ( -76.6697 48.6931 -10.8088 1 ) ( -77.0457 48.957 -10.8446 1 ) ( -77.4075 49.2358 -10.9088 1 ) ( -77.7568 49.5219 -11.0025 1 ) ( -78.0835 49.8246 -11.1134 1 ) ( -78.3771 50.154 -11.2296 1 ) ( -78.6291 50.5155 -11.3381 1 ) ( -78.8396 50.9043 -11.4268 1 ) ( -79.0172 51.312 -11.4811 1 ) ( -79.1652 51.7325 -11.5361 1 ) ( -79.2846 52.1537 -11.654 1 ) ( -79.3671 52.5821 -11.7844 1 ) ( -79.4195 53.016 -11.9241 1 ) ( -79.4414 53.4466 -12.069 1 ) ( -79.4248 53.8949 -12.2275 1 ) ( -79.3897 54.27 -12.3644 1 ) ( -79.3099 54.6898 -12.5268 1 ) ( -79.2996 54.7366 -12.5448 1 ) 
( -74.9469 48.2936 -10.9513 1 ) ( -74.9914 48.3087 -10.9529 1 ) ( -75.392 48.4251 -10.9342 1 ) ( -75.7333 48.5569 -10.9011 1 ) ( -76.1254 48.7545 -10.8912 1 ) ( -76.4848 48.9784 -10.9023 1 ) ( -76.8363 49.2276 -10.9382 1 ) ( -77.1752 49.4901 -11.0011 1 ) ( -77.5025 49.7594 -11.0916 1 ) ( -77.8082 50.044 -11.1983 1 ) ( -78.0819 50.3535 -11.3099 1 ) ( -78.315 50.693 -11.4142 1 ) ( -78.5071 51.0584 -11.4997 1 ) ( -78.6669 51.4415 -11.5532 1 ) ( -78.7989 51.8366 -11.6073 1 ) ( -78.9052 52.2323 -11.7191 1 ) ( -78.9784 52.6343 -11.8427 1 ) ( -79.0244 53.0414 -11.9749 1 ) ( -79.0425 53.4454 -12.1118 1 ) ( -79.025 53.8662 -12.2615 1 ) ( -78.9909 54.2182 -12.3905 1 ) ( -78.9156 54.6124 -12.5435 1 ) ( -78.906 54.6564 -12.5605 1 ) 
( -74.8719 48.6127 -11.0293 1 ) ( -74.9132 48.6271 -11.0309 1 ) ( -75.2848 48.7397 -11.0155 1 ) ( -75.6014 48.8657 -10.9869 1 ) ( -75.9654 49.0527 -10.9799 1 ) ( -76.2995 49.2632 -10.9923 1 ) ( -76.6266 49.4968 -11.028 1 ) ( -76.9425 49.7422 -11.0892 1 ) ( -77.2478 49.9938 -11.1764 1 ) ( -77.5325 50.2594 -11.2786 1 ) ( -77.7864 50.5481 -11.3853 1 ) ( -78.0008 50.8648 -11.485 1 ) ( -78.1744 51.2057 -11.567 1 ) ( -78.3166 51.5633 -11.6194 1 ) ( -78.4325 51.9322 -11.6722 1 ) ( -78.5258 52.3013 -11.7778 1 ) ( -78.5899 52.6762 -11.8942 1 ) ( -78.6297 53.0555 -12.0186 1 ) ( -78.6441 53.432 -12.1473 1 ) ( -78.6259 53.8241 -12.2876 1 ) ( -78.593 54.1523 -12.4086 1 ) ( -78.5224 54.52 -12.5519 1 ) ( -78.5134 54.561 -12.5678 1 ) 
( -74.7958 48.9361 -11.109 1 ) ( -74.8339 48.9498 -11.1106 1 ) ( -75.1764 49.0574 -11.098 1 ) ( -75.4682 49.1764 -11.0733 1 ) ( -75.804 49.3514 -11.0685 1 ) ( -76.1126 49.5473 -11.0817 1 ) ( -76.4153 49.7638 -11.1166 1 ) ( -76.7082 49.9908 -11.1755 1 ) ( -76.9916 50.2232 -11.2586 1 ) ( -77.2553 50.4685 -11.3556 1 ) ( -77.4893 50.735 -11.4567 1 ) ( -77.685 51.0272 -11.5513 1 ) ( -77.8403 51.3423 -11.6291 1 ) ( -77.9647 51.6729 -11.6798 1 ) ( -78.0648 52.0139 -11.7307 1 ) ( -78.1451 52.3551 -11.8292 1 ) ( -78.2003 52.7011 -11.9378 1 ) ( -78.2341 53.0512 -12.0537 1 ) ( -78.2451 53.3986 -12.1734 1 ) ( -78.2265 53.7606 -12.3037 1 ) ( -78.1949 54.0636 -12.4159 1 ) ( -78.1294 54.4032 -12.5488 1 ) ( -78.1211 54.4412 -12.5635 1 ) 
( -74.7215 49.2501 -11.1926 1 ) ( -74.7563 49.2633 -11.1942 1 ) ( -75.07 49.3681 -11.1845 1 ) ( -75.3371 49.4823 -11.1638 1 ) ( -75.6449 49.6478 -11.1615 1 ) ( -75.9282 49.8315 -11.1757 1 ) ( -76.2064 50.0335 -11.21 1 ) ( -76.4765 50.2446 -11.2669 1 ) ( -76.7379 50.4604 -11.3462 1 ) ( -76.9806 50.688 -11.4384 1 ) ( -77.1948 50.9348 -11.5344 1 ) ( -77.3717 51.2054 -11.624 1 ) ( -77.5085 51.4974 -11.698 1 ) ( -77.6152 51.8038 -11.7473 1 ) ( -77.6992 52.1197 -11.7966 1 ) ( -77.7664 52.4357 -11.8885 1 ) ( -77.8124 52.7558 -11.9896 1 ) ( -77.8397 53.0795 -12.0974 1 ) ( -77.8469 53.4006 -12.2085 1 ) ( -77.8273 53.7353 -12.3293 1 ) ( -77.7966 54.0156 -12.4332 1 ) ( -77.7356 54.3299 -12.5561 1 ) ( -77.7279 54.365 -12.5697 1 ) 
( -74.6461 49.568 -11.2761 1 ) ( -74.6777 49.5806 -11.2776 1 ) ( -74.9624 49.6819 -11.2705 1 ) ( -75.2048 49.7905 -11.2537 1 ) ( -75.4844 49.9457 -11.2535 1 ) ( -75.7422 50.1163 -11.2683 1 ) ( -75.9959 50.303 -11.3017 1 ) ( -76.243 50.4973 -11.3561 1 ) ( -76.4823 50.6956 -11.4313 1 ) ( -76.704 50.9045 -11.5183 1 ) ( -76.8982 51.1309 -11.6087 1 ) ( -77.0564 51.3788 -11.6931 1 ) ( -77.1746 51.6467 -11.7628 1 ) ( -77.2636 51.9279 -11.8103 1 ) ( -77.3315 52.2178 -11.8576 1 ) ( -77.3857 52.5076 -11.9424 1 ) ( -77.4224 52.8007 -12.0357 1 ) ( -77.4434 53.0969 -12.1349 1 ) ( -77.4469 53.3907 -12.237 1 ) ( -77.4266 53.6972 -12.3478 1 ) ( -77.397 53.9538 -12.443 1 ) ( -77.3407 54.2419 -12.5554 1 ) ( -77.3336 54.2741 -12.5679 1 ) 
( -74.5705 49.8883 -11.3538 1 ) ( -74.599 49.9003 -11.3554 1 ) ( -74.8545 49.9978 -11.3509 1 ) ( -75.0721 50.1005 -11.3379 1 ) ( -75.3236 50.2451 -11.3398 1 ) ( -75.5559 50.4024 -11.3554 1 ) ( -75.7852 50.5734 -11.3879 1 ) ( -76.0093 50.7506 -11.4399 1 ) ( -76.2265 50.9311 -11.5109 1 ) ( -76.427 51.1211 -11.5927 1 ) ( -76.6014 51.3266 -11.6775 1 ) ( -76.7408 51.5516 -11.7566 1 ) ( -76.8405 51.795 -11.8221 1 ) ( -76.9118 52.0507 -11.8678 1 ) ( -76.9636 52.3142 -11.9132 1 ) ( -77.0047 52.5774 -11.991 1 ) ( -77.0323 52.8432 -12.0763 1 ) ( -77.047 53.1117 -12.167 1 ) ( -77.0468 53.3779 -12.2602 1 ) ( -77.0258 53.6557 -12.3609 1 ) ( -76.9973 53.8884 -12.4473 1 ) ( -76.9458 54.1499 -12.5493 1 ) ( -76.9392 54.1792 -12.5607 1 ) 
( -74.495 50.2066 -11.4345 1 ) ( -74.5203 50.218 -11.436 1 ) ( -74.7468 50.312 -11.4339 1 ) ( -74.9397 50.4091 -11.4245 1 ) ( -75.163 50.5434 -11.4282 1 ) ( -75.3699 50.6876 -11.4441 1 ) ( -75.5747 50.8433 -11.4755 1 ) ( -75.7758 51.0036 -11.5248 1 ) ( -75.971 51.1667 -11.5915 1 ) ( -76.1505 51.338 -11.6678 1 ) ( -76.305 51.523 -11.7467 1 ) ( -76.4256 51.7253 -11.8204 1 ) ( -76.5068 51.9447 -11.8813 1 ) ( -76.5604 52.1751 -11.925 1 ) ( -76.5962 52.4126 -11.9682 1 ) ( -76.6242 52.6496 -12.0386 1 ) ( -76.6426 52.8884 -12.1158 1 ) ( -76.651 53.1294 -12.1977 1 ) ( -76.6472 53.3684 -12.2817 1 ) ( -76.6255 53.6179 -12.3721 1 ) ( -76.598 53.827 -12.4496 1 ) ( -76.5512 54.0623 -12.5409 1 ) ( -76.5453 54.0886 -12.5511 1 ) 
( -74.4206 50.5225 -11.513 1 ) ( -74.4426 50.5335 -11.5144 1 ) ( -74.6403 50.6246 -11.5149 1 ) ( -74.8084 50.7168 -11.5091 1 ) ( -75.0037 50.8416 -11.5149 1 ) ( -75.1851 50.9735 -11.5313 1 ) ( -75.3655 51.1146 -11.5617 1 ) ( -75.5437 51.259 -11.6086 1 ) ( -75.7169 51.4054 -11.6711 1 ) ( -75.8753 51.5588 -11.7422 1 ) ( -76.0099 51.7242 -11.8154 1 ) ( -76.1117 51.9048 -11.8838 1 ) ( -76.1744 52.1009 -11.9405 1 ) ( -76.2102 52.3071 -11.9823 1 ) ( -76.2299 52.5195 -12.0234 1 ) ( -76.2447 52.7312 -12.0869 1 ) ( -76.2539 52.9439 -12.1562 1 ) ( -76.2559 53.1584 -12.2295 1 ) ( -76.2482 53.3711 -12.3045 1 ) ( -76.2255 53.5932 -12.3849 1 ) ( -76.199 53.7795 -12.4537 1 ) ( -76.1566 53.9894 -12.5346 1 ) ( -76.1513 54.0129 -12.5436 1 ) 
( -74.3472 50.8461 -11.585 1 ) ( -74.366 50.8562 -11.5863 1 ) ( -74.5347 50.9422 -11.5887 1 ) ( -74.6782 51.0274 -11.5862 1 ) ( -74.8453 51.14 -11.5934 1 ) ( -75.0014 51.2572 -11.6099 1 ) ( -75.1575 51.3812 -11.6387 1 ) ( -75.3128 51.507 -11.6825 1 ) ( -75.464 51.6343 -11.7401 1 ) ( -75.6016 51.7673 -11.8053 1 ) ( -75.7164 51.9103 -11.8723 1 ) ( -75.7995 52.0666 -11.9347 1 ) ( -75.8439 52.2368 -11.9864 1 ) ( -75.8621 52.4159 -12.0258 1 ) ( -75.8659 52.6004 -12.0643 1 ) ( -75.8679 52.7841 -12.1199 1 ) ( -75.8681 52.9681 -12.1806 1 ) ( -75.864 53.1533 -12.2447 1 ) ( -75.8529 53.3368 -12.31 1 ) ( -75.8298 53.5288 -12.3796 1 ) ( -75.8046 53.6899 -12.439 1 ) ( -75.7672 53.8718 -12.5088 1 ) ( -75.7626 53.8921 -12.5166 1 ) 
( -74.2674 51.1722 -11.675 1 ) ( -74.283 51.1818 -11.6762 1 ) ( -74.422 51.264 -11.6801 1 ) ( -74.5401 51.3434 -11.6805 1 ) ( -74.6785 51.4453 -11.6886 1 ) ( -74.8085 51.5489 -11.7045 1 ) ( -74.9396 51.657 -11.7312 1 ) ( -75.0714 51.7654 -11.7714 1 ) ( -75.2001 51.8746 -11.8235 1 ) ( -75.3162 51.9882 -11.8822 1 ) ( -75.4107 52.1101 -11.9421 1 ) ( -75.4747 52.2429 -11.9979 1 ) ( -75.5002 52.3882 -12.0441 1 ) ( -75.5003 52.5413 -12.0804 1 ) ( -75.4877 52.6989 -12.1157 1 ) ( -75.4764 52.8555 -12.1629 1 ) ( -75.4674 53.0115 -12.2143 1 ) ( -75.457 53.1684 -12.2684 1 ) ( -75.4422 53.3238 -12.3232 1 ) ( -75.4185 53.4865 -12.3813 1 ) ( -75.3946 53.6232 -12.4306 1 ) ( -75.3622 53.7779 -12.4885 1 ) ( -75.3582 53.7953 -12.495 1 ) 
( -74.2022 51.4442 -11.7465 1 ) ( -74.215 51.4534 -11.7475 1 ) ( -74.329 51.5332 -11.753 1 ) ( -74.4259 51.6084 -11.756 1 ) ( -74.5401 51.7022 -11.7653 1 ) ( -74.6482 51.7953 -11.781 1 ) ( -74.7581 51.891 -11.8062 1 ) ( -74.8702 51.9856 -11.8436 1 ) ( -74.9799 52.0805 -11.8916 1 ) ( -75.0779 52.1789 -11.9451 1 ) ( -75.1552 52.2838 -11.9995 1 ) ( -75.203 52.398 -12.0501 1 ) ( -75.2125 52.5233 -12.0919 1 ) ( -75.1974 52.6555 -12.1261 1 ) ( -75.1709 52.7915 -12.1589 1 ) ( -75.1483 52.9263 -12.1994 1 ) ( -75.1313 53.06 -12.2433 1 ) ( -75.1154 53.194 -12.2895 1 ) ( -75.0973 53.3267 -12.3359 1 ) ( -75.0729 53.4659 -12.3847 1 ) ( -75.0497 53.583 -12.426 1 ) ( -75.0212 53.7159 -12.4742 1 ) ( -75.0178 53.7308 -12.4796 1 ) 
( -74.1483 51.782 -11.7656 1 ) ( -74.1578 51.7904 -11.7668 1 ) ( -74.2416 51.8653 -11.7766 1 ) ( -74.3127 51.9335 -11.7849 1 ) ( -74.3974 52.0154 -11.798 1 ) ( -74.479 52.094 -11.8161 1 ) ( -74.5633 52.1726 -11.842 1 ) ( -74.6513 52.2489 -11.8787 1 ) ( -74.7378 52.3248 -11.9241 1 ) ( -74.8135 52.4028 -11.974 1 ) ( -74.8698 52.4856 -12.0245 1 ) ( -74.8978 52.5755 -12.0715 1 ) ( -74.8877 52.675 -12.1107 1 ) ( -74.8538 52.7803 -12.1447 1 ) ( -74.8101 52.8886 -12.1773 1 ) ( -74.7734 52.9955 -12.2123 1 ) ( -74.7462 53.1005 -12.25 1 ) ( -74.7231 53.2053 -12.2892 1 ) ( -74.7004 53.3091 -12.3282 1 ) ( -74.6743 53.4183 -12.3686 1 ) ( -74.6514 53.5102 -12.4025 1 ) ( -74.6268 53.6152 -12.4419 1 ) ( -74.6239 53.627 -12.4463 1 ) 
( -74.1416 51.8156 -11.772 1 ) ( -74.1507 51.824 -11.7732 1 ) ( -74.2313 51.8989 -11.7835 1 ) ( -74.2996 51.967 -11.7923 1 ) ( -74.3813 52.0483 -11.8058 1 ) ( -74.46 52.1258 -11.8241 1 ) ( -74.5416 52.2033 -11.85 1 ) ( -74.627 52.2783 -11.8866 1 ) ( -74.7111 52.3527 -11.9318 1 ) ( -74.7845 52.4292 -11.9812 1 ) ( -74.8385 52.5103 -12.0313 1 ) ( -74.8643 52.5983 -12.0779 1 ) ( -74.8521 52.6957 -12.1168 1 ) ( -74.8162 52.7988 -12.1508 1 ) ( -74.7707 52.9048 -12.1832 1 ) ( -74.7325 53.0094 -12.2177 1 ) ( -74.7041 53.112 -12.2547 1 ) ( -74.6801 53.2144 -12.2931 1 ) ( -74.6569 53.3157 -12.3313 1 ) ( -74.6305 53.4224 -12.3709 1 ) ( -74.6077 53.5122 -12.404 1 ) ( -74.5833 53.6149 -12.4424 1 ) ( -74.5805 53.6264 -12.4467 1 ) 
