 Knots U 
0 0 0 0 0.105796 0.21132 0.314729 0.415796 0.51619 0.616595 0.715553 0.811748 0.906196 1 1 1 1 
 Knots V 
0 0 0 0 0.104305 0.206001 0.305795 0.407078 0.510348 0.612457 0.71362 0.811125 0.905014 1 1 1 1 
 Poles & Weights 
( -71.718 52.2146 -9.70534 1 ) ( -71.7065 52.2237 -9.70352 1 ) ( -71.604 52.3066 -9.67002 1 ) ( -71.5213 52.3848 -9.64463 1 ) ( -71.4279 52.483 -9.62346 1 ) ( -71.3472 52.585 -9.62251 1 ) ( -71.277 52.6942 -9.64933 1 ) ( -71.2214 52.8083 -9.69274 1 ) ( -71.1814 52.9262 -9.74006 1 ) ( -71.1591 53.0565 -9.78245 1 ) ( -71.1501 53.1683 -9.81397 1 ) ( -71.1461 53.2969 -9.84831 1 ) ( -71.1461 53.3116 -9.85153 1 ) 
( -71.7098 52.2115 -9.72226 1 ) ( -71.6985 52.2206 -9.72064 1 ) ( -71.5976 52.3026 -9.68925 1 ) ( -71.5163 52.3802 -9.66578 1 ) ( -71.4245 52.4773 -9.64658 1 ) ( -71.3454 52.5784 -9.64724 1 ) ( -71.2767 52.6866 -9.67538 1 ) ( -71.2223 52.7998 -9.71989 1 ) ( -71.1834 52.9167 -9.76823 1 ) ( -71.1621 53.0458 -9.81177 1 ) ( -71.1538 53.1565 -9.84427 1 ) ( -71.1504 53.2837 -9.87972 1 ) ( -71.1504 53.2983 -9.88308 1 ) 
( -71.6348 52.1834 -9.86973 1 ) ( -71.6243 52.1911 -9.86816 1 ) ( -71.5303 52.2613 -9.83965 1 ) ( -71.4541 52.3286 -9.81953 1 ) ( -71.3681 52.4123 -9.80141 1 ) ( -71.2941 52.5001 -9.8004 1 ) ( -71.23 52.5955 -9.82434 1 ) ( -71.179 52.6957 -9.86296 1 ) ( -71.1421 52.7992 -9.90492 1 ) ( -71.1205 52.9126 -9.94214 1 ) ( -71.1107 53.0092 -9.96954 1 ) ( -71.1049 53.1199 -9.99924 1 ) ( -71.1047 53.1326 -10.002 1 ) 
( -71.5672 52.1534 -9.99992 1 ) ( -71.5573 52.1601 -9.99854 1 ) ( -71.4685 52.2213 -9.97403 1 ) ( -71.3962 52.2808 -9.95813 1 ) ( -71.3146 52.3541 -9.94244 1 ) ( -71.2443 52.4316 -9.94132 1 ) ( -71.1835 52.5171 -9.96289 1 ) ( -71.1348 52.6073 -9.99759 1 ) ( -71.0987 52.7004 -10.0352 1 ) ( -71.0759 52.8013 -10.0682 1 ) ( -71.0641 52.8867 -10.0922 1 ) ( -71.0553 52.9842 -10.1181 1 ) ( -71.0546 52.9953 -10.1205 1 ) 
( -71.485 52.1067 -10.1501 1 ) ( -71.4752 52.1123 -10.1484 1 ) ( -71.3867 52.1639 -10.1239 1 ) ( -71.3138 52.2152 -10.1088 1 ) ( -71.231 52.2772 -10.091 1 ) ( -71.1591 52.3436 -10.0849 1 ) ( -71.096 52.4185 -10.0987 1 ) ( -71.0438 52.498 -10.1239 1 ) ( -71.0027 52.5797 -10.1514 1 ) ( -70.9721 52.6671 -10.1743 1 ) ( -70.9524 52.7401 -10.19 1 ) ( -70.9339 52.823 -10.2065 1 ) ( -70.9321 52.8324 -10.2079 1 ) 
( -71.4046 52.0494 -10.2846 1 ) ( -71.3944 52.0543 -10.2825 1 ) ( -71.3027 52.0993 -10.257 1 ) ( -71.2261 52.1449 -10.242 1 ) ( -71.1386 52.1989 -10.2213 1 ) ( -71.0616 52.2573 -10.2095 1 ) ( -70.9929 52.3247 -10.2151 1 ) ( -70.934 52.3965 -10.2304 1 ) ( -70.8847 52.47 -10.2476 1 ) ( -70.8431 52.5471 -10.2598 1 ) ( -70.8129 52.6106 -10.267 1 ) ( -70.7818 52.6821 -10.2737 1 ) ( -70.7785 52.6902 -10.274 1 ) 
( -71.3181 51.9908 -10.4151 1 ) ( -71.3081 51.9952 -10.4134 1 ) ( -71.2173 52.0361 -10.394 1 ) ( -71.1407 52.0783 -10.3852 1 ) ( -71.0529 52.127 -10.3688 1 ) ( -70.9751 52.18 -10.3586 1 ) ( -70.905 52.2425 -10.3632 1 ) ( -70.8436 52.3092 -10.3756 1 ) ( -70.7904 52.3771 -10.3895 1 ) ( -70.7422 52.4467 -10.3988 1 ) ( -70.7054 52.503 -10.4035 1 ) ( -70.6659 52.5659 -10.4077 1 ) ( -70.6616 52.5729 -10.4077 1 ) 
( -71.2158 51.9388 -10.5516 1 ) ( -71.2059 51.9423 -10.5495 1 ) ( -71.1152 51.9755 -10.529 1 ) ( -71.0379 52.0111 -10.5201 1 ) ( -70.9489 52.0505 -10.5006 1 ) ( -70.8694 52.0942 -10.4845 1 ) ( -70.797 52.1481 -10.4807 1 ) ( -70.7321 52.2059 -10.483 1 ) ( -70.674 52.2644 -10.4863 1 ) ( -70.6182 52.3225 -10.4848 1 ) ( -70.5737 52.3682 -10.4807 1 ) ( -70.5249 52.4185 -10.4748 1 ) ( -70.5194 52.4241 -10.4738 1 ) 
( -71.1064 51.8952 -10.6836 1 ) ( -71.0964 51.8978 -10.6807 1 ) ( -71.005 51.9231 -10.6556 1 ) ( -70.9262 51.9519 -10.6435 1 ) ( -70.8351 51.9819 -10.6173 1 ) ( -70.7531 52.0163 -10.5919 1 ) ( -70.6776 52.0614 -10.5763 1 ) ( -70.6086 52.1102 -10.5651 1 ) ( -70.5448 52.1591 -10.5546 1 ) ( -70.4808 52.2057 -10.5388 1 ) ( -70.4282 52.2408 -10.523 1 ) ( -70.3694 52.2786 -10.5038 1 ) ( -70.3627 52.2827 -10.5013 1 ) 
( -71.0025 51.8206 -10.7989 1 ) ( -70.992 51.823 -10.7953 1 ) ( -70.8963 51.846 -10.7661 1 ) ( -70.8129 51.8728 -10.7513 1 ) ( -70.7159 51.8992 -10.7188 1 ) ( -70.6277 51.93 -10.6845 1 ) ( -70.5453 51.9719 -10.6572 1 ) ( -70.4683 52.0173 -10.6326 1 ) ( -70.3951 52.0622 -10.6082 1 ) ( -70.3186 52.1029 -10.5782 1 ) ( -70.2543 52.1322 -10.5507 1 ) ( -70.1814 52.1627 -10.5182 1 ) ( -70.173 52.166 -10.5144 1 ) 
( -70.9349 51.7144 -10.867 1 ) ( -70.9236 51.7175 -10.8631 1 ) ( -70.8201 51.7468 -10.8339 1 ) ( -70.7292 51.7792 -10.8199 1 ) ( -70.6229 51.8111 -10.7857 1 ) ( -70.5252 51.847 -10.7471 1 ) ( -70.4328 51.8946 -10.7132 1 ) ( -70.3448 51.9454 -10.6805 1 ) ( -70.2593 51.995 -10.6476 1 ) ( -70.1677 52.0393 -10.6089 1 ) ( -70.0896 52.0708 -10.5744 1 ) ( -70.0004 52.1034 -10.5339 1 ) ( -69.9901 52.1069 -10.5292 1 ) 
( -70.8934 51.5443 -10.8984 1 ) ( -70.8808 51.5488 -10.8947 1 ) ( -70.765 51.5916 -10.8701 1 ) ( -70.6627 51.6358 -10.861 1 ) ( -70.5424 51.6806 -10.8295 1 ) ( -70.4306 51.7287 -10.791 1 ) ( -70.3235 51.7891 -10.7545 1 ) ( -70.2198 51.8524 -10.7176 1 ) ( -70.1175 51.9136 -10.6799 1 ) ( -70.0055 51.9689 -10.6366 1 ) ( -69.9091 52.0087 -10.5984 1 ) ( -69.7984 52.05 -10.5538 1 ) ( -69.7856 52.0545 -10.5487 1 ) 
( -70.8876 51.5271 -10.9037 1 ) ( -70.8748 51.5317 -10.9 1 ) ( -70.758 51.5754 -10.8756 1 ) ( -70.6546 51.6203 -10.8667 1 ) ( -70.533 51.6658 -10.8353 1 ) ( -70.4199 51.7147 -10.7964 1 ) ( -70.3114 51.7759 -10.7594 1 ) ( -70.2062 51.8399 -10.7216 1 ) ( -70.1021 51.9018 -10.683 1 ) ( -69.9881 51.9576 -10.6389 1 ) ( -69.8899 51.9977 -10.6 1 ) ( -69.777 52.0394 -10.5546 1 ) ( -69.764 52.0439 -10.5494 1 ) 
