 Knots U 
0 0 0 0 0.101981 0.203169 0.300199 0.398832 0.499658 0.601102 0.702009 0.80241 0.901656 1 1 1 1 
 Knots V 
0 0 0 0 0.100732 0.201479 0.302173 0.402558 0.502428 0.601749 0.700759 0.800085 0.900022 1 1 1 1 
 Poles & Weights 
( -75.1643 46.1985 -8.51962 1 ) ( -75.1756 46.1803 -8.53252 1 ) ( -75.2526 46.0547 -8.6397 1 ) ( -75.3174 45.9513 -8.74087 1 ) ( -75.3868 45.8441 -8.88455 1 ) ( -75.4326 45.7817 -9.04717 1 ) ( -75.4654 45.7352 -9.22446 1 ) ( -75.4882 45.6736 -9.39616 1 ) ( -75.5195 45.615 -9.56544 1 ) ( -75.5617 45.5718 -9.74622 1 ) ( -75.5903 45.5427 -9.90089 1 ) ( -75.6023 45.5148 -10.0826 1 ) ( -75.605 45.5124 -10.1026 1 ) 
( -75.1507 46.1961 -8.52021 1 ) ( -75.1619 46.1778 -8.53316 1 ) ( -75.2375 46.0518 -8.64067 1 ) ( -75.3012 45.9478 -8.74198 1 ) ( -75.369 45.8402 -8.88585 1 ) ( -75.4131 45.7775 -9.04845 1 ) ( -75.4448 45.7302 -9.22557 1 ) ( -75.4667 45.6684 -9.39739 1 ) ( -75.4969 45.6095 -9.56674 1 ) ( -75.5381 45.5658 -9.74762 1 ) ( -75.5658 45.5372 -9.90235 1 ) ( -75.5762 45.5092 -10.0836 1 ) ( -75.5788 45.5067 -10.1036 1 ) 
( -75.0306 46.173 -8.52586 1 ) ( -75.0401 46.1543 -8.53926 1 ) ( -75.1036 46.0254 -8.64947 1 ) ( -75.1578 45.9157 -8.75171 1 ) ( -75.2102 45.8057 -8.89701 1 ) ( -75.2403 45.7399 -9.05915 1 ) ( -75.2617 45.6862 -9.23458 1 ) ( -75.2755 45.6229 -9.40708 1 ) ( -75.2961 45.562 -9.57686 1 ) ( -75.3279 45.5147 -9.75832 1 ) ( -75.3478 45.4904 -9.91336 1 ) ( -75.3442 45.4628 -10.0906 1 ) ( -75.3458 45.4588 -10.1104 1 ) 
( -74.9266 46.1443 -8.53254 1 ) ( -74.9347 46.1255 -8.54623 1 ) ( -74.9872 45.9956 -8.65792 1 ) ( -75.0329 45.8823 -8.7602 1 ) ( -75.0716 45.7719 -8.90579 1 ) ( -75.089 45.7051 -9.06661 1 ) ( -75.1011 45.6475 -9.23966 1 ) ( -75.1074 45.5845 -9.41186 1 ) ( -75.1193 45.5233 -9.5811 1 ) ( -75.1425 45.4746 -9.76214 1 ) ( -75.1554 45.4555 -9.91665 1 ) ( -75.1391 45.43 -10.0894 1 ) ( -75.1398 45.4248 -10.109 1 ) 
( -74.8041 46.103 -8.54199 1 ) ( -74.8104 46.0842 -8.55595 1 ) ( -74.8497 45.9546 -8.66887 1 ) ( -74.8852 45.8383 -8.77073 1 ) ( -74.9072 45.7291 -8.91606 1 ) ( -74.9095 45.6625 -9.07477 1 ) ( -74.9103 45.6016 -9.24443 1 ) ( -74.9077 45.5405 -9.41573 1 ) ( -74.9091 45.4805 -9.58377 1 ) ( -74.9219 45.4317 -9.76373 1 ) ( -74.9263 45.4199 -9.91714 1 ) ( -74.8948 45.3983 -10.084 1 ) ( -74.8945 45.3919 -10.1033 1 ) 
( -74.6878 46.0578 -8.55068 1 ) ( -74.6924 46.0392 -8.56482 1 ) ( -74.7189 45.9116 -8.67836 1 ) ( -74.7444 45.794 -8.77931 1 ) ( -74.7504 45.6879 -8.92377 1 ) ( -74.7379 45.6232 -9.07989 1 ) ( -74.7278 45.561 -9.24572 1 ) ( -74.7165 45.5036 -9.41557 1 ) ( -74.7076 45.4466 -9.5819 1 ) ( -74.7104 45.3994 -9.76023 1 ) ( -74.7064 45.3964 -9.91208 1 ) ( -74.6601 45.3803 -10.0727 1 ) ( -74.6588 45.373 -10.0917 1 ) 
( -74.5704 46.0133 -8.55575 1 ) ( -74.5733 45.9952 -8.57006 1 ) ( -74.5868 45.8705 -8.68416 1 ) ( -74.6021 45.7523 -8.78412 1 ) ( -74.5919 45.6503 -8.92763 1 ) ( -74.5644 45.5886 -9.08104 1 ) ( -74.5432 45.526 -9.24294 1 ) ( -74.5229 45.4732 -9.41124 1 ) ( -74.5036 45.4201 -9.57576 1 ) ( -74.4962 45.3756 -9.75237 1 ) ( -74.4836 45.3822 -9.90257 1 ) ( -74.4225 45.3727 -10.0568 1 ) ( -74.4201 45.3645 -10.0754 1 ) 
( -74.4528 45.9757 -8.55391 1 ) ( -74.4539 45.9579 -8.56843 1 ) ( -74.4544 45.8365 -8.68337 1 ) ( -74.4595 45.7181 -8.7826 1 ) ( -74.433 45.6206 -8.92547 1 ) ( -74.3905 45.5623 -9.07647 1 ) ( -74.3582 45.4996 -9.23471 1 ) ( -74.329 45.4517 -9.40177 1 ) ( -74.2993 45.4029 -9.56477 1 ) ( -74.2815 45.3615 -9.73995 1 ) ( -74.2605 45.378 -9.88876 1 ) ( -74.1843 45.3754 -10.0369 1 ) ( -74.1809 45.3664 -10.0552 1 ) 
( -74.3355 45.9502 -8.54275 1 ) ( -74.3349 45.9328 -8.55757 1 ) ( -74.3225 45.8144 -8.67395 1 ) ( -74.3176 45.6955 -8.77302 1 ) ( -74.275 45.6021 -8.91594 1 ) ( -74.2177 45.5467 -9.06519 1 ) ( -74.1745 45.4838 -9.22045 1 ) ( -74.1365 45.4405 -9.38691 1 ) ( -74.0965 45.3956 -9.54905 1 ) ( -74.0686 45.357 -9.72347 1 ) ( -74.0392 45.3831 -9.87146 1 ) ( -73.9483 45.3869 -10.0143 1 ) ( -73.9438 45.3771 -10.0322 1 ) 
( -74.2118 45.944 -8.51659 1 ) ( -74.2094 45.9268 -8.53187 1 ) ( -74.1839 45.8104 -8.65095 1 ) ( -74.1687 45.6901 -8.75089 1 ) ( -74.1095 45.5999 -8.89517 1 ) ( -74.037 45.5466 -9.04381 1 ) ( -73.9825 45.4822 -9.19718 1 ) ( -73.9355 45.4426 -9.36425 1 ) ( -73.885 45.4008 -9.5267 1 ) ( -73.8467 45.3639 -9.70161 1 ) ( -73.8087 45.399 -9.84981 1 ) ( -73.7026 45.4086 -9.98824 1 ) ( -73.6971 45.3978 -10.006 1 ) 
( -74.1076 45.9502 -8.48674 1 ) ( -74.1038 45.9331 -8.50249 1 ) ( -74.0673 45.8178 -8.62451 1 ) ( -74.0435 45.6957 -8.72577 1 ) ( -73.9706 45.6074 -8.87195 1 ) ( -73.8855 45.5551 -9.02076 1 ) ( -73.8217 45.4889 -9.17325 1 ) ( -73.7673 45.4518 -9.34151 1 ) ( -73.7081 45.4118 -9.50492 1 ) ( -73.6613 45.3757 -9.68096 1 ) ( -73.6162 45.4178 -9.82994 1 ) ( -73.4974 45.4316 -9.96541 1 ) ( -73.4911 45.4198 -9.98315 1 ) 
( -73.9887 45.9494 -8.45365 1 ) ( -73.9832 45.9327 -8.46992 1 ) ( -73.9343 45.8203 -8.59516 1 ) ( -73.9008 45.6976 -8.69783 1 ) ( -73.8122 45.6132 -8.84601 1 ) ( -73.7127 45.5638 -8.99491 1 ) ( -73.6383 45.4971 -9.14625 1 ) ( -73.5755 45.4644 -9.31574 1 ) ( -73.5064 45.4283 -9.48011 1 ) ( -73.4499 45.3947 -9.6573 1 ) ( -73.3968 45.4463 -9.80706 1 ) ( -73.2636 45.4664 -9.93901 1 ) ( -73.2563 45.4539 -9.95667 1 ) 
( -73.9752 45.95 -8.44947 1 ) ( -73.9695 45.9333 -8.46582 1 ) ( -73.9192 45.8211 -8.59146 1 ) ( -73.8847 45.6984 -8.69433 1 ) ( -73.7943 45.6144 -8.8428 1 ) ( -73.6932 45.5652 -8.99174 1 ) ( -73.6176 45.4984 -9.143 1 ) ( -73.5539 45.4662 -9.31268 1 ) ( -73.4836 45.4304 -9.4772 1 ) ( -73.4261 45.3971 -9.65458 1 ) ( -73.3721 45.4498 -9.80446 1 ) ( -73.2373 45.4706 -9.93606 1 ) ( -73.2298 45.4579 -9.95372 1 ) 
