 Knots U 
0 0 0 0 0 1 1 1 1 1 
 Knots V 
0 0 0 0 0 1 1 1 1 1 
 Poles & Weights 
( -37.49 42.9025 -6.94554 1 ) ( -39.7804 42.7879 -6.93799 1 ) ( -42.0553 42.9297 -6.94733 1 ) ( -44.3094 42.8432 -6.94164 1 ) ( -46.61 42.776 -6.9372 1 ) 
( -37.3245 42.7264 -5.26313 1 ) ( -39.6525 42.6917 -4.97 1 ) ( -42.0487 42.8312 -5.43029 1 ) ( -44.4357 42.818 -4.97007 1 ) ( -46.7672 42.8056 -5.25739 1 ) 
( -37.9463 42.9067 -3.60741 1 ) ( -39.9201 42.8737 -2.99152 1 ) ( -42.0608 42.923 -3.95945 1 ) ( -44.2078 42.9054 -2.98602 1 ) ( -46.1765 42.8661 -3.6015 1 ) 
( -36.9445 42.8739 -1.82759 1 ) ( -39.3704 42.8798 -0.963162 1 ) ( -42.0341 42.8947 -2.34288 1 ) ( -44.7119 42.9108 -0.969301 1 ) ( -47.1281 42.8879 -1.85393 1 ) 
( -37.8209 42.885 -0.241535 1 ) ( -39.7678 42.9216 0.950747 1 ) ( -42.0526 42.875 -0.933038 1 ) ( -44.3677 42.9154 0.959127 1 ) ( -46.2959 42.8948 -0.249705 1 ) 
