 Knots U 
0 0 0 0 1 1 1 1 
 Knots V 
0 0 0 0 0 0 0 0.479639 0.479639 0.479639 0.479639 1 1 1 1 1 1 1 
 Poles & Weights 
( -37.6 0 1.50613e-07 1 ) ( -40.5667 0 2.09356e-08 1 ) ( -43.5333 0 -1.08741e-07 1 ) ( -46.5 0 -2.38419e-07 1 ) 
( -37.6 0.0848457 -1.6377 1 ) ( -40.5667 0.0847955 -1.63773 1 ) ( -43.5333 0.0847454 -1.63777 1 ) ( -46.5 0.0846952 -1.6378 1 ) 
( -37.6 1.43284 -2.94948 1 ) ( -40.5667 1.43304 -2.94934 1 ) ( -43.5333 1.43323 -2.94921 1 ) ( -46.5 1.43342 -2.94908 1 ) 
( -37.6 -0.742983 -5.39266 1 ) ( -40.5667 -0.743295 -5.39289 1 ) ( -43.5333 -0.743606 -5.39312 1 ) ( -46.5 -0.743918 -5.39336 1 ) 
( -37.6 1.83416 -5.53011 1 ) ( -40.5667 1.83435 -5.52997 1 ) ( -43.5333 1.83453 -5.52983 1 ) ( -46.5 1.83472 -5.5297 1 ) 
( -37.6 3.41036 -7.80287 1 ) ( -40.5667 3.41029 -7.80287 1 ) ( -43.5333 3.41022 -7.80287 1 ) ( -46.5 3.41015 -7.80287 1 ) 
( -37.6 6.92103 -8.29854 1 ) ( -40.5667 6.92114 -8.29847 1 ) ( -43.5333 6.92125 -8.2984 1 ) ( -46.5 6.92137 -8.29834 1 ) 
( -37.6 8.03844 -8.38566 1 ) ( -40.5667 8.03838 -8.38546 1 ) ( -43.5333 8.03831 -8.38525 1 ) ( -46.5 8.03824 -8.38505 1 ) 
( -37.6 10.5786 -7.82479 1 ) ( -40.5667 10.5787 -7.82503 1 ) ( -43.5333 10.5787 -7.82526 1 ) ( -46.5 10.5787 -7.8255 1 ) 
( -37.6 11.9622 -8.00858 1 ) ( -40.5667 11.9622 -8.0085 1 ) ( -43.5333 11.9622 -8.00841 1 ) ( -46.5 11.9622 -8.00833 1 ) 
( -37.6 13.3705 -7.86591 1 ) ( -40.5667 13.3705 -7.86591 1 ) ( -43.5333 13.3705 -7.86591 1 ) ( -46.5 13.3705 -7.86591 1 ) 
