 Knots U 
0 0 0 0 1 1 1 1 
 Knots V 
0 0 0 0 0 0 0 0.48505 0.48505 0.48505 0.48505 1 1 1 1 1 1 1 
 Poles & Weights 
( -46.5 1.14495e-15 -2.38419e-07 1 ) ( -46.5 3.52607 -1.58946e-07 1 ) ( -46.5 7.05214 -7.94729e-08 1 ) ( -46.5 10.5782 0 1 ) 
( -46.5 0.0751671 -1.70547 1 ) ( -46.5 3.54769 -1.26648 1 ) ( -46.5 7.02021 -0.827484 1 ) ( -46.5 10.4927 -0.38849 1 ) 
( -46.5 1.48217 -2.97353 1 ) ( -46.5 4.34666 -2.24804 1 ) ( -46.5 7.21116 -1.52255 1 ) ( -46.5 10.0757 -0.797054 1 ) 
( -46.5 -0.745959 -5.22296 1 ) ( -46.5 3.12196 -3.93183 1 ) ( -46.5 6.98988 -2.6407 1 ) ( -46.5 10.8578 -1.34958 1 ) 
( -46.5 1.69204 -5.44746 1 ) ( -46.5 4.77964 -4.03888 1 ) ( -46.5 7.86724 -2.6303 1 ) ( -46.5 10.9548 -1.22173 1 ) 
( -46.5 3.3944 -7.79439 1 ) ( -46.5 6.13666 -5.53382 1 ) ( -46.5 8.87893 -3.27325 1 ) ( -46.5 11.6212 -1.01268 1 ) 
( -46.5 7.00436 -8.34026 1 ) ( -46.5 8.69662 -5.73979 1 ) ( -46.5 10.3889 -3.13932 1 ) ( -46.5 12.0811 -0.538845 1 ) 
( -46.5 8.19567 -8.32253 1 ) ( -46.5 9.63663 -5.76223 1 ) ( -46.5 11.0776 -3.20193 1 ) ( -46.5 12.5185 -0.641623 1 ) 
( -46.5 10.6764 -7.84541 1 ) ( -46.5 11.357 -5.23622 1 ) ( -46.5 12.0376 -2.62703 1 ) ( -46.5 12.7182 -0.0178471 1 ) 
( -46.5 12.0439 -7.99866 1 ) ( -46.5 12.3996 -5.36068 1 ) ( -46.5 12.7552 -2.7227 1 ) ( -46.5 13.1109 -0.0847147 1 ) 
( -46.5 13.3705 -7.86591 1 ) ( -46.5 13.373 -5.25994 1 ) ( -46.5 13.3756 -2.65397 1 ) ( -46.5 13.3782 -0.0480001 1 ) 
