8
 AR  39.9480019  0.
 C   12.0111504  4.
 H   1.00796998  1.
 O   15.9994001 -2.
 N   14.0066996  0.
 S   32.0600014  4.
 CL  35.4529991 -1.
 HG  200.59 2.
29
 AR          
 1
 AR  1.
 G  298.149994  5000.  1000.
  2.5  0.  0.  0.  0.
 -745.375  4.36647415  2.5  0.  0.
  0.  0. -745.375  4.36647415
 CO          
 2
 C   1.
 O   1.
 G  300.  5000.  1000.
  2.98406959  0.00148913905 -5.78996833E-07  1.03645773E-10 -6.935355E-15
 -14245.2275  6.34791565  3.71009278 -0.00161909638  3.69235931E-06
 -2.03196748E-09  2.39533436E-13 -14356.3096  2.95553517
 CO2         
 2
 C   1.
 O   2.
 G  300.  5000.  1000.
  4.46080399  0.0030981719 -1.23925713E-06  2.27413255E-10 -1.55259547E-14
 -48961.4414 -0.986359835  2.40077972  0.00873509608 -6.60708793E-06
  2.00218619E-09  6.32740388E-16 -48377.5273  9.69514561
 CH4         
 2
 C   1.
 H   4.
 G  300.  5000.  1000.
  2.1737833  0.00899365917 -2.78554671E-06  3.97751165E-10 -1.9976425E-14
 -10216.5664  7.07735634  2.94281483  0.00251537282  7.90858394E-06
 -4.74954831E-09  1.42449095E-13 -10056.8242  4.57145786
 H2          
 1
 H   2.
 G  300.  5000.  1000.
  3.05581236  0.000597404025 -1.67474712E-09 -2.12475437E-11  2.51954863E-15
 -861.684753 -1.7207073  2.94323277  0.00348155084 -7.77138212E-06
  7.49974927E-09 -2.52033789E-12 -976.954102 -1.81861365
 H2O         
 2
 H   2.
 O   1.
 G  300.  5000.  1000.
  2.63406539  0.00311218994 -9.02784507E-07  1.26730543E-10 -6.91647337E-15
 -29876.2578  7.08238745  4.16755629 -0.00181068678  5.94508765E-06
 -4.86708718E-09  1.52841444E-12 -30289.5469 -0.730879962
 N2          
 1
 N   2.
 G  298.149994  5000.  1000.
  2.85363746  0.00160143676 -6.28883356E-07  1.14289321E-10 -7.79538228E-15
 -890.209534  6.3942728  3.70342875 -0.00141794048  2.86250929E-06
 -1.20183741E-09 -1.34755217E-14 -1063.94214  2.23793149
 O2          
 1
 O   2.
 G  300.  5000.  1000.
  3.61221385  0.00074853166 -1.98206465E-07  3.37490071E-11 -2.39073736E-15
 -1197.81506  3.67033076  3.78371358 -0.00302336342  9.94927541E-06
 -9.81891013E-09  3.3031826E-12 -1063.81067  3.64163446
 H2S         
 2
 H   2.
 S   1.
 G  300.  5000.  1000.
  2.74521995  0.00404346082 -1.53845099E-06  2.752025E-10 -1.85920954E-14
 -3419.94434  8.04124355  3.93234754 -0.000502609066  4.59284729E-06
 -3.18072146E-09  6.64975616E-13 -3650.53589  2.30235982
 SO2         
 2
 O   2.
 S   1.
 G  300.  5000.  1000.
  5.24513626  0.00197042036 -8.037577E-07  1.51499688E-10 -1.0558004E-14
 -37558.2266 -1.0873524  3.26653385  0.00532379001  6.84375493E-07
 -5.28100452E-09  2.55904542E-12 -36908.1484  9.65134716
 NO          
 2
 O   1.
 N   1.
 G  298.149994  5000.  1000.
  3.14865422  0.00141518225 -5.757488E-07  1.07385288E-10 -7.39002026E-15
  9961.0625  6.96709347  4.24849319 -0.00486611063  1.16341553E-05
 -9.97684957E-09  3.04839487E-12  9841.80469  2.14348221
 NH3         
 2
 H   3.
 N   1.
 G  298.149994  5000.  1000.
  2.31727052  0.00628319755 -2.12454074E-06  3.40045325E-10 -2.14579568E-14
 -6426.62549  8.2962122  3.79127955 -0.000949531444  1.20796421E-05
 -1.24013333E-08  4.27445752E-12 -6692.83594  1.4179045
 HCN         
 3
 C   1.
 H   1.
 N   1.
 G  300.  5000.  1000.
  3.70681214  0.00333828037 -1.19133199E-06  1.9992917E-10 -1.28264522E-14
  14962.6357  2.07949042  2.4513557  0.00872083753 -1.00942034E-05
  6.72556988E-09 -1.76269589E-12  15213.002  8.08300877
 O           
 1
 O   1.
 G  300.  5000.  1000.
  2.54205966 -2.75506191E-05 -3.10280335E-09  4.55106742E-12 -4.3680515E-16
  29230.8027  4.92030811  2.94642878 -0.00163816649  2.4210317E-06
 -1.60284319E-09  3.89069636E-13  29147.6445  2.96399498
 OH          
 2
 H   1.
 O   1.
 G  300.  5000.  1000.
  2.88273048  0.00101397431 -2.27687707E-07  2.1746837E-11 -5.12630534E-16
  3886.88794  5.59571218  3.63726592  0.000185091048 -1.67616463E-06
  2.38720266E-09 -8.43144185E-13  3606.78174  1.35886049
 CH          
 2
 C   1.
 H   1.
 G  300.  5000.  1000.
  2.26731157  0.0022042999 -6.22501886E-07  6.96899413E-11 -2.12749519E-15
  70838.0391  8.78893566  3.5632751 -0.00020031372 -4.01298138E-07
  1.82269222E-09 -8.67683096E-13  70405.5078  1.76280224
 C(GR)     
 1
 C   1.
 S  300.  5000.  1000.
  1.43240535  0.00175558706 -7.18894228E-07  1.40151085E-10 -1.0069094E-14
 -684.987549 -8.39366913 -0.399420857  0.00502855377  3.35663913E-07
 -4.71662798E-09  2.35101153E-12 -99.1853485  1.48854864
 C2H2        
 2
 C   2.
 H   2.
 G  300.  5000.  1000.
  4.57510853  0.00512383599 -1.74523541E-06  2.86730639E-10 -1.79514267E-14
  25607.4277 -3.57379389  1.41027677  0.0190572757 -2.45013907E-05
  1.63908727E-08 -4.1345447E-12  26188.207  11.3938274
 H           
 1
 H   1.
 G  300.  5000.  1000.
  2.5  0.  0.  0.  0.
  25474.3906 -0.459898412  2.5  0.  0.
  0.  0.  25474.3906 -0.459898412
 N           
 1
 N   1.
 G  300.  5000.  1000.
  2.45026803  0.000106614578 -7.46533715E-08  1.87965199E-11 -1.0259839E-15
  56116.0391  4.44875813  2.50307107 -2.18001805E-05  5.42052909E-08
 -5.64755985E-11  2.09990394E-14  56098.8984  4.16756582
 COS         
 3
 C   1.
 O   1.
 S   1.
 G  300.  5000.  1000.
  5.1919241  0.00250612292 -1.02439628E-06  1.94391406E-10 -1.37079992E-14
 -18462.0996 -2.82575488  2.85853004  0.00951545779 -8.88491468E-06
  4.22099422E-09 -8.55733995E-13 -17851.4395  9.08198929
 HCL         
 2
 H   1.
 CL  1.
 G  300.  5000.  1000.
  2.76658845  0.00143818825 -4.69930001E-07  7.34994079E-11 -4.3731104E-15
 -11917.4678  6.458354  3.52481699  2.99848616E-05 -8.62218883E-07
  2.09797202E-09 -9.8658191E-13 -12150.5088  2.39577127
 H2O(L)      
 2
 H   2.
 O   1.
 L  273.149994  500.  1000.
  28.6308002 -0.202609867  0.000785294804 -1.36530196E-06  9.13269682E-10
 -38579.5391 -118.950462  28.6308002 -0.202609867  0.000785294804
 -1.36530196E-06  9.13269682E-10 -38579.5391 -118.950462
OIL     
2
C  12.
H  22. 
 G   220.0000       5000.0000    1000.0
  0.0000000E+00  0.0000000E+00  0.0000000E+00  0.0000000E+00  0.0000000E+00
  0.0000000E+00  0.0000000E+00   19.04961     -1.6918533E-02  6.3022034E-04
 -1.3336577E-06  9.4335639E-10  -44803.96      -67.69020    
C2H6
2
C 2.
H 6.
 G  200.0  3500.0 1000.0
 1.07188150E+00 2.16852677E-02 -1.00256067E-05 2.21412001E-09 -1.90002890E-13 
 -1.14263932E+04 1.51156107E+01 4.29142492E+00 -5.50154270E-03 5.99438288E-05
 -7.08466285E-08 2.68685771E-11 -1.15222055E+04 2.66682316E+00 
N2O
2
N 2.
O 1.
 G 200.000  6000.000  1000.000
 0.48230729E+01 0.26270251E-02 -0.95850874E-06 0.16000712E-09 -0.97752303E-14 
 0.80734048E+04 -0.22017207E+01 0.22571502E+01 0.11304728E-01 -0.13671319E-04
 0.96819806E-08 -0.29307182E-11 0.87417744E+04 0.10757992E+02
NO2
2
N 1.
O 2.
 G 200.000  6000.000  1000.000
 0.48847542E+01 0.21723956E-02 -0.82806906E-06 0.15747510E-09 -0.10510895E-13
 0.23164983E+04 -0.11741695E+00 0.39440312E+01 -0.15854290E-02 0.16657812E-04
 -0.20475426E-07 0.78350564E-11 0.28966179E+04 0.63119917E+01
HG
1
HG 1.
 G 300.000  5000.000 1000.00
 0.25045713E+01 -0.10042876E-04 0.74827338E-08 -0.22836905E-11 0.24538335E-15
 0.66388916E+04 0.67756441E+01 0.25032515E+01 -0.22565086E-04 0.52967960E-07
 -0.50408449E-10 0.16726892E-13 0.66400456E+04 0.67864615E+01
HGCL2
2
HG 1.
CL 2.
 G 300.00   5000.00  1000.00
 0.07251461E+02 0.03082143E-02 -0.14475549E-06 0.02958294E-09 -0.02201214E-13
 -0.01981231E+06 -0.06061846E+02 0.06249130E+02 0.03221572E-01 -0.02109668E-04
 -0.07713536E-08 0.08526178E-11 -0.01958242E+06 -0.10156133E+01

AR 3.33 136.5 0.
CO 3.59 110. 0.
CO2 3.996 190. 0.
CH4 3.822 137.0 0.0
H2 2.915 38. 0.
H2O 2.641 809.1 1.0
N2 3.681 91.5 0.
O2 3.433 113. 0.
H2S 3.49 343.0 0.21
SO2 4.04 347.0 0.42
NO 3.470 119. 0.
NH3 3.15 358.0 0.7
HCN 3.63 569.1 0.0
O 3.0 56.5 0.
OH 3.1 60.0 0.
CH 3.40 100. 0.
C(GR) 3.822 137. 0.
C2H2 4.221 185. 0.
H 1.80 18.0 0.
N 1.90 45.5 0.
COS 1.90 45.5 0.
HCL 3.339 344.7 1.0
H2O(L) 2.641 809.1 1.0
OIL 4.221 185. 0.
C2H6 4.221 185. 0.
N2O 3.470 119. 0.
NO2 3.470 119. 0.
HG 3.681 91.5 0.
HGCL2 3.681 91.5 0.
