4
Appalachian_med_sulfur
77.74  5.14  5.7  1.5  2.24  0.06  7.62
7.23519  5.05  33.0  54.71481
13260.0
54.14  17.33  0.71  4.55  10.83  2.43  1.5  1.12  7.12  0.27    0.0  0.0
25.0
Appalachian_low_sulfur
76.02  4.9  6.45  1.5  0.68  0.07  10.38
9.795606  5.63  33.63  50.944394
13080.0
46.2  27.7  1.0  17.2  3.4  0.8  0.5  1.5  1.1  0.6  0.0  0.0
25.0
Illinois_#6
70.34  4.83  6.92  1.33  3.74  0.2  12.64
10.9968  13  34.99  41.0132
10900.0
45.84  18.33  1.02  20.36  7.13  1.02  0.61  1.93  3.55  0.21  0.0  0.0
25.0
WPC_Utah
73.5  5.26  6.64  1.33  0.66  0.01  12.6
11.5983  7.95  44  36.4517
11240.0
37.5  18.15  1.3  5.45  27.06  5.57  0.49  0.48  3.05  0.95  0.0  0.0
25.0
