6
 C   12.0111504  4.
 H   1.00796998  1.
 O   15.9994001 -2.
 N   14.0066996  0.
 P   30.9738007  5.
 F   18.9983997 -1.
48
 POFMEGB     
 5
 C   4.
 H   10.
 O   2.
 P   1.
 F   1.
 G  300.  5000.  1386.
  23.1346684  0.0220485739 -7.72455314E-06  1.21871402E-09 -7.150499E-14
 -129400.719 -91.7164154  1.34507012  0.0739965364 -5.62709138E-05
  2.24233911E-08 -3.70563042E-12 -121856.398  25.075737
 CO          
 2
 C   1.
 O   1.
 G  300.  5000.  1000.
  3.02507806  0.00144268898 -5.63082779E-07  1.01858098E-10 -6.91095198E-15
 -14268.3496  6.10821819  3.26245189  0.00151194097 -3.88175522E-06
  5.5819438E-09 -2.47495102E-12 -14310.54  4.84889698
 CO2         
 2
 C   1.
 O   2.
 G  300.  5000.  1000.
  4.45362282  0.00314016896 -1.27841099E-06  2.39399695E-10 -1.66903302E-14
 -48966.9609 -0.955395877  2.27572489  0.00992207229 -1.04091096E-05
  6.86668722E-09 -2.11728009E-12 -48373.1406  10.1884899
 CH2         
 2
 C   1.
 H   2.
 G  250.  4000.  1000.
  3.63640809  0.00193305698 -1.68701604E-07 -1.00989897E-10  1.80825593E-14
  45341.3398  2.1565609  3.76223707  0.00115981896  2.48958486E-07
  8.80083617E-10 -7.3324349E-13  45367.9102  1.71257806
 CH3         
 2
 C   1.
 H   3.
 G  300.  5000.  1000.
  2.84405208  0.00613797409 -2.23034499E-06  3.78516107E-10 -2.45215903E-14
  16437.8105  5.4526968  2.43044305  0.0111240996 -1.68021998E-05
  1.62182907E-08 -5.86495305E-12  16423.7793  6.78979397
 CH4         
 2
 C   1.
 H   4.
 G  300.  5000.  1000.
  1.68347895  0.0102372402 -3.8751291E-06  6.78558487E-10 -4.50342312E-14
 -10080.79  9.62339497  0.778741479  0.0174766798 -2.78340904E-05
  3.04970804E-08 -1.22393103E-11 -9825.22852  13.7221899
 C2H         
 2
 C   2.
 H   1.
 G  300.  4000.  1000.
  3.98636699  0.00314312289 -1.26724296E-06  2.92436297E-10 -2.71631997E-14
  66558.8438  1.19106305  2.73770404  0.00804844592 -9.24430969E-06
  6.525259E-09 -1.93958001E-12  66838.1328  7.30022001
 C2H2        
 2
 C   2.
 H   2.
 G  300.  5000.  1000.
  4.43676996  0.00537603907 -1.91281697E-06  3.28637895E-10 -2.15671004E-14
  25667.6602 -2.80033803  2.01356196  0.0151904495 -1.61631906E-05
  9.07899178E-09 -1.912746E-12  26124.4395  8.80537796
 C2H3        
 2
 C   2.
 H   3.
 G  300.  5000.  1000.
  5.93346786  0.00401774608 -3.96674011E-07 -1.44126697E-10  2.37864402E-14
  31854.3496 -8.53031254  2.45927596  0.00737147592  2.10987309E-06
 -1.32164202E-09 -1.18478404E-12  33352.25  11.5562
 C2H4        
 2
 C   2.
 H   4.
 G  300.  5000.  1000.
  3.52841902  0.0114851799 -4.41838483E-06  7.84460108E-10 -5.26684816E-14
  4428.28906  2.23038912 -0.861487985  0.0279616304 -3.38867685E-05
  2.78515202E-08 -9.73787891E-12  5573.0459  24.2114906
 C2H6        
 2
 C   2.
 H   6.
 G  300.  4000.  1000.
  4.82593822  0.0138404304 -4.55725922E-06  6.72496725E-10 -3.59816106E-14
 -12717.79 -5.2395072  1.46253896  0.0154946698  5.78050685E-06
 -1.25783197E-08  4.58626713E-12 -11239.1797  14.4322901
 C3H2        
 2
 C   3.
 H   2.
 G  150.  4000.  1000.
  7.67098093  0.00274874899 -4.37094286E-07 -6.45559925E-11  1.66388696E-14
  62597.2188 -12.3689003  3.16671395  0.0248257201 -4.59163712E-05
  4.26801883E-08 -1.48215207E-11  63504.2109  8.8694458
 C3H3        
 2
 C   3.
 H   3.
 G  300.  4000.  1000.
  8.83104706  0.00435719499 -4.10906694E-07 -2.368723E-10  4.37651997E-14
  38474.1992 -21.7791901  4.75419998  0.0110802799  2.79332312E-07
 -5.4792122E-09  1.94962904E-12  39888.8281  0.585454881
 C3H4-A      
 2
 C   3.
 H   4.
 G  300.  4000.  1400.
  9.77625561  0.00530213816 -3.70111792E-07 -3.02638609E-10  5.0895811E-14
  19549.7207 -30.7706108  2.53983092  0.0163343698 -1.76494996E-06
 -4.64736516E-09  1.72913105E-12  22512.4297  9.93570232
 C3H4-P      
 2
 C   3.
 H   4.
 G  300.  4000.  1400.
  9.76810169  0.0052191508 -3.75313988E-07 -2.99219094E-10  5.10787803E-14
  18602.7695 -30.2067795  3.02973008  0.0149896098 -1.39849999E-06
 -3.96961886E-09  1.38821702E-12  21484.0801  8.00459385
 C3H6        
 2
 C   3.
 H   6.
 G  300.  5000.  1000.
  6.73225689  0.0149083361 -4.94989899E-06  7.21202209E-10 -3.76620393E-14
 -923.570312 -13.3133478  1.49330711  0.0209251698  4.48679384E-06
 -1.66891212E-08  7.15814604E-12  1074.82642  16.14534
 C3H8        
 2
 C   3.
 H   8.
 G  300.  5000.  1000.
  7.52521706  0.0188903399 -6.28392399E-06  9.17937282E-10 -4.8124099E-14
 -16464.5508 -17.8439007  0.8969208  0.0266898591  5.43142505E-06
 -2.12600106E-08  9.24333006E-12 -13954.9199  19.3553295
 CH3PO
 4
 C   1.
 H   3.
 O   1.
 P   1.
 G  300.  5000.  1413.
  7.226336  0.00660835346 -2.10239659E-06  3.10434234E-10 -1.73796541E-14
 -20192.4219 -8.93264103  1.68370974  0.022094015 -1.88047816E-05
  8.46805737E-09 -1.52380756E-12 -18545.7617  19.8930931
 F           
 1
 F   1.
 G  300.  5000.  1000.
  2.68745899 -0.0002010358  8.59795719E-08 -1.64497391E-11  1.16616002E-15
  8722.88281  3.88221192  2.91390491 -0.000733633875  5.57101487E-07
 -2.66687089E-10  8.64325498E-14  8651.20117  2.67711496
 FPO
 3
 O   1.
 P   1.
 F   1.
 G  300.  5000.  1393.
  5.80511999  0.00125817617 -4.87672764E-07  8.11290549E-11 -4.7761452E-15
 -61963.6367 -2.76465774  3.36057949  0.00810360815 -7.89919523E-06
  3.7235266E-09 -6.83338856E-13 -61238.9922  9.94395065
 FPO2
 3
 O   2.
 P   1.
 F   1.
 G  300.  5000.  1284.
  9.29534435  0.000604389701 -2.72387553E-07  5.06914163E-11 -3.33410549E-15
 -89111.7109 -19.6173077  9.61234093  6.92534086E-05 -1.57411193E-07
  2.29272559E-10 -7.59850014E-14 -89229.375 -21.3705864
 H           
 1
 H   1.
 G  300.  5000.  1000.
  2.5  0.  0.  0.  0.
  25471.6309 -0.460117608  2.5  0.  0.
  0.  0.  25471.6309 -0.460117608
 HO2
 2
 H   1.
 O   2.
 G  300.  5000.  1390.
  4.105474  0.00238452828 -8.06347998E-07  1.24191726E-10 -7.16400138E-15
  398.127686  3.12515831  3.18310666  0.00366767962 -9.32385149E-07
 -3.25852928E-10  1.51139911E-13  809.18103  8.39371109
 H2          
 1
 H   2.
 G  300.  5000.  1000.
  2.99142289  0.000700064411 -5.63382905E-08 -9.23157818E-12  1.582752E-15
 -835.033997 -1.35511005  3.29812407  0.000824944174 -8.14301472E-07
 -9.47543433E-11  4.13487197E-13 -1012.521 -3.29409409
 H2O         
 2
 H   2.
 O   1.
 G  300.  5000.  1000.
  2.67214608  0.00305629289 -8.73026011E-07  1.20099597E-10 -6.39161787E-15
 -29899.2109  6.86281681  3.38684201  0.00347498199 -6.35469587E-06
  6.96858082E-09 -2.50658804E-12 -30208.1094  2.59023309
 HF          
 2
 H   1.
 F   1.
 G  300.  5000.  1000.
  2.95676708  0.000772101514 -9.89983278E-08 -4.99352079E-12  1.42933104E-15
 -33610.6094  4.01167297  3.4318409  0.000440416596 -8.828452E-07
  6.57451593E-10 -2.05591007E-14 -33819.7695  1.23827004
 HOPO
 3
 H   1.
 O   2.
 P   1.
 G  300.  5000.  1411.
  7.42091227  0.00223271083 -7.82792824E-07  1.23761917E-10 -7.2780442E-15
 -57196.2461 -12.6320839  2.69126463  0.0141786495 -1.21784506E-05
  4.98616126E-09 -7.88756972E-13 -55687.7812  12.3770514
 HOPO2
 3
 H   1.
 O   3.
 P   1.
 G  300.  5000.  1397.
  9.5585947  0.00312412321 -1.12640112E-06  1.81236401E-10 -1.07825185E-14
 -86867.4844 -23.5653992  2.20425916  0.0216738991 -1.88966897E-05
  7.84373277E-09 -1.26315917E-12 -84508.25  15.3504324
 HPO
 3
 H   1.
 O   1.
 P   1.
 G  300.  5000.  1484.
  4.82140493  0.00195364794 -6.98247845E-07  1.11645422E-10 -6.6119142E-15
 -10925.8457 -0.45562917  3.03612828  0.00455085514 -1.02700517E-06
 -7.87725163E-10  3.22116682E-13 -10160.9307  9.6702776
 HPO2
 3
 H   1.
 O   2.
 P   1.
 G  300.  5000.  1383.
  6.65631151  0.00299195736 -1.06801372E-06  1.70637254E-10 -1.01004613E-14
 -51578.6758 -9.11924553  2.40302396  0.0125972731 -9.09491609E-06
  3.10305182E-09 -4.02320511E-13 -50089.7305  13.805974
 N2          
 1
 N   2.
 G  300.  5000.  1000.
  2.92664003  0.00148797699 -5.68476082E-07  1.00970399E-10 -6.75335091E-15
 -922.797729  5.98052788  3.29867697  0.00140823994 -3.96322184E-06
  5.64151481E-09 -2.44485508E-12 -1020.90002  3.95037198
 O           
 1
 O   1.
 G  300.  5000.  1000.
  2.5420599 -2.75506209E-05 -3.1028029E-09  4.55106699E-12 -4.36805203E-16
  29230.8008  4.92030811  2.94642901 -0.00163816602  2.42103192E-06
 -1.60284297E-09  3.89069609E-13  29147.6406  2.96399498
 O2          
 1
 O   2.
 G  300.  5000.  1000.
  3.69757795  0.000613519689 -1.25884199E-07  1.77528096E-11 -1.13643499E-15
 -1233.93005  3.18916607  3.21293592  0.001127486 -5.7561499E-07
  1.31387701E-09 -8.76855392E-13 -1005.24902  6.03473806
 OH
 2
 H   1.
 O   1.
 G  300.  5000.  1357.
  2.62599754  0.00131992402 -3.5972468E-07  4.25630815E-11 -1.82048006E-15
  4120.85352  7.10667324  3.4358623  0.000202235809 -1.13546413E-07
  2.42445147E-10 -7.43651018E-14  3743.2124  2.45014119
 P
 1
 P   1.
 G  300.  5000.  1000.
  2.50176311  0.  0.  0.  0.
  37326.5703  5.36347675  2.50176311  0.  0.
  0.  0.  37326.5703  5.36347675
 PO
 2
 O   1.
 P   1.
 G  300.  5000.  1392.
  3.81364155  0.000677688688 -2.46494892E-07  3.96434101E-11 -2.31582323E-15
 -2800.28931  4.01971626  2.78732753  0.00338661787 -3.03070806E-06
  1.35235789E-09 -2.39451552E-13 -2477.22876  9.41764641
 PO2
 2
 O   2.
 P   1.
 G  300.  5000.  1417.
  5.88792706  0.00103179482 -3.76732601E-07  6.10943587E-11 -3.65379944E-15
 -36169.8047 -3.99920964  3.15414119  0.00775861461 -6.55982012E-06
  2.57292521E-09 -3.83098663E-13 -35283.5352  10.5137682
 PO3
 2
 O   3.
 P   1.
 G  300.  5000.  1385.
  7.50191593  0.00225996412 -8.1229183E-07  1.30371616E-10 -7.74134835E-15
 -54562.4883 -12.5276289  3.6514225  0.01137623 -8.95202265E-06
  3.38650463E-09 -5.00299671E-13 -53257.9609  8.07516766
 P[OH]3
 3
 H   3.
 O   3.
 P   1.
 G  300.  5000.  1400.
  16.4881554  0.00205354183 -8.26481823E-07  1.42275899E-10 -8.85545757E-15
 -100161.109 -53.6914444  3.14297676  0.0410039201 -4.45410769E-05
  2.22434586E-08 -4.21297372E-12 -96368.7734  15.1162586
 PO[OH]3
 3
 H   3.
 O   4.
 P   1.
 G  300.  5000.  1407.
  10.9641285  0.00977867562 -4.54263636E-06  9.11398124E-10 -6.26110898E-14
 -140514.688 -25.2081299  6.20188475  0.0236000028 -1.97858117E-05
  8.43563708E-09 -1.45735453E-12 -139176.047 -0.663553715
 PO[H][OH]2  
 3
 H   3.
 O   3.
 P   1.
 G  300.  5000.  1395.
  9.81976604  0.00770603027 -3.24176381E-06  6.1133526E-10 -4.05437301E-14
 -104984.703 -21.7261906  3.83294559  0.0238787364 -2.01530293E-05
  8.66916938E-09 -1.50318093E-12 -103149.695  9.6094389
 POF[OH]
 4
 H   1.
 O   2.
 P   1.
 F   1.
 G  300.  5000.  1000.
  12.3999996  0.00013  0.  0.  0.
 -87310. -32.7000008  6.28000021  0.00159999996 -1.84999999E-06
  1.99999994E-09  0. -85810. -0.100000001
 POF[OH]2
 4
 H   2.
 O   3.
 P   1.
 F   1.
 G  300.  5000.  1396.
  14.207799  0.00197332539 -7.99122517E-07  1.37973882E-10 -8.59831022E-15
 -147728.5 -45.3010559  3.69548202  0.0313735045 -3.2538308E-05
  1.56725442E-08 -2.88892044E-12 -144613.844  9.3540163
 POF[OH]ME   
 5
 C   1.
 H   4.
 O   2.
 P   1.
 F   1.
 G  300.  5000.  1377.
  15.2230968  0.00576237729 -2.0901075E-06  3.37473965E-10 -2.01219233E-14
 -120229.719 -51.9526939  4.14463139  0.0311113093 -2.34030231E-05
  8.08484746E-09 -1.03343126E-12 -116418.188  7.58732367
 POFH[OH]
 4
 H   2.
 O   2.
 P   1.
 F   1.
 G  300.  5000.  1000.
  13.9499998  0.000410000008  0.  0.  0.
 -111100. -41.5999985  5.75  0.00999999978 -1.39999997E-06
  1.99999994E-09  0. -109100.  2.29999995
 POFHME
 4
 C   1.
 H   4.
 O   1.
 P   1.
 G  300.  5000.  1533.
  15.3737202  0.00451621087 -1.91302456E-06  3.40360851E-10 -2.16594744E-14
 -81729.9453 -56.0329628  4.69355583  0.0149123864  6.27554573E-06
 -1.16622312E-08  3.37155629E-12 -76580.3281  6.47532654
 POFME[OME]  
 4
 C   3.
 H   8.
 O   2.
 P   1.
 G  300.  5000.  1379.
  19.946188  0.0172564443 -6.10472898E-06  9.6943964E-10 -5.71383219E-14
 -123255.586 -75.191452  2.17687964  0.0568000041 -3.96198484E-05
  1.39546046E-08 -2.01479675E-12 -116841.148  21.0204258
OIL     
2
C  12.
H  22. 
 G   220.0000       5000.0000    1000.0
  0.0000000E+00  0.0000000E+00  0.0000000E+00  0.0000000E+00  0.0000000E+00
  0.0000000E+00  0.0000000E+00   19.04961     -1.6918533E-02  6.3022034E-04
 -1.3336577E-06  9.4335639E-10  -44803.96      -67.69020    


 H2O(L)      
 2
 H   2.
 O   1.
 L  273.149994  500.  1000.
  28.6308002 -0.202609867  0.000785294804 -1.36530196E-06  9.13269682E-10
 -38579.5391 -118.950462  28.6308002 -0.202609867  0.000785294804
 -1.36530196E-06  9.13269682E-10 -38579.5391 -118.950462
