6
 C    12.01115       4.000000    
 H    1.007970       1.000000    
 O    15.99940      -2.000000    
 N    14.00670      0.0000000E+00
 P    30.97380       5.000000    
 S    32.06400       4.000000    
44
 VX        
           6
 C    11.00000    
 H    26.00000    
 O    2.000000  
 N    1.000000  
 P    1.000000
 S    1.000000    
 G   300.0000       5000.000       1412.000    
   51.11995      5.4293245E-02 -1.7968374E-05  2.7315079E-09 -1.5626587E-13
  -106436.8      -230.7636      -3.059166      0.1779607     -1.2079568E-04
  3.9108198E-08 -4.6429202E-12  -87837.48       60.39499    
 CO          
           2
 C    1.000000    
 O    1.000000    
 G   300.0000       5000.000       1000.000    
   3.025078      1.4426890E-03 -5.6308278E-07  1.0185810E-10 -6.9109520E-15
  -14268.35       6.108218       3.262452      1.5119410E-03 -3.8817552E-06
  5.5819438E-09 -2.4749510E-12  -14310.54       4.848897    
 CO2         
           2
 C    1.000000    
 O    2.000000    
 G   300.0000       5000.000       1000.000    
   4.453623      3.1401690E-03 -1.2784110E-06  2.3939969E-10 -1.6690330E-14
  -48966.96     -0.9553959       2.275725      9.9220723E-03 -1.0409110E-05
  6.8666872E-09 -2.1172801E-12  -48373.14       10.18849    
 CH2         
           2
 C    1.000000    
 H    2.000000    
 G   250.0000       4000.000       1000.000    
   3.636408      1.9330570E-03 -1.6870160E-07 -1.0098990E-10  1.8082559E-14
   45341.34       2.156561       3.762237      1.1598190E-03  2.4895849E-07
  8.8008362E-10 -7.3324349E-13   45367.91       1.712578    
 CH3         
           2
 C    1.000000    
 H    3.000000    
 G   300.0000       5000.000       1000.000    
   2.844052      6.1379741E-03 -2.2303450E-06  3.7851611E-10 -2.4521590E-14
   16437.81       5.452697       2.430443      1.1124100E-02 -1.6802200E-05
  1.6218291E-08 -5.8649531E-12   16423.78       6.789794    
 CH4         
           2
 C    1.000000    
 H    4.000000    
 G   300.0000       5000.000       1000.000    
   1.683479      1.0237240E-02 -3.8751291E-06  6.7855849E-10 -4.5034231E-14
  -10080.79       9.623395      0.7787415      1.7476680E-02 -2.7834090E-05
  3.0497080E-08 -1.2239310E-11  -9825.229       13.72219    
 C2H         
           2
 C    2.000000    
 H    1.000000    
 G   300.0000       4000.000       1000.000    
   3.986367      3.1431229E-03 -1.2672430E-06  2.9243630E-10 -2.7163200E-14
   66558.84       1.191063       2.737704      8.0484459E-03 -9.2443097E-06
  6.5252590E-09 -1.9395800E-12   66838.13       7.300220    
 C2H2        
           2
 C    2.000000    
 H    2.000000    
 G   300.0000       5000.000       1000.000    
   4.436770      5.3760391E-03 -1.9128170E-06  3.2863789E-10 -2.1567100E-14
   25667.66      -2.800338       2.013562      1.5190450E-02 -1.6163191E-05
  9.0789918E-09 -1.9127460E-12   26124.44       8.805378    
 C2H3        
           2
 C    2.000000    
 H    3.000000    
 G   300.0000       5000.000       1000.000    
   5.933468      4.0177461E-03 -3.9667401E-07 -1.4412670E-10  2.3786440E-14
   31854.35      -8.530313       2.459276      7.3714759E-03  2.1098731E-06
 -1.3216420E-09 -1.1847840E-12   33352.25       11.55620    
 C2H4        
           2
 C    2.000000    
 H    4.000000    
 G   300.0000       5000.000       1000.000    
   3.528419      1.1485180E-02 -4.4183848E-06  7.8446011E-10 -5.2668482E-14
   4428.289       2.230389     -0.8614880      2.7961630E-02 -3.3886769E-05
  2.7851520E-08 -9.7378789E-12   5573.046       24.21149    
 C2H6        
           2
 C    2.000000    
 H    6.000000    
 G   300.0000       4000.000       1000.000    
   4.825938      1.3840430E-02 -4.5572592E-06  6.7249672E-10 -3.5981611E-14
  -12717.79      -5.239507       1.462539      1.5494670E-02  5.7805069E-06
 -1.2578320E-08  4.5862671E-12  -11239.18       14.43229    
 C3H2        
           2
 C    3.000000    
 H    2.000000    
 G   150.0000       4000.000       1000.000    
   7.670981      2.7487490E-03 -4.3709429E-07 -6.4555992E-11  1.6638870E-14
   62597.22      -12.36890       3.166714      2.4825720E-02 -4.5916371E-05
  4.2680188E-08 -1.4821521E-11   63504.21       8.869446    
 C3H3        
           2
 C    3.000000    
 H    3.000000    
 G   300.0000       4000.000       1000.000    
   8.831047      4.3571950E-03 -4.1090669E-07 -2.3687230E-10  4.3765200E-14
   38474.20      -21.77919       4.754200      1.1080280E-02  2.7933231E-07
 -5.4792122E-09  1.9496290E-12   39888.83      0.5854549    
 C3H4-A      
           2
 C    3.000000    
 H    4.000000    
 G   300.0000       4000.000       1400.000    
   9.776256      5.3021382E-03 -3.7011179E-07 -3.0263861E-10  5.0895811E-14
   19549.72      -30.77061       2.539831      1.6334370E-02 -1.7649500E-06
 -4.6473652E-09  1.7291311E-12   22512.43       9.935702    
 C3H4-P      
           2
 C    3.000000    
 H    4.000000    
 G   300.0000       4000.000       1400.000    
   9.768102      5.2191508E-03 -3.7531399E-07 -2.9921909E-10  5.1078780E-14
   18602.77      -30.20678       3.029730      1.4989610E-02 -1.3985000E-06
 -3.9696189E-09  1.3882170E-12   21484.08       8.004594    
 C3H6        
           2
 C    3.000000    
 H    6.000000    
 G   300.0000       5000.000       1000.000    
   6.732257      1.4908336E-02 -4.9498990E-06  7.2120221E-10 -3.7662039E-14
  -923.5703      -13.31335       1.493307      2.0925170E-02  4.4867938E-06
 -1.6689121E-08  7.1581460E-12   1074.826       16.14534    
 C3H8        
           2
 C    3.000000    
 H    8.000000    
 G   300.0000       5000.000       1000.000    
   7.525217      1.8890340E-02 -6.2839240E-06  9.1793728E-10 -4.8124099E-14
  -16464.55      -17.84390      0.8969208      2.6689859E-02  5.4314251E-06
 -2.1260011E-08  9.2433301E-12  -13954.92       19.35533    
 CH3PO      
           4
 C    1.000000    
 H    3.000000    
 O    1.000000    
 P    1.000000    
 G   300.0000       5000.000       1413.000    
   7.226336      6.6083535E-03 -2.1023966E-06  3.1043423E-10 -1.7379654E-14
  -20192.42      -8.932641       1.683710      2.2094015E-02 -1.8804782E-05
  8.4680574E-09 -1.5238076E-12  -18545.76       19.89309    
 H           
           1
 H    1.000000    
 G   300.0000       5000.000       1000.000    
   2.500000      0.0000000E+00  0.0000000E+00  0.0000000E+00  0.0000000E+00
   25471.63     -0.4601176       2.500000      0.0000000E+00  0.0000000E+00
  0.0000000E+00  0.0000000E+00   25471.63     -0.4601176    
 HO2        
           2
 H    1.000000    
 O    2.000000    
 G   300.0000       5000.000       1390.000    
   4.105474      2.3845283E-03 -8.0634800E-07  1.2419173E-10 -7.1640014E-15
   398.1277       3.125158       3.183107      3.6676796E-03 -9.3238515E-07
 -3.2585293E-10  1.5113991E-13   809.1810       8.393711    
 H2          
           1
 H    2.000000    
 G   300.0000       5000.000       1000.000    
   2.991423      7.0006441E-04 -5.6338290E-08 -9.2315782E-12  1.5827520E-15
  -835.0340      -1.355110       3.298124      8.2494417E-04 -8.1430147E-07
 -9.4754343E-11  4.1348720E-13  -1012.521      -3.294094    
 H2O         
           2
 H    2.000000    
 O    1.000000    
 G   300.0000       5000.000       1000.000    
   2.672146      3.0562929E-03 -8.7302601E-07  1.2009960E-10 -6.3916179E-15
  -29899.21       6.862817       3.386842      3.4749820E-03 -6.3546959E-06
  6.9685808E-09 -2.5065880E-12  -30208.11       2.590233    
 HOPO       
           3
 H    1.000000    
 O    2.000000    
 P    1.000000    
 G   300.0000       5000.000       1411.000    
   7.420912      2.2327108E-03 -7.8279282E-07  1.2376192E-10 -7.2780442E-15
  -57196.25      -12.63208       2.691265      1.4178650E-02 -1.2178451E-05
  4.9861613E-09 -7.8875697E-13  -55687.78       12.37705    
 HOPO2      
           3
 H    1.000000    
 O    3.000000    
 P    1.000000    
 G   300.0000       5000.000       1397.000    
   9.558595      3.1241232E-03 -1.1264011E-06  1.8123640E-10 -1.0782519E-14
  -86867.48      -23.56540       2.204259      2.1673899E-02 -1.8896690E-05
  7.8437328E-09 -1.2631592E-12  -84508.25       15.35043    
 HPO        
           3
 H    1.000000    
 O    1.000000    
 P    1.000000    
 G   300.0000       5000.000       1484.000    
   4.821405      1.9536479E-03 -6.9824785E-07  1.1164542E-10 -6.6119142E-15
  -10925.85     -0.4556292       3.036128      4.5508551E-03 -1.0270052E-06
 -7.8772516E-10  3.2211668E-13  -10160.93       9.670278    
 HPO2       
           3
 H    1.000000    
 O    2.000000    
 P    1.000000    
 G   300.0000       5000.000       1383.000    
   6.656312      2.9919574E-03 -1.0680137E-06  1.7063725E-10 -1.0100461E-14
  -51578.68      -9.119246       2.403024      1.2597273E-02 -9.0949161E-06
  3.1030518E-09 -4.0232051E-13  -50089.73       13.80597    
 N2          
           1
 N    2.000000    
 G   300.0000       5000.000       1000.000    
   2.926640      1.4879770E-03 -5.6847608E-07  1.0097040E-10 -6.7533509E-15
  -922.7977       5.980528       3.298677      1.4082399E-03 -3.9632218E-06
  5.6415148E-09 -2.4448551E-12  -1020.900       3.950372    
 O           
           1
 O    1.000000    
 G   300.0000       5000.000       1000.000    
   2.542060     -2.7550621E-05 -3.1028029E-09  4.5510670E-12 -4.3680520E-16
   29230.80       4.920308       2.946429     -1.6381660E-03  2.4210319E-06
 -1.6028430E-09  3.8906961E-13   29147.64       2.963995    
 O2          
           1
 O    2.000000    
 G   300.0000       5000.000       1000.000    
   3.697578      6.1351969E-04 -1.2588420E-07  1.7752810E-11 -1.1364350E-15
  -1233.930       3.189166       3.212936      1.1274860E-03 -5.7561499E-07
  1.3138770E-09 -8.7685539E-13  -1005.249       6.034738    
 OH         
           2
 H    1.000000    
 O    1.000000    
 G   300.0000       5000.000       1357.000    
   2.625998      1.3199240E-03 -3.5972468E-07  4.2563082E-11 -1.8204801E-15
   4120.854       7.106673       3.435862      2.0223581E-04 -1.1354641E-07
  2.4244515E-10 -7.4365102E-14   3743.212       2.450141    
 P          
           1
 P    1.000000    
 G   300.0000       5000.000       1000.000    
   2.501763      0.0000000E+00  0.0000000E+00  0.0000000E+00  0.0000000E+00
   37326.57       5.363477       2.501763      0.0000000E+00  0.0000000E+00
  0.0000000E+00  0.0000000E+00   37326.57       5.363477    
 PO         
           2
 O    1.000000    
 P    1.000000    
 G   300.0000       5000.000       1392.000    
   3.813642      6.7768869E-04 -2.4649489E-07  3.9643410E-11 -2.3158232E-15
  -2800.289       4.019716       2.787328      3.3866179E-03 -3.0307081E-06
  1.3523579E-09 -2.3945155E-13  -2477.229       9.417646    
 PO2        
           2
 O    2.000000    
 P    1.000000    
 G   300.0000       5000.000       1417.000    
   5.887927      1.0317948E-03 -3.7673260E-07  6.1094359E-11 -3.6537994E-15
  -36169.80      -3.999210       3.154141      7.7586146E-03 -6.5598201E-06
  2.5729252E-09 -3.8309866E-13  -35283.54       10.51377    
 PO3        
           2
 O    3.000000    
 P    1.000000    
 G   300.0000       5000.000       1385.000    
   7.501916      2.2599641E-03 -8.1229183E-07  1.3037162E-10 -7.7413484E-15
  -54562.49      -12.52763       3.651423      1.1376230E-02 -8.9520227E-06
  3.3865046E-09 -5.0029967E-13  -53257.96       8.075168    
 P[OH]3     
           3
 H    3.000000    
 O    3.000000    
 P    1.000000    
 G   300.0000       5000.000       1400.000    
   16.48816      2.0535418E-03 -8.2648182E-07  1.4227590E-10 -8.8554576E-15
  -100161.1      -53.69144       3.142977      4.1003920E-02 -4.4541077E-05
  2.2243459E-08 -4.2129737E-12  -96368.77       15.11626    
 PO[OH]3    
           3
 H    3.000000    
 O    4.000000    
 P    1.000000    
 G   300.0000       5000.000       1407.000    
   10.96413      9.7786756E-03 -4.5426364E-06  9.1139812E-10 -6.2611090E-14
  -140514.7      -25.20813       6.201885      2.3600003E-02 -1.9785812E-05
  8.4356371E-09 -1.4573545E-12  -139176.0     -0.6635537    
 PO[H][OH]2  
           3
 H    3.000000    
 O    3.000000    
 P    1.000000    
 G   300.0000       5000.000       1395.000    
   9.819766      7.7060303E-03 -3.2417638E-06  6.1133526E-10 -4.0543730E-14
  -104984.7      -21.72619       3.832946      2.3878736E-02 -2.0153029E-05
  8.6691694E-09 -1.5031809E-12  -103149.7       9.609439    
 H2S         
           2
 H    2.000000    
 S    1.000000    
 G   300.0000       5000.000       1000.000    
   2.883147      3.8278350E-03 -1.4233980E-06  2.4979990E-10 -1.6602730E-14
  -3480.743       7.258162       3.071029      5.5782609E-03 -1.0309670E-05
  1.2019530E-08 -4.8383702E-12  -3559.826       5.935226    
 SO          
           2
 O    1.000000    
 S    1.000000    
 G   300.0000       5000.000       1000.000    
   4.021078      2.5848561E-04  8.9481418E-08 -3.5801449E-11  3.2284301E-15
  -711.9620       3.452523       3.080401      1.8031060E-03  6.7050217E-07
 -2.0690050E-09  8.5146571E-13  -398.6163       8.581028    
 SO2         
           2
 O    2.000000    
 S    1.000000    
 G   300.0000       5000.000       1000.000    
   5.254498      1.9785450E-03 -8.2042260E-07  1.5763831E-10 -1.1204510E-14
  -37568.86      -1.146056       2.911439      8.1030224E-03 -6.9067100E-06
  3.3290160E-09 -8.7771207E-13  -36878.82       11.11740    
 SO3         
           2
 O    3.000000    
 S    1.000000    
 G   300.0000       5000.000       1000.000    
   7.050668      3.2465600E-03 -1.4088970E-06  2.7215349E-10 -1.9423650E-14
  -50206.68      -11.06443       2.575283      1.5150920E-02 -1.2298720E-05
  4.2402570E-09 -5.2668118E-13  -48944.11       12.19512    
H2O(L)      
           2
 H    2.000000    
 O    1.000000    
 L   273.1500       500.0000       1000.000    
   28.63080     -0.2026099      7.8529480E-04 -1.3653020E-06  9.1326968E-10
  -38579.54      -118.9505       28.63080     -0.2026099      7.8529480E-04
 -1.3653020E-06  9.1326968E-10  -38579.54      -118.9505    
 VX(L)     
           6
 C    11.00000    
 H    26.00000    
 O    2.000000  
 N    1.000000  
 P    1.000000
 S    1.000000   
 G   300.0000       700.0000       1000.000    
  -39.14747      0.0000000E+00  0.0000000E+00  0.0000000E+00  0.0000000E+00
  -41482.01       352.7852       2.397332       4.983395     -2.8125100E-02
  5.4229167E-05 -3.4773958E-08  -162072.8      -630.0000    
OIL     
2
C  12.
H  22. 
 G   220.0000       5000.0000    1000.0
  0.0000000E+00  0.0000000E+00  0.0000000E+00  0.0000000E+00  0.0000000E+00
  0.0000000E+00  0.0000000E+00   19.04961     -1.6918533E-02  6.3022034E-04
 -1.3336577E-06  9.4335639E-10  -44803.96      -67.69020    
