6
 C   12.0111504  4.
 H   1.00796998  1.
 O   15.9994001 -2.
 N   14.0066996  0.
 CL  35.4527016 -1.
 S   32.0660019  4.
28
 LCCSCCL     
 4
 C   4.
 H   8.
 CL  2.
 S   1.
 G  300.  5000.  2048.
  19.7807751  0.0203077681 -7.61544516E-06  1.2610234E-09 -7.66046907E-14
 -25848.457 -68.4984283  2.28886008  0.0574495234 -3.47043751E-05
  9.05064201E-09 -7.51198366E-13 -19751.0234  26.2768307
 CH4         
 2
 C   1.
 H   4.
 G  300.  5000.  1000.
  2.1737833  0.00899365917 -2.78554671E-06  3.97751165E-10 -1.9976425E-14
 -10216.5664  7.07735634  2.94281483  0.00251537282  7.90858394E-06
 -4.74954831E-09  1.42449095E-13 -10056.8242  4.57145786
 CO          
 2
 C   1.
 O   1.
 G  300.  5000.  1000.
  2.98406959  0.00148913905 -5.78996833E-07  1.03645773E-10 -6.935355E-15
 -14245.2275  6.34791565  3.71009278 -0.00161909638  3.69235931E-06
 -2.03196748E-09  2.39533436E-13 -14356.3096  2.95553517
 C2H6        
 2
 C   2.
 H   6.
 G  300.  5000.  1000.
  4.70288467  0.0140426354 -4.64693767E-06  6.74737377E-10 -3.50893122E-14
 -12671.9883 -4.54339504  1.53952599  0.015040841  6.68471148E-06
 -1.33829481E-08  4.8561398E-12 -11248.7656  14.1073751
 COS         
 3
 C   1.
 O   1.
 S   1.
 G  300.  5000.  1000.
  5.23920012  0.0024100584 -9.60645252E-07  1.77783469E-10 -1.22357043E-14
 -18480.4551 -3.09105182  2.46253204  0.0119479923 -1.37943698E-05
  8.07077338E-09 -1.83276528E-12 -17803.9863  10.7925558
 CS2         
 2
 C   1.
 S   2.
 G  300.  5000.  1000.
  5.92526102  0.00182529958 -7.55853819E-07  1.46050727E-10 -1.04385952E-14
  12048.0713 -6.07233191  2.83260131  0.0132907908 -1.8144694E-05
  1.28316806E-08 -3.68006103E-12  12766.7822  9.20879459
 CO2         
 2
 C   1.
 O   2.
 G  300.  5000.  1000.
  4.46080399  0.0030981719 -1.23925713E-06  2.27413255E-10 -1.55259547E-14
 -48961.4414 -0.986359835  2.40077972  0.00873509608 -6.60708793E-06
  2.00218619E-09  6.32740388E-16 -48377.5273  9.69514561
 CL          
 1
 CL  1.
 G  300.  5000.  1000.
  2.9537797 -0.000407927117  1.52883416E-07 -2.63843444E-11  1.72065807E-15
  13695.6768  3.06673241  2.0774281  0.00294871698 -4.39197311E-06
  2.44997755E-09 -4.10076839E-13  13871.9277  7.3136344
 CLO         
 2
 O   1.
 CL  1.
 G  300.  5000.  1000.
  4.09126186  0.000500031281 -1.87782064E-07  3.50976713E-11 -2.4205038E-15
  10853.2227  3.60573816  2.81793642  0.00445313333 -4.41248949E-06
  1.59209423E-09 -1.44862421E-14  11171.3975  10.0448284
 CL2         
 1
 CL  2.
 G  300.  5000.  1000.
  4.30778122  0.00031182816 -1.53108076E-07  4.45119115E-11 -4.3057751E-15
 -1345.82507  2.06666851  3.13168859  0.00489978772 -6.94114624E-06
  4.47856419E-09 -1.06218593E-12 -1097.9696  7.78334236
 H           
 1
 H   1.
 G  300.  5000.  1000.
  2.5  0.  0.  0.  0.
  25474.3906 -0.459898412  2.5  0.  0.
  0.  0.  25474.3906 -0.459898412
 HCL         
 2
 H   1.
 CL  1.
 G  300.  5000.  1000.
  2.76658845  0.00143818825 -4.69930001E-07  7.34994079E-11 -4.3731104E-15
 -11917.4678  6.458354  3.52481699  2.99848616E-05 -8.62218883E-07
  2.09797202E-09 -9.8658191E-13 -12150.5088  2.39577127
 HOCL        
 3
 H   1.
 O   1.
 CL  1.
 G  300.  5000.  1000.
  4.2250104  0.00231826748 -8.38423773E-07  1.41763976E-10 -8.74699923E-15
 -10368.6572  3.57692003  2.9320538  0.00693777436 -6.71918451E-06
  3.15688653E-09 -4.69658817E-13 -10086.7988  9.93941021
 H2          
 1
 H   2.
 G  300.  5000.  1000.
  3.05581236  0.000597404025 -1.67474712E-09 -2.12475437E-11  2.51954863E-15
 -861.684753 -1.7207073  2.94323277  0.00348155084 -7.77138212E-06
  7.49974927E-09 -2.52033789E-12 -976.954102 -1.81861365
 H2O         
 2
 H   2.
 O   1.
 G  300.  5000.  1000.
  2.63406539  0.00311218994 -9.02784507E-07  1.26730543E-10 -6.91647337E-15
 -29876.2578  7.08238745  4.16755629 -0.00181068678  5.94508765E-06
 -4.86708718E-09  1.52841444E-12 -30289.5469 -0.730879962
 NO          
 2
 O   1.
 N   1.
 G  298.149994  5000.  1000.
  3.14865422  0.00141518225 -5.757488E-07  1.07385288E-10 -7.39002026E-15
  9961.0625  6.96709347  4.24849319 -0.00486611063  1.16341553E-05
 -9.97684957E-09  3.04839487E-12  9841.80469  2.14348221
 NO2         
 2
 O   2.
 N   1.
 G  298.149994  5000.  1000.
  4.56084681  0.00280678459 -1.23874963E-06  2.63115696E-10 -1.98248146E-14
  2435.9585  1.64668906  3.5118804  0.00165571435  8.23839582E-06
 -1.13818484E-08  4.34803018E-12  2939.08179  8.09488201
 N2          
 1
 N   2.
 G  298.149994  5000.  1000.
  2.85363746  0.00160143676 -6.28883356E-07  1.14289321E-10 -7.79538228E-15
 -890.209534  6.3942728  3.70342875 -0.00141794048  2.86250929E-06
 -1.20183741E-09 -1.34755217E-14 -1063.94214  2.23793149
 O           
 1
 O   1.
 G  300.  5000.  1000.
  2.53429604 -1.247817E-05 -1.25627242E-08  6.902986E-12 -6.37970975E-16
  29231.1074  4.96285915  3.03094006 -0.00225258525  3.98245402E-06
 -3.2604921E-09  1.01520355E-12  29136.5254  2.60993409
 OH          
 2
 H   1.
 O   1.
 G  300.  5000.  1000.
  2.88978148  0.00100058794 -2.20488076E-07  2.01912879E-11 -3.94098305E-16
  3885.7041  5.55664253  3.87372994 -0.00133937725  1.63483514E-06
 -5.21336363E-10  4.18269748E-14  3580.23486  0.342024058
 O2          
 1
 O   2.
 G  300.  5000.  1000.
  3.61221385  0.00074853166 -1.98206465E-07  3.37490071E-11 -2.39073736E-15
 -1197.81506  3.67033076  3.78371358 -0.00302336342  9.94927541E-06
 -9.81891013E-09  3.3031826E-12 -1063.81067  3.64163446
 S           
 1
 S   1.
 G  300.  5000.  1000.
  2.91717839 -0.000571947603  2.88909405E-07 -5.29113385E-11  3.36474733E-15
  32484.3633  3.75038099  2.86955786  0.000636093086 -3.44200748E-06
  4.03325062E-09 -1.5123007E-12  32453.1953  3.75361133
 SO          
 2
 O   1.
 S   1.
 G  300.  5000.  1000.
  4.01428747  0.000270228164  8.28966691E-08 -3.43237418E-11  3.11214431E-15
 -710.519531  3.48638487  3.14902329  0.00118393474  2.5740685E-06
 -4.44434178E-09  1.87351588E-12 -404.075714  8.30652905
 SO2         
 2
 O   2.
 S   1.
 G  300.  5000.  1000.
  5.24513626  0.00197042036 -8.037577E-07  1.51499688E-10 -1.0558004E-14
 -37558.2266 -1.0873524  3.26653385  0.00532379001  6.84375493E-07
 -5.28100452E-09  2.55904542E-12 -36908.1484  9.65134716
 SO3         
 2
 O   3.
 S   1.
 G  300.  5000.  1000.
  7.07573748  0.00317633874 -1.35357595E-06  2.56309113E-10 -1.79360446E-14
 -50211.375 -11.2007933  2.57803845  0.0145563353 -9.17641773E-06
 -7.92030219E-10  1.97094728E-12 -48931.7539  12.2518625
 H2S         
           2
 H    2.000000    
 S    1.000000    
 G   300.0000       5000.000       1000.000    
   2.883147      3.8278350E-03 -1.4233980E-06  2.4979990E-10 -1.6602730E-14
  -3480.743       7.258162       3.071029      5.5782609E-03 -1.0309670E-05
  1.2019530E-08 -4.8383702E-12  -3559.826       5.935226    
 OIL     
 2
 C  12.
 H  22. 
 G   220.0000       5000.0000    1000.0
  0.0000000E+00  0.0000000E+00  0.0000000E+00  0.0000000E+00  0.0000000E+00
  0.0000000E+00  0.0000000E+00   19.04961     -1.6918533E-02  6.3022034E-04
 -1.3336577E-06  9.4335639E-10  -44803.96      -67.69020    
 LCCSCCL(L)     
 4
 C   4.
 H   8.
 CL  2.
 S   1.
 L  300.  550.  550.
 2.83529995E+01 0.00000000E+00 0.00000000E+00 0.00000000E+00 0.00000000E-00 
-2.95814772E+04 -1.38078526E+02 1.46634572E+03 -1.11721572E+01 3.24464413E-02
-4.16488631E-05 1.99000054E-08 -1.80596810E+05 -6.12000000E+03


 H2O(L)      
 2
 H   2.
 O   1.
 L  273.149994  500.  1000.
  28.6308002 -0.202609867  0.000785294804 -1.36530196E-06  9.13269682E-10
 -38579.5391 -118.950462  28.6308002 -0.202609867  0.000785294804
 -1.36530196E-06  9.13269682E-10 -38579.5391 -118.950462
